#&a / °	I1 / %
2.736	0.2
2.733	0.3
2.731	0.2
2.728	0.2
2.725	0.2
2.723	0.2
2.720	0.2
2.717	0.2
2.715	0.2
2.712	0.2
2.709	0.2
2.707	0.2
2.704	0.2
2.701	0.2
2.699	0.2
2.696	0.2
2.693	0.2
2.691	0.2
2.688	0.2
2.685	0.2
2.683	0.2
2.680	0.2
2.677	0.2
2.675	0.2
2.672	0.2
2.669	0.2
2.667	0.2
2.664	0.2
2.661	0.2
2.659	0.2
2.656	0.2
2.653	0.2
2.651	0.2
2.648	0.2
2.645	0.2
2.643	0.2
2.640	0.2
2.637	0.2
2.635	0.2
2.632	0.2
2.629	0.2
2.627	0.2
2.624	0.2
2.621	0.2
2.619	0.2
2.616	0.2
2.613	0.2
2.610	0.2
2.608	0.2
2.605	0.2
2.602	0.2
2.600	0.2
2.597	0.2
2.594	0.2
2.592	0.2
2.589	0.2
2.586	0.2
2.584	0.2
2.581	0.2
2.578	0.2
2.576	0.2
2.573	0.2
2.570	0.2
2.568	0.2
2.565	0.2
2.562	0.2
2.560	0.2
2.557	0.2
2.554	0.2
2.552	0.2
2.549	0.2
2.546	0.2
2.544	0.2
2.541	0.2
2.538	0.2
2.536	0.2
2.533	0.2
2.530	0.2
2.528	0.2
2.525	0.2
2.522	0.2
2.520	0.2
2.517	0.2
2.514	0.2
2.512	0.2
2.509	0.2
2.506	0.2
2.504	0.2
2.501	0.2
2.498	0.2
2.496	0.2
2.493	0.2
2.490	0.2
2.488	0.2
2.485	0.2
2.482	0.2
2.480	0.2
2.477	0.2
2.474	0.2
2.472	0.2
2.469	0.2
2.466	0.2
2.464	0.2
2.461	0.2
2.458	0.2
2.456	0.2
2.453	0.2
2.450	0.2
2.448	0.2
2.445	0.2
2.442	0.2
2.440	0.2
2.437	0.2
2.434	0.2
2.432	0.2
2.429	0.2
2.426	0.2
2.424	0.2
2.421	0.2
2.418	0.2
2.416	0.2
2.413	0.2
2.410	0.2
2.408	0.2
2.405	0.2
2.402	0.2
2.400	0.2
2.397	0.2
2.394	0.2
2.392	0.2
2.389	0.2
2.386	0.2
2.384	0.2
2.381	0.2
2.378	0.2
2.376	0.2
2.373	0.2
2.370	0.2
2.368	0.2
2.365	0.2
2.362	0.2
2.360	0.2
2.357	0.2
2.354	0.2
2.352	0.2
2.349	0.2
2.346	0.2
2.344	0.2
2.341	0.2
2.338	0.2
2.336	0.2
2.333	0.2
2.330	0.2
2.328	0.2
2.325	0.2
2.322	0.2
2.320	0.2
2.317	0.2
2.314	0.2
2.312	0.2
2.309	0.2
2.306	0.2
2.304	0.2
2.301	0.2
2.298	0.2
2.296	0.2
2.293	0.2
2.290	0.2
2.288	0.2
2.285	0.2
2.282	0.2
2.280	0.2
2.277	0.2
2.274	0.2
2.272	0.2
2.269	0.2
2.266	0.2
2.264	0.2
2.261	0.2
2.258	0.2
2.256	0.2
2.253	0.2
2.250	0.2
2.248	0.2
2.245	0.2
2.242	0.2
2.240	0.2
2.237	0.2
2.234	0.2
2.231	0.2
2.229	0.2
2.226	0.2
2.223	0.2
2.221	0.2
2.218	0.2
2.215	0.2
2.213	0.2
2.210	0.2
2.207	0.2
2.205	0.2
2.202	0.2
2.199	0.2
2.197	0.2
2.194	0.2
2.191	0.2
2.189	0.2
2.186	0.2
2.183	0.2
2.181	0.2
2.178	0.2
2.175	0.2
2.173	0.2
2.170	0.2
2.167	0.2
2.165	0.2
2.162	0.2
2.159	0.2
2.157	0.2
2.154	0.2
2.151	0.2
2.149	0.2
2.146	0.2
2.143	0.2
2.141	0.2
2.138	0.2
2.135	0.2
2.133	0.2
2.130	0.2
2.127	0.2
2.125	0.2
2.122	0.2
2.119	0.2
2.117	0.2
2.114	0.2
2.111	0.2
2.109	0.2
2.106	0.2
2.103	0.2
2.101	0.2
2.098	0.2
2.095	0.2
2.093	0.2
2.090	0.2
2.087	0.2
2.085	0.2
2.082	0.2
2.079	0.2
2.077	0.2
2.074	0.2
2.071	0.2
2.069	0.2
2.066	0.2
2.063	0.2
2.061	0.2
2.058	0.2
2.055	0.2
2.053	0.2
2.050	0.2
2.047	0.2
2.045	0.2
2.042	0.2
2.039	0.2
2.037	0.2
2.034	0.2
2.031	0.2
2.029	0.2
2.026	0.2
2.023	0.2
2.021	0.2
2.018	0.2
2.015	0.2
2.013	0.2
2.010	0.2
2.007	0.2
2.005	0.2
2.002	0.2
1.999	0.2
1.997	0.2
1.994	0.2
1.991	0.2
1.989	0.2
1.986	0.2
1.983	0.2
1.980	0.2
1.978	0.2
1.975	0.2
1.972	0.2
1.970	0.2
1.967	0.2
1.964	0.2
1.962	0.2
1.959	0.2
1.956	0.2
1.954	0.2
1.951	0.2
1.948	0.2
1.946	0.2
1.943	0.2
1.940	0.2
1.938	0.2
1.935	0.2
1.932	0.2
1.930	0.2
1.927	0.2
1.924	0.2
1.922	0.2
1.919	0.2
1.916	0.2
1.914	0.2
1.911	0.2
1.908	0.2
1.906	0.2
1.903	0.2
1.900	0.2
1.898	0.2
1.895	0.2
1.892	0.2
1.890	0.2
1.887	0.2
1.884	0.2
1.882	0.2
1.879	0.2
1.876	0.2
1.874	0.2
1.871	0.2
1.868	0.2
1.866	0.2
1.863	0.2
1.860	0.2
1.858	0.2
1.855	0.2
1.852	0.2
1.850	0.2
1.847	0.2
1.844	0.2
1.842	0.2
1.839	0.2
1.836	0.2
1.834	0.2
1.831	0.2
1.828	0.2
1.826	0.2
1.823	0.2
1.820	0.2
1.818	0.2
1.815	0.2
1.812	0.2
1.810	0.2
1.807	0.2
1.804	0.2
1.802	0.2
1.799	0.2
1.796	0.2
1.794	0.2
1.791	0.2
1.788	0.2
1.786	0.2
1.783	0.2
1.780	0.2
1.778	0.2
1.775	0.2
1.772	0.2
1.769	0.2
1.767	0.2
1.764	0.2
1.761	0.2
1.759	0.2
1.756	0.2
1.753	0.2
1.751	0.2
1.748	0.2
1.745	0.2
1.743	0.2
1.740	0.2
1.737	0.2
1.735	0.2
1.732	0.2
1.729	0.2
1.727	0.2
1.724	0.2
1.721	0.2
1.719	0.2
1.716	0.2
1.713	0.2
1.711	0.2
1.708	0.2
1.705	0.2
1.703	0.2
1.700	0.2
1.697	0.2
1.695	0.2
1.692	0.2
1.689	0.2
1.687	0.2
1.684	0.2
1.681	0.2
1.679	0.2
1.676	0.2
1.673	0.2
1.671	0.2
1.668	0.2
1.665	0.2
1.663	0.2
1.660	0.2
1.657	0.2
1.655	0.2
1.652	0.2
1.649	0.2
1.647	0.2
1.644	0.2
1.641	0.2
1.639	0.2
1.636	0.2
1.633	0.2
1.631	0.2
1.628	0.2
1.625	0.2
1.623	0.2
1.620	0.2
1.617	0.2
1.615	0.2
1.612	0.2
1.609	0.2
1.607	0.2
1.604	0.2
1.601	0.2
1.599	0.2
1.596	0.2
1.593	0.2
1.591	0.2
1.588	0.2
1.585	0.2
1.582	0.2
1.580	0.2
1.577	0.2
1.574	0.2
1.572	0.2
1.569	0.2
1.566	0.2
1.564	0.2
1.561	0.2
1.558	0.2
1.556	0.2
1.553	0.2
1.550	0.2
1.548	0.2
1.545	0.2
1.542	0.2
1.540	0.2
1.537	0.2
1.534	0.2
1.532	0.2
1.529	0.2
1.526	0.2
1.524	0.2
1.521	0.2
1.518	0.2
1.516	0.2
1.513	0.2
1.510	0.2
1.508	0.2
1.505	0.3
1.502	0.2
1.500	0.2
1.497	0.2
1.494	0.2
1.492	0.2
1.489	0.2
1.486	0.2
1.484	0.2
1.481	0.2
1.478	0.2
1.476	0.2
1.473	0.2
1.470	0.2
1.468	0.2
1.465	0.2
1.462	0.2
1.460	0.2
1.457	0.2
1.454	0.2
1.452	0.2
1.449	0.2
1.446	0.2
1.444	0.2
1.441	0.2
1.438	0.2
1.436	0.2
1.433	0.2
1.430	0.2
1.428	0.2
1.425	0.2
1.422	0.2
1.419	0.2
1.417	0.2
1.414	0.2
1.411	0.2
1.409	0.2
1.406	0.2
1.403	0.2
1.401	0.2
1.398	0.2
1.395	0.2
1.393	0.2
1.390	0.2
1.387	0.2
1.385	0.2
1.382	0.2
1.379	0.2
1.377	0.2
1.374	0.2
1.371	0.2
1.369	0.2
1.366	0.2
1.363	0.2
1.361	0.2
1.358	0.2
1.355	0.2
1.353	0.2
1.350	0.2
1.347	0.2
1.345	0.2
1.342	0.2
1.339	0.2
1.337	0.2
1.334	0.2
1.331	0.2
1.329	0.2
1.326	0.2
1.323	0.2
1.321	0.2
1.318	0.2
1.315	0.2
1.313	0.2
1.310	0.2
1.307	0.2
1.305	0.2
1.302	0.2
1.299	0.2
1.297	0.2
1.294	0.2
1.291	0.2
1.289	0.2
1.286	0.2
1.283	0.2
1.281	0.2
1.278	0.2
1.275	0.2
1.273	0.2
1.270	0.2
1.267	0.2
1.265	0.2
1.262	0.2
1.259	0.2
1.256	0.2
1.254	0.2
1.251	0.2
1.248	0.2
1.246	0.2
1.243	0.2
1.240	0.2
1.238	0.2
1.235	0.2
1.232	0.2
1.230	0.2
1.227	0.2
1.224	0.2
1.222	0.2
1.219	0.2
1.216	0.2
1.214	0.2
1.211	0.2
1.208	0.2
1.206	0.2
1.203	0.2
1.200	0.2
1.198	0.2
1.195	0.2
1.192	0.2
1.190	0.2
1.187	0.2
1.184	0.2
1.182	0.2
1.179	0.2
1.176	0.2
1.174	0.2
1.171	0.2
1.168	0.2
1.166	0.2
1.163	0.2
1.160	0.2
1.158	0.2
1.155	0.2
1.152	0.2
1.150	0.2
1.147	0.2
1.144	0.2
1.142	0.2
1.139	0.2
1.136	0.2
1.134	0.2
1.131	0.2
1.128	0.2
1.126	0.2
1.123	0.2
1.120	0.2
1.118	0.2
1.115	0.2
1.112	0.2
1.109	0.2
1.107	0.2
1.104	0.2
1.101	0.2
1.099	0.2
1.096	0.2
1.093	0.2
1.091	0.2
1.088	0.2
1.085	0.2
1.083	0.2
1.080	0.2
1.077	0.2
1.075	0.2
1.072	0.2
1.069	0.2
1.067	0.2
1.064	0.2
1.061	0.2
1.059	0.2
1.056	0.2
1.053	0.2
1.051	0.2
1.048	0.2
1.045	0.2
1.043	0.2
1.040	0.2
1.037	0.2
1.035	0.2
1.032	0.2
1.029	0.2
1.027	0.2
1.024	0.2
1.021	0.2
1.019	0.2
1.016	0.2
1.013	0.2
1.011	0.2
1.008	0.2
1.005	0.2
1.003	0.2
1.000	0.2
0.997	0.2
0.995	0.2
0.992	0.2
0.989	0.2
0.987	0.2
0.984	0.2
0.981	0.2
0.979	0.2
0.976	0.2
0.973	0.2
0.970	0.2
0.968	0.2
0.965	0.2
0.962	0.2
0.960	0.2
0.957	0.2
0.954	0.2
0.952	0.2
0.949	0.2
0.946	0.2
0.944	0.2
0.941	0.2
0.938	0.2
0.936	0.2
0.933	0.2
0.930	0.2
0.928	0.2
0.925	0.2
0.922	0.2
0.920	0.2
0.917	0.2
0.914	0.2
0.912	0.2
0.909	0.2
0.906	0.2
0.904	0.2
0.901	0.2
0.898	0.2
0.896	0.2
0.893	0.2
0.890	0.2
0.888	0.2
0.885	0.2
0.882	0.2
0.880	0.2
0.877	0.2
0.874	0.2
0.872	0.2
0.869	0.2
0.866	0.2
0.864	0.2
0.861	0.2
0.858	0.2
0.856	0.2
0.853	0.2
0.850	0.2
0.848	0.2
0.845	0.2
0.842	0.2
0.840	0.2
0.837	0.2
0.834	0.2
0.831	0.2
0.829	0.2
0.826	0.2
0.823	0.2
0.821	0.2
0.818	0.2
0.815	0.2
0.813	0.2
0.810	0.2
0.807	0.2
0.805	0.2
0.802	0.2
0.799	0.2
0.797	0.2
0.794	0.2
0.791	0.2
0.789	0.2
0.786	0.2
0.783	0.2
0.781	0.2
0.778	0.2
0.775	0.2
0.773	0.2
0.770	0.2
0.767	0.2
0.765	0.2
0.762	0.2
0.759	0.2
0.757	0.2
0.754	0.2
0.751	0.2
0.749	0.2
0.746	0.2
0.743	0.2
0.741	0.2
0.738	0.2
0.735	0.2
0.733	0.2
0.730	0.2
0.727	0.2
0.725	0.2
0.722	0.2
0.719	0.2
0.717	0.2
0.714	0.2
0.711	0.2
0.709	0.2
0.706	0.2
0.703	0.2
0.701	0.2
0.698	0.2
0.695	0.2
0.692	0.2
0.690	0.2
0.687	0.2
0.684	0.2
0.682	0.2
0.679	0.2
0.676	0.2
0.674	0.2
0.671	0.2
0.668	0.2
0.666	0.2
0.663	0.2
0.660	0.2
0.658	0.2
0.655	0.2
0.652	0.2
0.650	0.2
0.647	0.2
0.644	0.2
0.642	0.2
0.639	0.2
0.636	0.2
0.634	0.2
0.631	0.2
0.628	0.2
0.626	0.2
0.623	0.2
0.620	0.2
0.618	0.2
0.615	0.2
0.612	0.2
0.610	0.2
0.607	0.2
0.604	0.2
0.602	0.2
0.599	0.2
0.596	0.2
0.594	0.2
0.591	0.2
0.588	0.2
0.586	0.2
0.583	0.2
0.580	0.2
0.578	0.2
0.575	0.2
0.572	0.2
0.570	0.2
0.567	0.2
0.564	0.2
0.561	0.2
0.559	0.2
0.556	0.2
0.553	0.2
0.551	0.2
0.548	0.2
0.545	0.2
0.543	0.2
0.540	0.2
0.537	0.2
0.535	0.2
0.532	0.2
0.529	0.2
0.527	0.2
0.524	0.2
0.521	0.2
0.519	0.2
0.516	0.2
0.513	0.2
0.511	0.2
0.508	0.2
0.505	0.2
0.503	0.2
0.500	0.2
0.497	0.2
0.495	0.2
0.492	0.2
0.489	0.2
0.487	0.2
0.484	0.2
0.481	0.2
0.479	0.2
0.476	0.2
0.473	0.2
0.471	0.2
0.468	0.2
0.465	0.2
0.463	0.2
0.460	0.2
0.457	0.2
0.455	0.2
0.452	0.2
0.449	0.2
0.447	0.2
0.444	0.2
0.441	0.2
0.438	0.2
0.436	0.2
0.433	0.2
0.430	0.2
0.428	0.2
0.425	0.2
0.422	0.2
0.420	0.2
0.417	0.2
0.414	0.2
0.412	0.2
0.409	0.2
0.406	0.2
0.404	0.2
0.401	0.2
0.398	0.2
0.396	0.2
0.393	0.2
0.390	0.2
0.388	0.2
0.385	0.2
0.382	0.2
0.380	0.2
0.377	0.2
0.374	0.2
0.372	0.2
0.369	0.2
0.366	0.2
0.364	0.2
0.361	0.2
0.358	0.2
0.356	0.2
0.353	0.2
0.350	0.2
0.348	0.2
0.345	0.2
0.342	0.2
0.340	0.2
0.337	0.2
0.334	0.2
0.332	0.2
0.329	0.2
0.326	0.2
0.324	0.2
0.321	0.2
0.318	0.2
0.316	0.2
0.313	0.2
0.310	0.2
0.307	0.2
0.305	0.2
0.302	0.2
0.299	0.2
0.297	0.2
0.294	0.2
0.291	0.2
0.289	0.2
0.286	0.2
0.283	0.2
0.281	0.2
0.278	0.2
0.275	0.2
0.273	0.2
0.270	0.2
0.267	0.2
0.265	0.2
0.262	0.2
0.259	0.2
0.257	0.2
0.254	0.2
0.251	0.2
0.249	0.2
0.246	0.2
0.243	0.2
0.241	0.2
0.238	0.2
0.235	0.2
0.233	0.2
0.230	0.2
0.227	0.2
0.225	0.2
0.222	0.2
0.219	0.2
0.217	0.2
0.214	0.2
0.211	0.2
0.209	0.2
0.206	0.2
0.203	0.2
0.201	0.2
0.198	0.2
0.195	0.2
0.193	0.2
0.190	0.2
0.187	0.2
0.184	0.2
0.182	0.2
0.179	0.2
0.176	0.2
0.174	0.2
0.171	0.2
0.168	0.2
0.166	0.2
0.163	0.2
0.160	0.2
0.158	0.2
0.155	0.2
0.152	0.2
0.150	0.2
0.147	0.2
0.144	0.2
0.142	0.2
0.139	0.2
0.136	0.2
0.134	0.2
0.131	0.2
0.128	0.2
0.126	0.2
0.123	0.2
0.120	0.2
0.118	0.2
0.115	0.2
0.112	0.2
0.110	0.2
0.107	0.2
0.104	0.2
0.102	0.2
0.099	0.2
0.096	0.2
0.094	0.2
0.091	0.2
0.088	0.2
0.086	0.2
0.083	0.2
0.080	0.2
0.078	0.2
0.075	0.2
0.072	0.2
0.070	0.2
0.067	0.2
0.064	0.2
0.061	0.2
0.059	0.2
0.056	0.2
0.053	0.2
0.051	0.2
0.048	0.2
0.045	0.2
0.043	0.2
0.040	0.2
0.037	0.2
0.035	0.3
0.032	0.3
0.029	0.5
0.027	0.6
0.024	0.8
0.021	1.0
0.019	1.3
0.016	1.4
0.013	1.8
0.011	1.8
0.008	1.9
0.005	1.8
0.003	1.8
0.000	1.3
-0.003	1.0
-0.005	0.6
-0.008	0.4
-0.011	0.2
-0.013	0.2
-0.016	0.2
-0.019	0.2
-0.021	0.2
-0.024	0.2
-0.027	0.2
-0.029	0.2
-0.032	0.2
-0.035	0.2
-0.037	0.2
-0.040	0.2
-0.043	0.2
-0.045	0.2
-0.048	0.2
-0.051	0.2
-0.053	0.2
-0.056	0.2
-0.059	0.2
-0.061	0.2
-0.064	0.2
-0.067	0.2
-0.070	0.2
-0.072	0.2
-0.075	0.2
-0.078	0.2
-0.080	0.2
-0.083	0.2
-0.086	0.2
-0.088	0.2
-0.091	0.2
-0.094	0.2
-0.096	0.2
-0.099	0.2
-0.102	0.2
-0.104	0.2
-0.107	0.2
-0.110	0.2
-0.112	0.2
-0.115	0.2
-0.118	0.2
-0.120	0.2
-0.123	0.2
-0.126	0.2
-0.128	0.2
-0.131	0.2
-0.134	0.2
-0.136	0.2
-0.139	0.2
-0.142	0.2
-0.144	0.2
-0.147	0.2
-0.150	0.2
-0.152	0.2
-0.155	0.2
-0.158	0.2
-0.160	0.2
-0.163	0.2
-0.166	0.2
-0.168	0.2
-0.171	0.2
-0.174	0.2
-0.176	0.2
-0.179	0.2
-0.182	0.2
-0.184	0.2
-0.187	0.2
-0.190	0.2
-0.193	0.2
-0.195	0.2
-0.198	0.2
-0.201	0.2
-0.203	0.2
-0.206	0.2
-0.209	0.2
-0.211	0.2
-0.214	0.2
-0.217	0.2
-0.219	0.2
-0.222	0.2
-0.225	0.2
-0.227	0.2
-0.230	0.2
-0.233	0.2
-0.235	0.2
-0.238	0.2
-0.241	0.2
-0.243	0.2
-0.246	0.2
-0.249	0.2
-0.251	0.2
-0.254	0.2
-0.257	0.2
-0.259	0.2
-0.262	0.2
-0.265	0.2
-0.267	0.2
-0.270	0.2
-0.273	0.2
-0.275	0.2
-0.278	0.2
-0.281	0.2
-0.283	0.2
-0.286	0.2
-0.289	0.2
-0.291	0.2
-0.294	0.2
-0.297	0.2
-0.299	0.2
-0.302	0.2
-0.305	0.2
-0.307	0.2
-0.310	0.2
-0.313	0.2
-0.316	0.2
-0.318	0.2
-0.321	0.2
-0.324	0.2
-0.326	0.2
-0.329	0.2
-0.332	0.2
-0.334	0.2
-0.337	0.2
-0.340	0.2
-0.342	0.2
-0.345	0.2
-0.348	0.2
-0.350	0.2
-0.353	0.2
-0.356	0.2
-0.358	0.2
-0.361	0.4
-0.364	0.4
-0.366	0.4
-0.369	0.3
-0.372	0.3
-0.374	0.2
-0.377	0.2
-0.380	0.2
-0.382	0.2
-0.385	0.2
-0.388	0.2
-0.390	0.2
-0.393	0.2
-0.396	0.2
-0.398	0.2
-0.401	0.2
-0.404	0.2
-0.406	0.2
-0.409	0.2
-0.412	0.2
-0.414	0.2
-0.417	0.2
-0.420	0.2
-0.422	0.2
-0.425	0.2
-0.428	0.2
-0.430	0.2
-0.433	0.2
-0.436	0.2
-0.438	0.2
-0.441	0.2
-0.444	0.2
-0.447	0.2
-0.449	0.2
-0.452	0.2
-0.455	0.2
-0.457	0.2
-0.460	0.2
-0.463	0.2
-0.465	0.2
-0.468	0.2
-0.471	0.2
-0.473	0.2
-0.476	0.2
-0.479	0.2
-0.481	0.2
-0.484	0.2
-0.487	0.2
-0.489	0.2
-0.492	0.2
-0.495	0.2
-0.497	0.2
-0.500	0.2
-0.503	0.2
-0.505	0.2
-0.508	0.2
-0.511	0.2
-0.513	0.2
-0.516	0.2
-0.519	0.2
-0.521	0.2
-0.524	0.2
-0.527	0.2
-0.529	0.2
-0.532	0.2
-0.535	0.2
-0.537	0.2
-0.540	0.2
-0.543	0.2
-0.545	0.2
-0.548	0.2
-0.551	0.2
-0.553	0.2
-0.556	0.2
-0.559	0.2
-0.561	0.2
-0.564	0.2
-0.567	0.2
-0.570	0.2
-0.572	0.2
-0.575	0.2
-0.578	0.2
-0.580	0.2
-0.583	0.2
-0.586	0.2
-0.588	0.2
-0.591	0.2
-0.594	0.2
-0.596	0.2
-0.599	0.2
-0.602	0.2
-0.604	0.2
-0.607	0.2
-0.610	0.2
-0.612	0.2
-0.615	0.2
-0.618	0.2
-0.620	0.2
-0.623	0.2
-0.626	0.2
-0.628	0.2
-0.631	0.2
-0.634	0.2
-0.636	0.2
-0.639	0.2
-0.642	0.2
-0.644	0.2
-0.647	0.2
-0.650	0.2
-0.652	0.2
-0.655	0.2
-0.658	0.2
-0.660	0.2
-0.663	0.2
-0.666	0.2
-0.668	0.2
-0.671	0.2
-0.674	0.2
-0.676	0.2
-0.679	0.2
-0.682	0.2
-0.684	0.2
-0.687	0.2
-0.690	0.2
-0.692	0.2
-0.695	0.2
-0.698	0.2
-0.701	0.2
-0.703	0.2
-0.706	0.2
-0.709	0.2
-0.711	0.2
-0.714	0.2
-0.717	0.2
-0.719	0.2
-0.722	0.2
-0.725	0.2
-0.727	0.2
-0.730	0.2
-0.733	0.2
-0.735	0.2
-0.738	0.2
-0.741	0.2
-0.743	0.2
-0.746	0.2
-0.749	0.2
-0.751	0.2
-0.754	0.2
-0.757	0.2
-0.759	0.2
-0.762	0.2
-0.765	0.2
-0.767	0.2
-0.770	0.2
-0.773	0.2
-0.775	0.2
-0.778	0.2
-0.781	0.2
-0.783	0.2
-0.786	0.2
-0.789	0.2
-0.791	0.2
-0.794	0.2
-0.797	0.2
-0.799	0.2
-0.802	0.2
-0.805	0.2
-0.807	0.2
-0.810	0.2
-0.813	0.2
-0.815	0.2
-0.818	0.2
-0.821	0.2
-0.823	0.2
-0.826	0.2
-0.829	0.2
-0.831	0.2
-0.834	0.2
-0.837	0.2
-0.840	0.2
-0.842	0.2
-0.845	0.2
-0.848	0.2
-0.850	0.2
-0.853	0.2
-0.856	0.2
-0.858	0.2
-0.861	0.2
-0.864	0.2
-0.866	0.2
-0.869	0.2
-0.872	0.2
-0.874	0.2
-0.877	0.2
-0.880	0.2
-0.882	0.2
-0.885	0.2
-0.888	0.2
-0.890	0.2
-0.893	0.2
-0.896	0.2
-0.898	0.2
-0.901	0.2
-0.904	0.2
-0.906	0.2
-0.909	0.2
-0.912	0.2
-0.914	0.2
-0.917	0.2
-0.920	0.2
-0.922	0.2
-0.925	0.2
-0.928	0.2
-0.930	0.2
-0.933	0.2
-0.936	0.2
-0.938	0.2
-0.941	0.2
-0.944	0.2
-0.946	0.2
-0.949	0.2
-0.952	0.2
-0.954	0.2
-0.957	0.2
-0.960	0.2
-0.962	0.2
-0.965	0.2
-0.968	0.2
-0.970	0.2
-0.973	0.2
-0.976	0.2
-0.979	0.2
-0.981	0.2
-0.984	0.2
-0.987	0.2
-0.989	0.2
-0.992	0.2
-0.995	0.2
-0.997	0.2
-1.000	0.2
-1.003	0.2
-1.005	0.2
-1.008	0.2
-1.011	0.2
-1.013	0.2
-1.016	0.2
-1.019	0.2
-1.021	0.2
-1.024	0.2
-1.027	0.2
-1.029	0.2
-1.032	0.2
-1.035	0.2
-1.037	0.2
-1.040	0.2
-1.043	0.2
-1.045	0.2
-1.048	0.2
-1.051	0.2
-1.053	0.2
-1.056	0.2
-1.059	0.2
-1.061	0.2
-1.064	0.2
-1.067	0.2
-1.069	0.2
-1.072	0.2
-1.075	0.2
-1.077	0.2
-1.080	0.2
-1.083	0.2
-1.085	0.2
-1.088	0.2
-1.091	0.2
-1.093	0.2
-1.096	0.2
-1.099	0.2
-1.101	0.2
-1.104	0.2
-1.107	0.2
-1.109	0.2
-1.112	0.2
-1.115	0.2
-1.118	0.2
-1.120	0.2
-1.123	0.2
-1.126	0.2
-1.128	0.2
-1.131	0.2
-1.134	0.2
-1.136	0.2
-1.139	0.2
-1.142	0.2
-1.144	0.2
-1.147	0.2
-1.150	0.2
-1.152	0.2
-1.155	0.2
-1.158	0.2
-1.160	0.2
-1.163	0.2
-1.166	0.2
-1.168	0.2
-1.171	0.2
-1.174	0.2
-1.176	0.2
-1.179	0.2
-1.182	0.2
-1.184	0.2
-1.187	0.2
-1.190	0.2
-1.192	0.2
-1.195	0.2
-1.198	0.2
-1.200	0.2
-1.203	0.2
-1.206	0.2
-1.208	0.2
-1.211	0.2
-1.214	0.2
-1.216	0.2
-1.219	0.2
-1.222	0.2
-1.224	0.2
-1.227	0.2
-1.230	0.2
-1.232	0.2
-1.235	0.2
-1.238	0.2
-1.240	0.2
-1.243	0.2
-1.246	0.2
-1.248	0.2
-1.251	0.2
-1.254	0.2
-1.256	0.2
-1.259	0.2
-1.262	0.2
-1.265	0.2
-1.267	0.2
-1.270	0.2
-1.273	0.2
-1.275	0.2
-1.278	0.2
-1.281	0.2
-1.283	0.2
-1.286	0.2
-1.289	0.2
-1.291	0.2
-1.294	0.2
-1.297	0.2
-1.299	0.2
-1.302	0.2
-1.305	0.2
-1.307	0.2
-1.310	0.2
-1.313	0.2
-1.315	0.2
-1.318	0.2
-1.321	0.2
-1.323	0.2
-1.326	0.2
-1.329	0.2
-1.331	0.2
-1.334	0.2
-1.337	0.2
-1.339	0.2
-1.342	0.2
-1.345	0.2
-1.347	0.2
-1.350	0.2
-1.353	0.2
-1.355	0.2
-1.358	0.2
-1.361	0.2
-1.363	0.2
-1.366	0.2
-1.369	0.2
-1.371	0.2
-1.374	0.2
-1.377	0.2
-1.379	0.2
-1.382	0.2
-1.385	0.2
-1.387	0.2
-1.390	0.2
-1.393	0.2
-1.395	0.2
-1.398	0.2
-1.401	0.2
-1.403	0.2
-1.406	0.2
-1.409	0.2
-1.411	0.2
-1.414	0.2
-1.417	0.2
-1.419	0.2
-1.422	0.2
-1.425	0.2
-1.428	0.2
-1.430	0.2
-1.433	0.2
-1.436	0.2
-1.438	0.2
-1.441	0.2
-1.444	0.2
-1.446	0.2
-1.449	0.2
-1.452	0.2
-1.454	0.2
-1.457	0.2
-1.460	0.2
-1.462	0.2
-1.465	0.2
-1.468	0.2
-1.470	0.2
-1.473	0.2
-1.476	0.2
-1.478	0.2
-1.481	0.2
-1.484	0.2
-1.486	0.2
-1.489	0.2
-1.492	0.2
-1.494	0.2
-1.497	0.2
-1.500	0.2
-1.502	0.2
-1.505	0.2
-1.508	0.2
-1.510	0.2
-1.513	0.2
-1.516	0.2
-1.518	0.2
-1.521	0.2
-1.524	0.2
-1.526	0.2
-1.529	0.2
-1.532	0.2
-1.534	0.2
-1.537	0.2
-1.540	0.2
-1.542	0.2
-1.545	0.2
-1.548	0.2
-1.550	0.2
-1.553	0.2
-1.556	0.2
-1.558	0.2
-1.561	0.2
-1.564	0.2
-1.566	0.2
-1.569	0.2
-1.572	0.2
-1.574	0.2
-1.577	0.2
-1.580	0.2
-1.582	0.2
-1.585	0.2
-1.588	0.2
-1.591	0.2
-1.593	0.2
-1.596	0.2
-1.599	0.2
-1.601	0.2
-1.604	0.2
-1.607	0.2
-1.609	0.2
-1.612	0.2
-1.615	0.2
-1.617	0.2
-1.620	0.2
-1.623	0.2
-1.625	0.2
-1.628	0.2
-1.631	0.2
-1.633	0.2
-1.636	0.2
-1.639	0.2
-1.641	0.2
-1.644	0.2
-1.647	0.2
-1.649	0.2
-1.652	0.2
-1.655	0.2
-1.657	0.2
-1.660	0.2
-1.663	0.2
-1.665	0.2
-1.668	0.2
-1.671	0.2
-1.673	0.2
-1.676	0.2
-1.679	0.2
-1.681	0.2
-1.684	0.2
-1.687	0.2
-1.689	0.2
-1.692	0.2
-1.695	0.2
-1.697	0.2
-1.700	0.2
-1.703	0.2
-1.705	0.2
-1.708	0.2
-1.711	0.2
-1.713	0.2
-1.716	0.2
-1.719	0.2
-1.721	0.2
-1.724	0.2
-1.727	0.2
-1.729	0.2
-1.732	0.2
-1.735	0.2
-1.737	0.2
-1.740	0.2
-1.743	0.2
-1.745	0.2
-1.748	0.2
-1.751	0.2
-1.753	0.2
-1.756	0.2
-1.759	0.2
-1.761	0.2
-1.764	0.2
-1.767	0.2
-1.769	0.2
-1.772	0.2
-1.775	0.2
-1.778	0.2
-1.780	0.2
-1.783	0.2
-1.786	0.2
-1.788	0.2
-1.791	0.2
-1.794	0.2
-1.796	0.2
-1.799	0.2
-1.802	0.2
-1.804	0.2
-1.807	0.2
-1.810	0.2
-1.812	0.2
-1.815	0.2
-1.818	0.2
-1.820	0.2
-1.823	0.2
-1.826	0.2
-1.828	0.2
-1.831	0.2
-1.834	0.2
-1.836	0.2
-1.839	0.2
-1.842	0.2
-1.844	0.2
-1.847	0.2
-1.850	0.2
-1.852	0.2
-1.855	0.2
-1.858	0.2
-1.860	0.2
-1.863	0.2
-1.866	0.2
-1.868	0.2
-1.871	0.2
-1.874	0.2
-1.876	0.2
-1.879	0.2
-1.882	0.2
-1.884	0.2
-1.887	0.2
-1.890	0.2
-1.892	0.2
-1.895	0.2
-1.898	0.2
-1.900	0.2
-1.903	0.2
-1.906	0.2
-1.908	0.2
-1.911	0.2
-1.914	0.2
-1.916	0.2
-1.919	0.2
-1.922	0.2
-1.924	0.2
-1.927	0.2
-1.930	0.2
-1.932	0.2
-1.935	0.2
-1.938	0.2
-1.940	0.2
-1.943	0.2
-1.946	0.2
-1.948	0.2
-1.951	0.2
-1.954	0.2
-1.956	0.2
-1.959	0.2
-1.962	0.2
-1.964	0.2
-1.967	0.2
-1.970	0.2
-1.972	0.2
-1.975	0.2
-1.978	0.2
-1.980	0.2
-1.983	0.2
-1.986	0.2
-1.989	0.2
-1.991	0.2
-1.994	0.2
-1.997	0.2
-1.999	0.2
-2.002	0.2
-2.005	0.2
-2.007	0.2
-2.010	0.2
-2.013	0.2
-2.015	0.2
-2.018	0.2
-2.021	0.2
-2.023	0.2
-2.026	0.2
-2.029	0.2
-2.031	0.2
-2.034	0.2
-2.037	0.2
-2.039	0.2
-2.042	0.2
-2.045	0.2
-2.047	0.2
-2.050	0.2
-2.053	0.2
-2.055	0.2
-2.058	0.2
-2.061	0.2
-2.063	0.2
-2.066	0.2
-2.069	0.2
-2.071	0.2
-2.074	0.2
-2.077	0.2
-2.079	0.2
-2.082	0.2
-2.085	0.2
-2.087	0.2
-2.090	0.2
-2.093	0.2
-2.095	0.2
-2.098	0.2
-2.101	0.2
-2.103	0.2
-2.106	0.2
-2.109	0.2
-2.111	0.2
-2.114	0.2
-2.117	0.2
-2.119	0.2
-2.122	0.2
-2.125	0.2
-2.127	0.2
-2.130	0.2
-2.133	0.2
-2.135	0.2
-2.138	0.2
-2.141	0.2
-2.143	0.2
-2.146	0.2
-2.149	0.2
-2.151	0.2
-2.154	0.2
-2.157	0.2
-2.159	0.2
-2.162	0.2
-2.165	0.2
-2.167	0.2
-2.170	0.2
-2.173	0.2
-2.175	0.2
-2.178	0.2
-2.181	0.2
-2.183	0.2
-2.186	0.2
-2.189	0.2
-2.191	0.2
-2.194	0.2
-2.197	0.2
-2.199	0.2
-2.202	0.2
-2.205	0.2
-2.207	0.2
-2.210	0.2
-2.213	0.2
-2.215	0.2
-2.218	0.2
-2.221	0.2
-2.223	0.2
-2.226	0.2
-2.229	0.2
-2.231	0.2
-2.234	0.2
-2.237	0.2
-2.240	0.2
-2.242	0.2
-2.245	0.2
-2.248	0.2
-2.250	0.2
-2.253	0.2
-2.256	0.2
-2.258	0.2
-2.261	0.2
-2.264	0.2
-2.266	0.2
-2.269	0.2
-2.272	0.2
-2.274	0.2
-2.277	0.2
-2.280	0.2
-2.282	0.2
-2.285	0.2
-2.288	0.2
-2.290	0.2
-2.293	0.2
-2.296	0.2
-2.298	0.2
-2.301	0.2
-2.304	0.2
-2.306	0.2
-2.309	0.2
-2.312	0.2
-2.314	0.2
-2.317	0.2
-2.320	0.2
-2.322	0.2
-2.325	0.2
-2.328	0.2
-2.330	0.2
-2.333	0.2
-2.336	0.2
-2.338	0.2
-2.341	0.2
-2.344	0.2
-2.346	0.2
-2.349	0.2
-2.352	0.2
-2.354	0.2
-2.357	0.2
-2.360	0.2
-2.362	0.2
-2.365	0.2
-2.368	0.2
-2.370	0.2
-2.373	0.2
-2.376	0.2
-2.378	0.2
-2.381	0.2
-2.384	0.2
-2.386	0.2
-2.389	0.2
-2.392	0.2
-2.394	0.2
-2.397	0.2
-2.400	0.2
-2.402	0.2
-2.405	0.2
-2.408	0.2
-2.410	0.2
-2.413	0.2
-2.416	0.2
-2.418	0.2
-2.421	0.2
-2.424	0.2
-2.426	0.2
-2.429	0.2
-2.432	0.2
-2.434	0.2
-2.437	0.2
-2.440	0.2
-2.442	0.2
-2.445	0.2
-2.448	0.2
-2.450	0.2
-2.453	0.2
-2.456	0.2
-2.458	0.2
-2.461	0.2
-2.464	0.2
-2.466	0.2
-2.469	0.2
-2.472	0.2
-2.474	0.2
-2.477	0.2
-2.480	0.2
-2.482	0.2
-2.485	0.2
-2.488	0.2
-2.490	0.2
-2.493	0.2
-2.496	0.2
-2.498	0.2
-2.501	0.2
-2.504	0.2
-2.506	0.2
-2.509	0.2
-2.512	0.2
-2.514	0.2
-2.517	0.2
-2.520	0.2
-2.522	0.2
-2.525	0.2
-2.528	0.2
-2.530	0.2
-2.533	0.2
-2.536	0.2
-2.538	0.2
-2.541	0.2
-2.544	0.2
-2.546	0.2
-2.549	0.2
-2.552	0.2
-2.554	0.2
-2.557	0.2
-2.560	0.2
-2.562	0.2
-2.565	0.2
-2.568	0.2
-2.570	0.2
-2.573	0.2
-2.576	0.2
-2.578	0.2
-2.581	0.2
-2.584	0.2
-2.586	0.2
-2.589	0.2
-2.592	0.2
-2.594	0.2
-2.597	0.2
-2.600	0.2
-2.602	0.2
-2.605	0.2
-2.608	0.2
-2.610	0.2
-2.613	0.2
-2.616	0.2
-2.619	0.2
-2.621	0.2
-2.624	0.2
-2.627	0.2
-2.629	0.2
-2.632	0.2
-2.635	0.2
-2.637	0.2
-2.640	0.2
-2.643	0.2
-2.645	0.2
-2.648	0.2
-2.651	0.2
-2.653	0.2
-2.656	0.2
-2.659	0.2
-2.661	0.2
-2.664	0.2
-2.667	0.2
-2.669	0.2
-2.672	0.2
-2.675	0.2
-2.677	0.2
-2.680	0.2
-2.683	0.2
-2.685	0.2
-2.688	0.2
-2.691	0.2
-2.693	0.2
-2.696	0.2
-2.699	0.2
-2.701	0.2
-2.704	0.2
-2.707	0.2
-2.709	0.2
-2.712	0.2
-2.715	0.2
-2.717	0.2
-2.720	0.2
-2.723	0.2
-2.725	0.2
-2.728	0.2
-2.731	0.2
-2.733	0.2
