&a / °	I1 / %
2.736	0.5
2.733	0.5
2.731	0.5
2.728	0.5
2.725	0.4
2.723	0.5
2.720	0.5
2.717	0.5
2.715	0.5
2.712	0.5
2.709	0.5
2.707	0.5
2.704	0.4
2.701	0.5
2.699	0.5
2.696	0.5
2.693	0.5
2.691	0.5
2.688	0.5
2.685	0.5
2.683	0.5
2.680	0.5
2.677	0.5
2.675	0.5
2.672	0.5
2.669	0.5
2.667	0.5
2.664	0.5
2.661	0.4
2.659	0.5
2.656	0.5
2.653	0.5
2.651	0.4
2.648	0.5
2.645	0.5
2.643	0.4
2.640	0.4
2.637	0.4
2.635	0.4
2.632	0.4
2.629	0.5
2.627	0.5
2.624	0.4
2.621	0.4
2.619	0.5
2.616	0.5
2.613	0.5
2.610	0.5
2.608	0.5
2.605	0.4
2.602	0.4
2.600	0.5
2.597	0.4
2.594	0.5
2.592	0.4
2.589	0.5
2.586	0.5
2.584	0.5
2.581	0.5
2.578	0.5
2.576	0.4
2.573	0.4
2.570	0.5
2.568	0.5
2.565	0.4
2.562	0.5
2.560	0.5
2.557	0.5
2.554	0.5
2.552	0.4
2.549	0.5
2.546	0.5
2.544	0.5
2.541	0.5
2.538	0.5
2.536	0.5
2.533	0.5
2.530	0.5
2.528	0.4
2.525	0.5
2.522	0.5
2.520	0.5
2.517	0.4
2.514	0.5
2.512	0.5
2.509	0.5
2.506	0.5
2.504	0.5
2.501	0.4
2.498	0.5
2.496	0.5
2.493	0.5
2.490	0.4
2.488	0.5
2.485	0.5
2.482	0.5
2.480	0.4
2.477	0.4
2.474	0.5
2.472	0.5
2.469	0.5
2.466	0.5
2.464	0.5
2.461	0.5
2.458	0.5
2.456	0.5
2.453	0.4
2.450	0.5
2.448	0.5
2.445	0.5
2.442	0.5
2.440	0.5
2.437	0.5
2.434	0.5
2.432	0.5
2.429	0.5
2.426	0.5
2.424	0.5
2.421	0.5
2.418	0.5
2.416	0.5
2.413	0.5
2.410	0.5
2.408	0.5
2.405	0.5
2.402	0.5
2.400	0.5
2.397	0.5
2.394	0.4
2.392	0.5
2.389	0.5
2.386	0.5
2.384	0.4
2.381	0.5
2.378	0.5
2.376	0.5
2.373	0.5
2.370	0.5
2.368	0.5
2.365	0.5
2.362	0.5
2.360	0.5
2.357	0.5
2.354	0.5
2.352	0.5
2.349	0.5
2.346	0.4
2.344	0.4
2.341	0.5
2.338	0.5
2.336	0.5
2.333	0.5
2.330	0.5
2.328	0.5
2.325	0.5
2.322	0.5
2.320	0.5
2.317	0.5
2.314	0.5
2.312	0.5
2.309	0.5
2.306	0.5
2.304	0.5
2.301	0.5
2.298	0.4
2.296	0.5
2.293	0.5
2.290	0.5
2.288	0.5
2.285	0.5
2.282	0.5
2.280	0.5
2.277	0.5
2.274	0.5
2.272	0.5
2.269	0.5
2.266	0.5
2.264	0.5
2.261	0.4
2.258	0.5
2.256	0.5
2.253	0.5
2.250	0.4
2.248	0.5
2.245	0.5
2.242	0.5
2.240	0.5
2.237	0.5
2.234	0.5
2.231	0.4
2.229	0.4
2.226	0.5
2.223	0.4
2.221	0.5
2.218	0.5
2.215	0.4
2.213	0.4
2.210	0.5
2.207	0.5
2.205	0.5
2.202	0.5
2.199	0.5
2.197	0.5
2.194	0.5
2.191	0.5
2.189	0.5
2.186	0.5
2.183	0.5
2.181	0.5
2.178	0.5
2.175	0.4
2.173	0.5
2.170	0.5
2.167	0.5
2.165	0.4
2.162	0.5
2.159	0.5
2.157	0.5
2.154	0.5
2.151	0.5
2.149	0.4
2.146	0.5
2.143	0.5
2.141	0.5
2.138	0.5
2.135	0.4
2.133	0.4
2.130	0.4
2.127	0.5
2.125	0.4
2.122	0.5
2.119	0.5
2.117	0.5
2.114	0.5
2.111	0.4
2.109	0.4
2.106	0.4
2.103	0.4
2.101	0.4
2.098	0.4
2.095	0.4
2.093	0.5
2.090	0.4
2.087	0.5
2.085	0.5
2.082	0.4
2.079	0.4
2.077	0.4
2.074	0.4
2.071	0.4
2.069	0.4
2.066	0.5
2.063	0.5
2.061	0.5
2.058	0.4
2.055	0.5
2.053	0.4
2.050	0.4
2.047	0.4
2.045	0.4
2.042	0.4
2.039	0.4
2.037	0.4
2.034	0.4
2.031	0.4
2.029	0.4
2.026	0.5
2.023	0.5
2.021	0.5
2.018	0.5
2.015	0.4
2.013	0.4
2.010	0.5
2.007	0.5
2.005	0.4
2.002	0.4
1.999	0.4
1.997	0.4
1.994	0.4
1.991	0.4
1.989	0.4
1.986	0.5
1.983	0.4
1.980	0.4
1.978	0.4
1.975	0.4
1.972	0.4
1.970	0.4
1.967	0.5
1.964	0.5
1.962	0.4
1.959	0.4
1.956	0.4
1.954	0.5
1.951	0.5
1.948	0.5
1.946	0.4
1.943	0.5
1.940	0.4
1.938	0.4
1.935	0.4
1.932	0.5
1.930	0.4
1.927	0.4
1.924	0.4
1.922	0.5
1.919	0.4
1.916	0.4
1.914	0.5
1.911	0.5
1.908	0.5
1.906	0.5
1.903	0.4
1.900	0.4
1.898	0.5
1.895	0.5
1.892	0.5
1.890	0.5
1.887	0.5
1.884	0.5
1.882	0.4
1.879	0.4
1.876	0.4
1.874	0.5
1.871	0.4
1.868	0.4
1.866	0.4
1.863	0.5
1.860	0.4
1.858	0.5
1.855	0.5
1.852	0.5
1.850	0.4
1.847	0.4
1.844	0.4
1.842	0.4
1.839	0.4
1.836	0.5
1.834	0.4
1.831	0.5
1.828	0.4
1.826	0.5
1.823	0.4
1.820	0.4
1.818	0.4
1.815	0.4
1.812	0.4
1.810	0.4
1.807	0.5
1.804	0.5
1.802	0.4
1.799	0.5
1.796	0.5
1.794	0.5
1.791	0.4
1.788	0.4
1.786	0.4
1.783	0.4
1.780	0.5
1.778	0.5
1.775	0.5
1.772	0.5
1.769	0.4
1.767	0.4
1.764	0.4
1.761	0.5
1.759	0.5
1.756	0.5
1.753	0.4
1.751	0.5
1.748	0.4
1.745	0.4
1.743	0.4
1.740	0.4
1.737	0.4
1.735	0.4
1.732	0.4
1.729	0.4
1.727	0.4
1.724	0.4
1.721	0.4
1.719	0.4
1.716	0.4
1.713	0.5
1.711	0.4
1.708	0.4
1.705	0.4
1.703	0.4
1.700	0.4
1.697	0.5
1.695	0.4
1.692	0.5
1.689	0.4
1.687	0.5
1.684	0.5
1.681	0.5
1.679	0.4
1.676	0.5
1.673	0.4
1.671	0.4
1.668	0.4
1.665	0.5
1.663	0.4
1.660	0.5
1.657	0.4
1.655	0.4
1.652	0.4
1.649	0.4
1.647	0.4
1.644	0.4
1.641	0.4
1.639	0.4
1.636	0.4
1.633	0.4
1.631	0.4
1.628	0.4
1.625	0.4
1.623	0.5
1.620	0.4
1.617	0.4
1.615	0.4
1.612	0.5
1.609	0.5
1.607	0.5
1.604	0.5
1.601	0.5
1.599	0.4
1.596	0.4
1.593	0.4
1.591	0.4
1.588	0.5
1.585	0.5
1.582	0.4
1.580	0.5
1.577	0.4
1.574	0.4
1.572	0.4
1.569	0.4
1.566	0.4
1.564	0.5
1.561	0.4
1.558	0.4
1.556	0.4
1.553	0.4
1.550	0.4
1.548	0.5
1.545	0.4
1.542	0.4
1.540	0.4
1.537	0.4
1.534	0.4
1.532	0.4
1.529	0.4
1.526	0.4
1.524	0.4
1.521	0.4
1.518	0.4
1.516	0.4
1.513	0.4
1.510	0.5
1.508	0.4
1.505	0.4
1.502	0.4
1.500	0.4
1.497	0.5
1.494	0.4
1.492	0.5
1.489	0.5
1.486	0.4
1.484	0.4
1.481	0.4
1.478	0.4
1.476	0.4
1.473	0.5
1.470	0.4
1.468	0.5
1.465	0.5
1.462	0.5
1.460	0.4
1.457	0.5
1.454	0.4
1.452	0.4
1.449	0.4
1.446	0.4
1.444	0.4
1.441	0.4
1.438	0.4
1.436	0.4
1.433	0.4
1.430	0.5
1.428	0.4
1.425	0.4
1.422	0.4
1.419	0.4
1.417	0.4
1.414	0.4
1.411	0.4
1.409	0.4
1.406	0.4
1.403	0.4
1.401	0.4
1.398	0.5
1.395	0.4
1.393	0.5
1.390	0.4
1.387	0.4
1.385	0.4
1.382	0.4
1.379	0.4
1.377	0.4
1.374	0.4
1.371	0.4
1.369	0.5
1.366	0.5
1.363	0.5
1.361	0.4
1.358	0.4
1.355	0.5
1.353	0.5
1.350	0.5
1.347	0.5
1.345	0.5
1.342	0.4
1.339	0.5
1.337	0.5
1.334	0.5
1.331	0.4
1.329	0.5
1.326	0.5
1.323	0.5
1.321	0.5
1.318	0.5
1.315	0.5
1.313	0.5
1.310	0.5
1.307	0.5
1.305	0.4
1.302	0.4
1.299	0.5
1.297	0.5
1.294	0.4
1.291	0.4
1.289	0.4
1.286	0.4
1.283	0.4
1.281	0.5
1.278	0.4
1.275	0.4
1.273	0.5
1.270	0.5
1.267	0.4
1.265	0.4
1.262	0.5
1.259	0.4
1.256	0.4
1.254	0.5
1.251	0.4
1.248	0.5
1.246	0.5
1.243	0.5
1.240	0.5
1.238	0.5
1.235	0.5
1.232	0.5
1.230	0.5
1.227	0.5
1.224	0.5
1.222	0.5
1.219	0.4
1.216	0.5
1.214	0.5
1.211	0.4
1.208	0.4
1.206	0.5
1.203	0.5
1.200	0.4
1.198	0.4
1.195	0.4
1.192	0.5
1.190	0.5
1.187	0.5
1.184	0.5
1.182	0.4
1.179	0.5
1.176	0.4
1.174	0.5
1.171	0.5
1.168	0.5
1.166	0.5
1.163	0.5
1.160	0.4
1.158	0.4
1.155	0.5
1.152	0.4
1.150	0.4
1.147	0.5
1.144	0.5
1.142	0.5
1.139	0.4
1.136	0.5
1.134	0.4
1.131	0.4
1.128	0.4
1.126	0.5
1.123	0.4
1.120	0.5
1.118	0.5
1.115	0.4
1.112	0.4
1.109	0.4
1.107	0.5
1.104	0.5
1.101	0.4
1.099	0.4
1.096	0.4
1.093	0.4
1.091	0.5
1.088	0.5
1.085	0.4
1.083	0.4
1.080	0.5
1.077	0.4
1.075	0.4
1.072	0.5
1.069	0.5
1.067	0.5
1.064	0.4
1.061	0.4
1.059	0.4
1.056	0.5
1.053	0.5
1.051	0.5
1.048	0.4
1.045	0.4
1.043	0.4
1.040	0.4
1.037	0.4
1.035	0.4
1.032	0.5
1.029	0.5
1.027	0.4
1.024	0.4
1.021	0.5
1.019	0.4
1.016	0.4
1.013	0.5
1.011	0.5
1.008	0.5
1.005	0.5
1.003	0.5
1.000	0.4
0.997	0.5
0.995	0.5
0.992	0.5
0.989	0.4
0.987	0.5
0.984	0.5
0.981	0.5
0.979	0.4
0.976	0.5
0.973	0.5
0.970	0.5
0.968	0.5
0.965	0.5
0.962	0.5
0.960	0.5
0.957	0.5
0.954	0.5
0.952	0.5
0.949	0.5
0.946	0.5
0.944	0.5
0.941	0.4
0.938	0.4
0.936	0.5
0.933	0.5
0.930	0.4
0.928	0.5
0.925	0.4
0.922	0.4
0.920	0.4
0.917	0.5
0.914	0.4
0.912	0.5
0.909	0.5
0.906	0.5
0.904	0.4
0.901	0.4
0.898	0.5
0.896	0.5
0.893	0.5
0.890	0.5
0.888	0.5
0.885	0.4
0.882	0.5
0.880	0.5
0.877	0.4
0.874	0.4
0.872	0.4
0.869	0.5
0.866	0.4
0.864	0.4
0.861	0.4
0.858	0.4
0.856	0.4
0.853	0.5
0.850	0.4
0.848	0.4
0.845	0.4
0.842	0.5
0.840	0.4
0.837	0.5
0.834	0.4
0.831	0.4
0.829	0.4
0.826	0.4
0.823	0.4
0.821	0.5
0.818	0.4
0.815	0.4
0.813	0.5
0.810	0.5
0.807	0.4
0.805	0.4
0.802	0.5
0.799	0.5
0.797	0.4
0.794	0.5
0.791	0.5
0.789	0.5
0.786	0.4
0.783	0.5
0.781	0.5
0.778	0.5
0.775	0.5
0.773	0.5
0.770	0.4
0.767	0.5
0.765	0.5
0.762	0.5
0.759	0.4
0.757	0.5
0.754	0.4
0.751	0.5
0.749	0.4
0.746	0.5
0.743	0.5
0.741	0.4
0.738	0.5
0.735	0.5
0.733	0.4
0.730	0.4
0.727	0.5
0.725	0.5
0.722	0.4
0.719	0.4
0.717	0.4
0.714	0.4
0.711	0.5
0.709	0.5
0.706	0.5
0.703	0.5
0.701	0.4
0.698	0.5
0.695	0.4
0.692	0.4
0.690	0.4
0.687	0.5
0.684	0.4
0.682	0.4
0.679	0.5
0.676	0.5
0.674	0.4
0.671	0.5
0.668	0.5
0.666	0.5
0.663	0.4
0.660	0.4
0.658	0.4
0.655	0.4
0.652	0.5
0.650	0.5
0.647	0.4
0.644	0.5
0.642	0.5
0.639	0.5
0.636	0.5
0.634	0.5
0.631	0.5
0.628	0.5
0.626	0.5
0.623	0.5
0.620	0.5
0.618	0.5
0.615	0.5
0.612	0.5
0.610	0.5
0.607	0.5
0.604	0.5
0.602	0.5
0.599	0.4
0.596	0.5
0.594	0.5
0.591	0.5
0.588	0.4
0.586	0.5
0.583	0.4
0.580	0.5
0.578	0.4
0.575	0.4
0.572	0.5
0.570	0.5
0.567	0.5
0.564	0.5
0.561	0.5
0.559	0.5
0.556	0.4
0.553	0.5
0.551	0.5
0.548	0.5
0.545	0.5
0.543	0.5
0.540	0.4
0.537	0.4
0.535	0.4
0.532	0.5
0.529	0.5
0.527	0.5
0.524	0.5
0.521	0.5
0.519	0.5
0.516	0.5
0.513	0.5
0.511	0.5
0.508	0.4
0.505	0.4
0.503	0.4
0.500	0.5
0.497	0.5
0.495	0.5
0.492	0.4
0.489	0.5
0.487	0.4
0.484	0.5
0.481	0.5
0.479	0.5
0.476	0.5
0.473	0.5
0.471	0.5
0.468	0.5
0.465	0.4
0.463	0.5
0.460	0.5
0.457	0.5
0.455	0.5
0.452	0.5
0.449	0.4
0.447	0.4
0.444	0.4
0.441	0.5
0.438	0.5
0.436	0.5
0.433	0.4
0.430	0.4
0.428	0.4
0.425	0.5
0.422	0.5
0.420	0.5
0.417	0.4
0.414	0.4
0.412	0.5
0.409	0.5
0.406	0.4
0.404	0.5
0.401	0.4
0.398	0.4
0.396	0.5
0.393	0.5
0.390	0.4
0.388	0.4
0.385	0.5
0.382	0.5
0.380	0.4
0.377	0.4
0.374	0.4
0.372	0.4
0.369	0.4
0.366	0.5
0.364	0.5
0.361	0.5
0.358	0.4
0.356	0.5
0.353	0.4
0.350	0.5
0.348	0.5
0.345	0.5
0.342	0.5
0.340	0.5
0.337	0.4
0.334	0.5
0.332	0.4
0.329	0.5
0.326	0.5
0.324	0.5
0.321	0.5
0.318	0.5
0.316	0.4
0.313	0.4
0.310	0.5
0.307	0.5
0.305	0.5
0.302	0.5
0.299	0.5
0.297	0.5
0.294	0.5
0.291	0.5
0.289	0.5
0.286	0.5
0.283	0.5
0.281	0.5
0.278	0.5
0.275	0.5
0.273	0.5
0.270	0.5
0.267	0.5
0.265	0.5
0.262	0.5
0.259	0.5
0.257	0.5
0.254	0.5
0.251	0.5
0.249	0.5
0.246	0.5
0.243	0.5
0.241	0.5
0.238	0.5
0.235	0.5
0.233	0.5
0.230	0.6
0.227	0.7
0.225	0.7
0.222	0.8
0.219	0.9
0.217	1.2
0.214	1.6
0.211	2.6
0.209	3.6
0.206	3.8
0.203	3.1
0.201	2.5
0.198	2.1
0.195	2.1
0.193	2.1
0.190	2.5
0.187	3.5
0.184	6.0
0.182	10.5
0.179	16.9
0.176	19.7
0.174	15.5
0.171	9.6
0.168	5.5
0.166	3.3
0.163	2.1
0.160	1.3
0.158	1.0
0.155	0.9
0.152	0.9
0.150	0.8
0.147	0.8
0.144	0.7
0.142	0.7
0.139	0.7
0.136	0.7
0.134	0.6
0.131	0.6
0.128	0.6
0.126	0.6
0.123	0.5
0.120	0.5
0.118	0.5
0.115	0.5
0.112	0.5
0.110	0.5
0.107	0.5
0.104	0.5
0.102	0.5
0.099	0.5
0.096	0.5
0.094	0.5
0.091	0.5
0.088	0.5
0.086	0.5
0.083	0.5
0.080	0.5
0.078	0.5
0.075	0.5
0.072	0.5
0.070	0.4
0.067	0.5
0.064	0.5
0.061	0.5
0.059	0.5
0.056	0.5
0.053	0.5
0.051	0.5
0.048	0.5
0.045	0.5
0.043	0.5
0.040	0.5
0.037	0.5
0.035	0.5
0.032	0.5
0.029	0.5
0.027	0.5
0.024	0.5
0.021	0.5
0.019	0.5
0.016	0.5
0.013	0.5
0.011	0.5
0.008	0.5
0.005	0.5
0.003	0.5
0.000	0.5
-0.003	0.5
-0.005	0.5
-0.008	0.5
-0.011	0.5
-0.013	0.5
-0.016	0.5
-0.019	0.5
-0.021	0.5
-0.024	0.5
-0.027	0.5
-0.029	0.5
-0.032	0.5
-0.035	0.5
-0.037	0.5
-0.040	0.5
-0.043	0.5
-0.045	0.4
-0.048	0.4
-0.051	0.4
-0.053	0.4
-0.056	0.5
-0.059	0.4
-0.061	0.4
-0.064	0.4
-0.067	0.4
-0.070	0.5
-0.072	0.4
-0.075	0.5
-0.078	0.5
-0.080	0.4
-0.083	0.4
-0.086	0.4
-0.088	0.5
-0.091	0.4
-0.094	0.4
-0.096	0.5
-0.099	0.5
-0.102	0.4
-0.104	0.4
-0.107	0.4
-0.110	0.4
-0.112	0.5
-0.115	0.5
-0.118	0.4
-0.120	0.4
-0.123	0.4
-0.126	0.4
-0.128	0.5
-0.131	0.5
-0.134	0.5
-0.136	0.5
-0.139	0.5
-0.142	0.5
-0.144	0.5
-0.147	0.5
-0.150	0.5
-0.152	0.5
-0.155	0.5
-0.158	0.5
-0.160	0.5
-0.163	0.5
-0.166	0.4
-0.168	0.5
-0.171	0.5
-0.174	0.5
-0.176	0.5
-0.179	0.5
-0.182	0.5
-0.184	0.5
-0.187	0.5
-0.190	0.5
-0.193	0.5
-0.195	0.5
-0.198	0.5
-0.201	0.5
-0.203	0.4
-0.206	0.4
-0.209	0.4
-0.211	0.4
-0.214	0.4
-0.217	0.4
-0.219	0.4
-0.222	0.4
-0.225	0.4
-0.227	0.4
-0.230	0.4
-0.233	0.4
-0.235	0.4
-0.238	0.4
-0.241	0.4
-0.243	0.4
-0.246	0.5
-0.249	0.5
-0.251	0.5
-0.254	0.5
-0.257	0.5
-0.259	0.5
-0.262	0.5
-0.265	0.5
-0.267	0.5
-0.270	0.5
-0.273	0.5
-0.275	0.5
-0.278	0.5
-0.281	0.5
-0.283	0.5
-0.286	0.5
-0.289	0.5
-0.291	0.4
-0.294	0.5
-0.297	0.5
-0.299	0.4
-0.302	0.5
-0.305	0.5
-0.307	0.5
-0.310	0.5
-0.313	0.5
-0.316	0.5
-0.318	0.4
-0.321	0.5
-0.324	0.5
-0.326	0.4
-0.329	0.5
-0.332	0.4
-0.334	0.5
-0.337	0.4
-0.340	0.5
-0.342	0.5
-0.345	0.5
-0.348	0.5
-0.350	0.5
-0.353	0.5
-0.356	0.5
-0.358	0.5
-0.361	0.5
-0.364	0.5
-0.366	0.5
-0.369	0.5
-0.372	0.5
-0.374	0.5
-0.377	0.5
-0.380	0.5
-0.382	0.5
-0.385	0.5
-0.388	0.5
-0.390	0.5
-0.393	0.5
-0.396	0.5
-0.398	0.5
-0.401	0.5
-0.404	0.5
-0.406	0.5
-0.409	0.5
-0.412	0.5
-0.414	0.5
-0.417	0.5
-0.420	0.5
-0.422	0.5
-0.425	0.5
-0.428	0.5
-0.430	0.5
-0.433	0.5
-0.436	0.5
-0.438	0.5
-0.441	0.5
-0.444	0.5
-0.447	0.5
-0.449	0.5
-0.452	0.5
-0.455	0.5
-0.457	0.5
-0.460	0.5
-0.463	0.5
-0.465	0.5
-0.468	0.5
-0.471	0.5
-0.473	0.5
-0.476	0.5
-0.479	0.5
-0.481	0.5
-0.484	0.5
-0.487	0.5
-0.489	0.5
-0.492	0.5
-0.495	0.5
-0.497	0.5
-0.500	0.5
-0.503	0.5
-0.505	0.5
-0.508	0.5
-0.511	0.5
-0.513	0.5
-0.516	0.5
-0.519	0.5
-0.521	0.5
-0.524	0.5
-0.527	0.5
-0.529	0.5
-0.532	0.5
-0.535	0.5
-0.537	0.5
-0.540	0.5
-0.543	0.5
-0.545	0.5
-0.548	0.5
-0.551	0.5
-0.553	0.5
-0.556	0.5
-0.559	0.5
-0.561	0.5
-0.564	0.5
-0.567	0.5
-0.570	0.6
-0.572	0.6
-0.575	0.6
-0.578	0.6
-0.580	0.6
-0.583	0.6
-0.586	0.6
-0.588	0.6
-0.591	0.6
-0.594	0.6
-0.596	0.6
-0.599	0.7
-0.602	0.7
-0.604	0.6
-0.607	0.7
-0.610	0.7
-0.612	0.7
-0.615	0.7
-0.618	0.7
-0.620	0.7
-0.623	0.7
-0.626	0.7
-0.628	0.7
-0.631	0.7
-0.634	0.7
-0.636	0.7
-0.639	0.7
-0.642	0.7
-0.644	0.7
-0.647	0.7
-0.650	0.7
-0.652	0.7
-0.655	0.7
-0.658	0.7
-0.660	0.7
-0.663	0.7
-0.666	0.7
-0.668	0.7
-0.671	0.7
-0.674	0.7
-0.676	0.7
-0.679	0.7
-0.682	0.7
-0.684	0.7
-0.687	0.7
-0.690	0.7
-0.692	0.7
-0.695	0.7
-0.698	0.7
-0.701	0.7
-0.703	0.7
-0.706	0.7
-0.709	0.7
-0.711	0.7
-0.714	0.7
-0.717	0.7
-0.719	0.7
-0.722	0.7
-0.725	0.7
-0.727	0.7
-0.730	0.7
-0.733	0.7
-0.735	0.7
-0.738	0.7
-0.741	0.7
-0.743	0.7
-0.746	0.8
-0.749	0.7
-0.751	0.7
-0.754	0.7
-0.757	0.7
-0.759	0.8
-0.762	0.8
-0.765	0.7
-0.767	0.7
-0.770	0.7
-0.773	0.7
-0.775	0.7
-0.778	0.8
-0.781	0.8
-0.783	0.8
-0.786	0.8
-0.789	0.8
-0.791	0.8
-0.794	0.8
-0.797	0.8
-0.799	0.8
-0.802	0.8
-0.805	0.8
-0.807	0.8
-0.810	0.8
-0.813	0.8
-0.815	0.8
-0.818	0.8
-0.821	0.8
-0.823	0.8
-0.826	0.8
-0.829	0.8
-0.831	0.8
-0.834	0.8
-0.837	0.8
-0.840	0.8
-0.842	0.8
-0.845	0.8
-0.848	0.8
-0.850	0.8
-0.853	0.8
-0.856	0.8
-0.858	0.8
-0.861	0.8
-0.864	0.8
-0.866	0.8
-0.869	0.8
-0.872	0.8
-0.874	0.8
-0.877	0.8
-0.880	0.8
-0.882	0.8
-0.885	0.8
-0.888	0.8
-0.890	0.8
-0.893	0.8
-0.896	0.8
-0.898	0.8
-0.901	0.8
-0.904	0.8
-0.906	0.8
-0.909	0.8
-0.912	0.8
-0.914	0.8
-0.917	0.8
-0.920	0.8
-0.922	0.8
-0.925	0.8
-0.928	0.8
-0.930	0.8
-0.933	0.8
-0.936	0.8
-0.938	0.8
-0.941	0.8
-0.944	0.8
-0.946	0.8
-0.949	0.8
-0.952	0.8
-0.954	0.8
-0.957	0.8
-0.960	0.8
-0.962	0.8
-0.965	0.8
-0.968	0.8
-0.970	0.8
-0.973	0.8
-0.976	0.8
-0.979	0.8
-0.981	0.8
-0.984	0.8
-0.987	0.8
-0.989	0.8
-0.992	0.8
-0.995	0.8
-0.997	0.8
-1.000	0.8
-1.003	0.8
-1.005	0.8
-1.008	0.8
-1.011	0.8
-1.013	0.8
-1.016	0.8
-1.019	0.8
-1.021	0.8
-1.024	0.8
-1.027	0.8
-1.029	0.8
-1.032	0.8
-1.035	0.8
-1.037	0.8
-1.040	0.8
-1.043	0.8
-1.045	0.8
-1.048	0.8
-1.051	0.8
-1.053	0.8
-1.056	0.8
-1.059	0.8
-1.061	0.8
-1.064	0.8
-1.067	0.8
-1.069	0.8
-1.072	0.8
-1.075	0.8
-1.077	0.8
-1.080	0.8
-1.083	0.8
-1.085	0.8
-1.088	0.8
-1.091	0.8
-1.093	0.8
-1.096	0.8
-1.099	0.8
-1.101	0.8
-1.104	0.8
-1.107	0.8
-1.109	0.8
-1.112	0.8
-1.115	0.8
-1.118	0.8
-1.120	0.8
-1.123	0.8
-1.126	0.8
-1.128	0.8
-1.131	0.8
-1.134	0.8
-1.136	0.8
-1.139	0.8
-1.142	0.8
-1.144	0.8
-1.147	0.8
-1.150	0.8
-1.152	0.8
-1.155	0.8
-1.158	0.8
-1.160	0.8
-1.163	0.8
-1.166	0.8
-1.168	0.8
-1.171	0.8
-1.174	0.8
-1.176	0.8
-1.179	0.8
-1.182	0.8
-1.184	0.8
-1.187	0.8
-1.190	0.8
-1.192	0.8
-1.195	0.8
-1.198	0.8
-1.200	0.8
-1.203	0.8
-1.206	0.8
-1.208	0.8
-1.211	0.8
-1.214	0.8
-1.216	0.8
-1.219	0.8
-1.222	0.8
-1.224	0.8
-1.227	0.8
-1.230	0.9
-1.232	0.9
-1.235	0.8
-1.238	0.8
-1.240	0.8
-1.243	0.8
-1.246	0.8
-1.248	0.8
-1.251	0.8
-1.254	0.8
-1.256	0.8
-1.259	0.8
-1.262	0.8
-1.265	0.8
-1.267	0.8
-1.270	0.8
-1.273	0.8
-1.275	0.8
-1.278	0.8
-1.281	0.8
-1.283	0.8
-1.286	0.8
-1.289	0.8
-1.291	0.8
-1.294	0.8
-1.297	0.8
-1.299	0.8
-1.302	0.8
-1.305	0.8
-1.307	0.8
-1.310	0.8
-1.313	0.8
-1.315	0.8
-1.318	0.8
-1.321	0.8
-1.323	0.8
-1.326	0.8
-1.329	0.8
-1.331	0.8
-1.334	0.8
-1.337	0.8
-1.339	0.8
-1.342	0.8
-1.345	0.8
-1.347	0.8
-1.350	0.8
-1.353	0.8
-1.355	0.8
-1.358	0.8
-1.361	0.8
-1.363	0.8
-1.366	0.8
-1.369	0.9
-1.371	0.9
-1.374	0.9
-1.377	0.9
-1.379	0.9
-1.382	0.9
-1.385	0.9
-1.387	0.9
-1.390	0.9
-1.393	0.9
-1.395	0.9
-1.398	0.9
-1.401	0.9
-1.403	0.9
-1.406	0.9
-1.409	0.9
-1.411	0.9
-1.414	0.9
-1.417	0.9
-1.419	0.9
-1.422	0.9
-1.425	0.9
-1.428	0.9
-1.430	0.9
-1.433	0.9
-1.436	0.9
-1.438	0.9
-1.441	0.9
-1.444	0.9
-1.446	0.9
-1.449	0.9
-1.452	0.9
-1.454	0.9
-1.457	0.9
-1.460	0.9
-1.462	0.9
-1.465	0.9
-1.468	0.9
-1.470	0.9
-1.473	0.9
-1.476	0.8
-1.478	0.9
-1.481	0.9
-1.484	0.9
-1.486	0.9
-1.489	0.9
-1.492	0.9
-1.494	0.9
-1.497	0.9
-1.500	0.9
-1.502	0.9
-1.505	0.9
-1.508	0.9
-1.510	0.9
-1.513	0.9
-1.516	0.9
-1.518	0.9
-1.521	0.9
-1.524	0.9
-1.526	0.9
-1.529	0.9
-1.532	0.9
-1.534	0.9
-1.537	0.9
-1.540	0.9
-1.542	0.9
-1.545	0.9
-1.548	0.9
-1.550	0.9
-1.553	0.9
-1.556	0.9
-1.558	0.9
-1.561	0.9
-1.564	0.9
-1.566	0.9
-1.569	0.9
-1.572	0.9
-1.574	0.9
-1.577	0.9
-1.580	0.9
-1.582	0.9
-1.585	0.9
-1.588	0.9
-1.591	0.9
-1.593	0.9
-1.596	0.9
-1.599	0.9
-1.601	0.9
-1.604	0.9
-1.607	0.9
-1.609	0.9
-1.612	0.9
-1.615	0.9
-1.617	0.9
-1.620	0.9
-1.623	0.9
-1.625	0.9
-1.628	0.9
-1.631	0.9
-1.633	0.9
-1.636	0.9
-1.639	0.9
-1.641	0.9
-1.644	0.9
-1.647	0.9
-1.649	0.9
-1.652	0.9
-1.655	0.9
-1.657	0.9
-1.660	0.9
-1.663	0.9
-1.665	0.9
-1.668	0.9
-1.671	0.9
-1.673	0.9
-1.676	0.9
-1.679	0.9
-1.681	0.9
-1.684	0.9
-1.687	0.9
-1.689	0.9
-1.692	0.9
-1.695	0.9
-1.697	0.9
-1.700	0.9
-1.703	0.9
-1.705	0.9
-1.708	0.9
-1.711	0.8
-1.713	0.8
-1.716	0.9
-1.719	0.9
-1.721	0.9
-1.724	0.9
-1.727	0.9
-1.729	0.9
-1.732	0.9
-1.735	0.9
-1.737	0.9
-1.740	0.9
-1.743	0.8
-1.745	0.8
-1.748	0.8
-1.751	0.8
-1.753	0.9
-1.756	0.9
-1.759	0.9
-1.761	0.9
-1.764	0.9
-1.767	0.9
-1.769	0.9
-1.772	0.9
-1.775	0.9
-1.778	0.9
-1.780	0.9
-1.783	0.9
-1.786	0.9
-1.788	0.8
-1.791	0.9
-1.794	0.9
-1.796	0.9
-1.799	0.9
-1.802	0.9
-1.804	0.9
-1.807	0.9
-1.810	0.9
-1.812	0.9
-1.815	0.9
-1.818	0.9
-1.820	0.9
-1.823	0.9
-1.826	0.9
-1.828	0.9
-1.831	0.9
-1.834	0.9
-1.836	0.9
-1.839	0.9
-1.842	0.9
-1.844	0.9
-1.847	0.9
-1.850	0.9
-1.852	0.9
-1.855	0.9
-1.858	0.9
-1.860	0.9
-1.863	0.9
-1.866	0.9
-1.868	0.9
-1.871	0.9
-1.874	0.9
-1.876	0.9
-1.879	0.9
-1.882	1.0
-1.884	0.9
-1.887	0.9
-1.890	0.9
-1.892	0.9
-1.895	0.9
-1.898	0.9
-1.900	0.9
-1.903	0.9
-1.906	0.9
-1.908	0.9
-1.911	0.9
-1.914	0.9
-1.916	0.9
-1.919	0.9
-1.922	0.9
-1.924	0.9
-1.927	0.9
-1.930	0.9
-1.932	0.9
-1.935	0.9
-1.938	0.9
-1.940	0.9
-1.943	0.9
-1.946	0.9
-1.948	0.9
-1.951	0.9
-1.954	0.9
-1.956	0.9
-1.959	0.9
-1.962	0.9
-1.964	0.9
-1.967	0.9
-1.970	0.9
-1.972	0.9
-1.975	0.9
-1.978	0.9
-1.980	0.9
-1.983	0.9
-1.986	0.9
-1.989	0.9
-1.991	0.9
-1.994	0.9
-1.997	0.9
-1.999	0.9
-2.002	0.9
-2.005	0.9
-2.007	0.9
-2.010	0.9
-2.013	0.9
-2.015	0.9
-2.018	0.9
-2.021	0.9
-2.023	0.9
-2.026	0.9
-2.029	0.9
-2.031	0.9
-2.034	0.9
-2.037	0.9
-2.039	0.9
-2.042	0.9
-2.045	0.9
-2.047	0.9
-2.050	0.9
-2.053	0.9
-2.055	0.9
-2.058	0.9
-2.061	0.9
-2.063	0.9
-2.066	0.9
-2.069	0.9
-2.071	0.9
-2.074	0.9
-2.077	0.9
-2.079	0.9
-2.082	0.9
-2.085	0.9
-2.087	0.9
-2.090	0.9
-2.093	0.9
-2.095	0.9
-2.098	0.9
-2.101	0.9
-2.103	0.9
-2.106	0.9
-2.109	0.9
-2.111	0.9
-2.114	0.9
-2.117	0.9
-2.119	0.9
-2.122	0.9
-2.125	0.9
-2.127	0.9
-2.130	0.9
-2.133	0.9
-2.135	0.9
-2.138	0.9
-2.141	0.9
-2.143	0.9
-2.146	0.9
-2.149	0.9
-2.151	0.9
-2.154	0.9
-2.157	0.9
-2.159	0.9
-2.162	0.9
-2.165	0.9
-2.167	0.9
-2.170	0.9
-2.173	0.9
-2.175	0.9
-2.178	0.9
-2.181	0.9
-2.183	0.9
-2.186	0.9
-2.189	0.9
-2.191	0.9
-2.194	0.9
-2.197	0.9
-2.199	0.9
-2.202	0.9
-2.205	0.9
-2.207	0.9
-2.210	0.9
-2.213	0.9
-2.215	0.9
-2.218	0.9
-2.221	0.9
-2.223	0.9
-2.226	0.9
-2.229	0.9
-2.231	0.9
-2.234	0.9
-2.237	0.9
-2.240	0.9
-2.242	0.9
-2.245	0.9
-2.248	0.9
-2.250	0.9
-2.253	0.9
-2.256	0.9
-2.258	0.9
-2.261	0.9
-2.264	0.9
-2.266	0.9
-2.269	0.9
-2.272	0.9
-2.274	0.9
-2.277	0.9
-2.280	0.9
-2.282	0.9
-2.285	0.9
-2.288	0.9
-2.290	0.9
-2.293	0.9
-2.296	0.9
-2.298	0.9
-2.301	0.9
-2.304	0.9
-2.306	0.9
-2.309	0.9
-2.312	0.9
-2.314	0.9
-2.317	0.9
-2.320	0.9
-2.322	0.9
-2.325	0.9
-2.328	1.0
-2.330	0.9
-2.333	0.9
-2.336	0.9
-2.338	0.9
-2.341	0.9
-2.344	1.0
-2.346	1.0
-2.349	0.9
-2.352	0.9
-2.354	0.9
-2.357	0.9
-2.360	0.9
-2.362	0.9
-2.365	0.9
-2.368	0.9
-2.370	0.9
-2.373	0.9
-2.376	0.9
-2.378	0.9
-2.381	1.0
-2.384	0.9
-2.386	0.9
-2.389	0.9
-2.392	0.9
-2.394	0.9
-2.397	0.9
-2.400	1.0
-2.402	1.0
-2.405	1.0
-2.408	1.0
-2.410	1.0
-2.413	1.0
-2.416	0.9
-2.418	1.0
-2.421	1.0
-2.424	1.0
-2.426	1.0
-2.429	1.0
-2.432	1.0
-2.434	1.0
-2.437	1.0
-2.440	1.0
-2.442	1.0
-2.445	1.0
-2.448	1.0
-2.450	1.0
-2.453	0.9
-2.456	1.0
-2.458	1.0
-2.461	1.0
-2.464	1.0
-2.466	1.0
-2.469	1.0
-2.472	1.0
-2.474	1.0
-2.477	1.0
-2.480	1.0
-2.482	0.9
-2.485	1.0
-2.488	1.0
-2.490	0.9
-2.493	0.9
-2.496	1.0
-2.498	1.0
-2.501	1.0
-2.504	1.0
-2.506	1.0
-2.509	1.0
-2.512	0.9
-2.514	1.0
-2.517	1.0
-2.520	1.0
-2.522	1.0
-2.525	1.0
-2.528	0.9
-2.530	0.9
-2.533	1.0
-2.536	1.1
-2.538	1.0
-2.541	1.0
-2.544	1.0
-2.546	1.0
-2.549	1.0
-2.552	1.0
-2.554	1.0
-2.557	1.0
-2.560	1.0
-2.562	1.0
-2.565	1.0
-2.568	1.0
-2.570	1.0
-2.573	1.1
-2.576	1.0
-2.578	1.0
-2.581	1.0
-2.584	1.0
-2.586	1.0
-2.589	1.0
-2.592	1.0
-2.594	1.0
-2.597	1.0
-2.600	1.0
-2.602	1.0
-2.605	1.0
-2.608	1.0
-2.610	1.1
-2.613	1.0
-2.616	1.1
-2.619	1.1
-2.621	1.1
-2.624	1.0
-2.627	1.0
-2.629	1.0
-2.632	1.1
-2.635	1.0
-2.637	1.0
-2.640	1.1
-2.643	1.0
-2.645	1.0
-2.648	1.1
-2.651	1.1
-2.653	1.1
-2.656	1.1
-2.659	1.1
-2.661	1.0
-2.664	1.0
-2.667	1.1
-2.669	1.1
-2.672	1.0
-2.675	1.0
-2.677	1.0
-2.680	1.1
-2.683	1.0
-2.685	1.0
-2.688	1.0
-2.691	1.1
-2.693	1.0
-2.696	1.1
-2.699	1.0
-2.701	1.0
-2.704	1.0
-2.707	1.0
-2.709	1.0
-2.712	1.0
-2.715	1.0
-2.717	1.0
-2.720	1.0
-2.723	1.0
-2.725	1.0
-2.728	1.0
-2.731	1.0
-2.733	1.0
