#&a / °	I1 / %
2.736	1.1
2.733	1.1
2.731	1.1
2.728	1.1
2.725	1.2
2.723	1.2
2.720	1.2
2.717	1.1
2.715	1.1
2.712	1.2
2.709	1.2
2.707	1.2
2.704	1.2
2.701	1.2
2.699	1.1
2.696	1.1
2.693	1.2
2.691	1.2
2.688	1.1
2.685	1.1
2.683	1.1
2.680	1.1
2.677	1.1
2.675	1.1
2.672	1.1
2.669	1.1
2.667	1.1
2.664	1.1
2.661	1.1
2.659	1.1
2.656	1.1
2.653	1.1
2.651	1.1
2.648	1.1
2.645	1.1
2.643	1.1
2.640	1.1
2.637	1.1
2.635	1.1
2.632	1.1
2.629	1.1
2.627	1.1
2.624	1.1
2.621	1.1
2.619	1.1
2.616	1.1
2.613	1.1
2.610	1.1
2.608	1.1
2.605	1.1
2.602	1.1
2.600	1.1
2.597	1.1
2.594	1.1
2.592	1.1
2.589	1.1
2.586	1.1
2.584	1.1
2.581	1.1
2.578	1.1
2.576	1.1
2.573	1.1
2.570	1.1
2.568	1.1
2.565	1.1
2.562	1.1
2.560	1.1
2.557	1.1
2.554	1.1
2.552	1.1
2.549	1.1
2.546	1.1
2.544	1.1
2.541	1.1
2.538	1.1
2.536	1.1
2.533	1.1
2.530	1.1
2.528	1.1
2.525	1.1
2.522	1.1
2.520	1.1
2.517	1.1
2.514	1.1
2.512	1.1
2.509	1.1
2.506	1.0
2.504	1.1
2.501	1.0
2.498	1.1
2.496	1.1
2.493	1.1
2.490	1.1
2.488	1.1
2.485	1.1
2.482	1.1
2.480	1.1
2.477	1.1
2.474	1.1
2.472	1.1
2.469	1.1
2.466	1.1
2.464	1.1
2.461	1.1
2.458	1.1
2.456	1.1
2.453	1.1
2.450	1.1
2.448	1.1
2.445	1.1
2.442	1.1
2.440	1.1
2.437	1.1
2.434	1.1
2.432	1.1
2.429	1.1
2.426	1.1
2.424	1.1
2.421	1.1
2.418	1.1
2.416	1.1
2.413	1.1
2.410	1.1
2.408	1.1
2.405	1.1
2.402	1.1
2.400	1.1
2.397	1.1
2.394	1.0
2.392	1.0
2.389	1.0
2.386	1.1
2.384	1.1
2.381	1.1
2.378	1.1
2.376	1.1
2.373	1.1
2.370	1.1
2.368	1.1
2.365	1.1
2.362	1.1
2.360	1.1
2.357	1.0
2.354	1.0
2.352	1.0
2.349	1.1
2.346	1.1
2.344	1.1
2.341	1.1
2.338	1.1
2.336	1.1
2.333	1.1
2.330	1.1
2.328	1.1
2.325	1.1
2.322	1.1
2.320	1.1
2.317	1.1
2.314	1.1
2.312	1.1
2.309	1.1
2.306	1.1
2.304	1.1
2.301	1.1
2.298	1.1
2.296	1.1
2.293	1.1
2.290	1.1
2.288	1.1
2.285	1.1
2.282	1.1
2.280	1.1
2.277	1.1
2.274	1.1
2.272	1.1
2.269	1.1
2.266	1.1
2.264	1.1
2.261	1.1
2.258	1.1
2.256	1.1
2.253	1.1
2.250	1.1
2.248	1.1
2.245	1.1
2.242	1.1
2.240	1.1
2.237	1.1
2.234	1.1
2.231	1.1
2.229	1.0
2.226	1.0
2.223	1.0
2.221	1.0
2.218	1.0
2.215	1.0
2.213	1.0
2.210	1.0
2.207	1.0
2.205	1.0
2.202	1.0
2.199	1.0
2.197	1.0
2.194	1.0
2.191	1.0
2.189	1.0
2.186	1.0
2.183	1.0
2.181	1.0
2.178	1.0
2.175	1.0
2.173	1.0
2.170	1.0
2.167	1.0
2.165	1.0
2.162	1.0
2.159	1.0
2.157	1.0
2.154	1.0
2.151	1.0
2.149	1.0
2.146	1.0
2.143	1.0
2.141	1.0
2.138	1.0
2.135	1.0
2.133	1.0
2.130	1.0
2.127	1.0
2.125	1.0
2.122	1.0
2.119	1.0
2.117	1.0
2.114	1.1
2.111	1.0
2.109	1.0
2.106	1.0
2.103	1.1
2.101	1.1
2.098	1.1
2.095	1.0
2.093	1.0
2.090	1.0
2.087	1.0
2.085	1.0
2.082	1.1
2.079	1.0
2.077	1.0
2.074	1.0
2.071	1.0
2.069	1.0
2.066	1.0
2.063	1.0
2.061	1.0
2.058	1.0
2.055	1.0
2.053	1.0
2.050	1.0
2.047	1.0
2.045	1.0
2.042	1.0
2.039	1.0
2.037	1.0
2.034	1.0
2.031	1.0
2.029	1.0
2.026	1.0
2.023	1.0
2.021	1.0
2.018	1.0
2.015	1.0
2.013	1.0
2.010	1.0
2.007	1.0
2.005	1.0
2.002	1.0
1.999	1.0
1.997	1.0
1.994	1.0
1.991	1.0
1.989	1.0
1.986	1.0
1.983	1.0
1.980	1.0
1.978	1.0
1.975	1.0
1.972	1.0
1.970	1.0
1.967	1.0
1.964	1.0
1.962	1.0
1.959	1.0
1.956	1.0
1.954	1.0
1.951	1.0
1.948	1.0
1.946	1.0
1.943	1.0
1.940	1.0
1.938	0.9
1.935	1.0
1.932	1.0
1.930	1.0
1.927	1.0
1.924	1.0
1.922	1.0
1.919	1.0
1.916	1.0
1.914	1.0
1.911	1.0
1.908	1.0
1.906	1.0
1.903	1.0
1.900	1.0
1.898	1.0
1.895	1.0
1.892	1.0
1.890	1.0
1.887	1.0
1.884	1.0
1.882	1.0
1.879	1.0
1.876	1.0
1.874	1.0
1.871	1.0
1.868	1.0
1.866	1.0
1.863	1.0
1.860	1.0
1.858	1.0
1.855	1.0
1.852	1.0
1.850	1.0
1.847	1.0
1.844	1.0
1.842	1.0
1.839	1.0
1.836	1.0
1.834	1.0
1.831	1.0
1.828	1.0
1.826	1.0
1.823	1.0
1.820	1.0
1.818	1.0
1.815	1.0
1.812	1.0
1.810	1.0
1.807	1.0
1.804	1.0
1.802	1.0
1.799	1.0
1.796	1.0
1.794	1.0
1.791	1.0
1.788	1.0
1.786	1.0
1.783	1.0
1.780	1.0
1.778	1.0
1.775	1.0
1.772	1.0
1.769	1.0
1.767	1.0
1.764	1.0
1.761	1.1
1.759	1.1
1.756	1.1
1.753	1.1
1.751	1.1
1.748	1.0
1.745	1.1
1.743	1.0
1.740	1.0
1.737	1.0
1.735	1.0
1.732	1.0
1.729	1.0
1.727	1.0
1.724	1.0
1.721	1.0
1.719	1.0
1.716	1.0
1.713	1.0
1.711	1.0
1.708	1.0
1.705	1.0
1.703	1.0
1.700	1.0
1.697	1.0
1.695	1.0
1.692	1.0
1.689	1.0
1.687	1.0
1.684	1.0
1.681	1.0
1.679	1.0
1.676	1.0
1.673	1.0
1.671	1.0
1.668	1.0
1.665	1.0
1.663	0.9
1.660	0.9
1.657	0.9
1.655	0.9
1.652	0.9
1.649	1.0
1.647	1.0
1.644	0.9
1.641	0.9
1.639	0.9
1.636	0.9
1.633	0.9
1.631	0.9
1.628	0.9
1.625	0.9
1.623	0.9
1.620	0.9
1.617	1.0
1.615	0.9
1.612	1.0
1.609	1.0
1.607	1.0
1.604	1.0
1.601	1.0
1.599	1.0
1.596	1.0
1.593	1.0
1.591	1.0
1.588	1.0
1.585	1.0
1.582	1.0
1.580	1.0
1.577	1.0
1.574	1.0
1.572	1.0
1.569	1.0
1.566	1.0
1.564	1.0
1.561	1.0
1.558	0.9
1.556	1.0
1.553	1.0
1.550	1.0
1.548	1.0
1.545	1.0
1.542	1.0
1.540	0.9
1.537	0.9
1.534	1.0
1.532	1.0
1.529	1.0
1.526	1.0
1.524	1.0
1.521	0.9
1.518	0.9
1.516	1.0
1.513	1.0
1.510	0.9
1.508	0.9
1.505	1.0
1.502	0.9
1.500	0.9
1.497	0.9
1.494	0.9
1.492	0.9
1.489	0.9
1.486	0.9
1.484	0.9
1.481	0.9
1.478	0.9
1.476	0.9
1.473	1.0
1.470	1.0
1.468	1.0
1.465	1.0
1.462	1.0
1.460	1.0
1.457	1.0
1.454	1.0
1.452	1.0
1.449	1.0
1.446	1.0
1.444	1.0
1.441	1.0
1.438	1.0
1.436	1.0
1.433	1.0
1.430	1.0
1.428	1.0
1.425	1.0
1.422	1.0
1.419	1.0
1.417	1.0
1.414	1.0
1.411	0.9
1.409	0.9
1.406	0.9
1.403	1.0
1.401	1.0
1.398	1.0
1.395	1.0
1.393	1.0
1.390	0.9
1.387	0.9
1.385	0.9
1.382	0.9
1.379	0.9
1.377	0.9
1.374	0.9
1.371	0.9
1.369	0.8
1.366	0.8
1.363	0.8
1.361	0.8
1.358	0.8
1.355	0.8
1.353	0.8
1.350	0.8
1.347	0.8
1.345	0.8
1.342	0.8
1.339	0.8
1.337	0.8
1.334	0.8
1.331	0.7
1.329	0.8
1.326	0.8
1.323	0.8
1.321	0.8
1.318	0.8
1.315	0.8
1.313	0.8
1.310	0.8
1.307	0.8
1.305	0.7
1.302	0.8
1.299	0.8
1.297	0.8
1.294	0.8
1.291	0.8
1.289	0.8
1.286	0.8
1.283	0.8
1.281	0.8
1.278	0.8
1.275	0.8
1.273	0.8
1.270	0.8
1.267	0.8
1.265	0.8
1.262	0.8
1.259	0.8
1.256	0.8
1.254	0.8
1.251	0.8
1.248	0.8
1.246	0.8
1.243	0.8
1.240	0.8
1.238	0.8
1.235	0.8
1.232	0.8
1.230	0.7
1.227	0.8
1.224	0.8
1.222	0.8
1.219	0.8
1.216	0.8
1.214	0.8
1.211	0.8
1.208	0.8
1.206	0.8
1.203	0.8
1.200	0.8
1.198	0.8
1.195	0.8
1.192	0.8
1.190	0.8
1.187	0.8
1.184	0.8
1.182	0.8
1.179	0.8
1.176	0.8
1.174	0.8
1.171	0.7
1.168	0.8
1.166	0.8
1.163	0.8
1.160	0.8
1.158	0.8
1.155	0.8
1.152	0.8
1.150	0.8
1.147	0.8
1.144	0.8
1.142	0.8
1.139	0.8
1.136	0.8
1.134	0.8
1.131	0.8
1.128	0.8
1.126	0.8
1.123	0.8
1.120	0.8
1.118	0.8
1.115	0.8
1.112	0.8
1.109	0.8
1.107	0.8
1.104	0.8
1.101	0.8
1.099	0.8
1.096	0.7
1.093	0.8
1.091	0.8
1.088	0.8
1.085	0.8
1.083	0.8
1.080	0.8
1.077	0.8
1.075	0.8
1.072	0.8
1.069	0.8
1.067	0.8
1.064	0.8
1.061	0.8
1.059	0.7
1.056	0.8
1.053	0.8
1.051	0.8
1.048	0.8
1.045	0.8
1.043	0.7
1.040	0.8
1.037	0.8
1.035	0.8
1.032	0.8
1.029	0.8
1.027	0.8
1.024	0.8
1.021	0.8
1.019	0.8
1.016	0.8
1.013	0.8
1.011	0.8
1.008	0.8
1.005	0.8
1.003	0.8
1.000	0.8
0.997	0.8
0.995	0.8
0.992	0.8
0.989	0.8
0.987	0.8
0.984	0.8
0.981	0.8
0.979	0.8
0.976	0.8
0.973	0.8
0.970	0.8
0.968	0.8
0.965	0.8
0.962	0.8
0.960	0.8
0.957	0.8
0.954	0.8
0.952	0.8
0.949	0.8
0.946	0.8
0.944	0.8
0.941	0.8
0.938	0.8
0.936	0.8
0.933	0.8
0.930	0.8
0.928	0.8
0.925	0.8
0.922	0.8
0.920	0.8
0.917	0.8
0.914	0.8
0.912	0.8
0.909	0.8
0.906	0.8
0.904	0.8
0.901	0.8
0.898	0.8
0.896	0.8
0.893	0.8
0.890	0.8
0.888	0.8
0.885	0.8
0.882	0.8
0.880	0.8
0.877	0.8
0.874	0.8
0.872	0.8
0.869	0.8
0.866	0.8
0.864	0.8
0.861	0.8
0.858	0.8
0.856	0.8
0.853	0.8
0.850	0.8
0.848	0.8
0.845	0.8
0.842	0.8
0.840	0.8
0.837	0.8
0.834	0.8
0.831	0.8
0.829	0.7
0.826	0.8
0.823	0.8
0.821	0.8
0.818	0.8
0.815	0.8
0.813	0.8
0.810	0.8
0.807	0.8
0.805	0.8
0.802	0.8
0.799	0.8
0.797	0.8
0.794	0.8
0.791	0.7
0.789	0.8
0.786	0.8
0.783	0.8
0.781	0.8
0.778	0.8
0.775	0.8
0.773	0.8
0.770	0.8
0.767	0.8
0.765	0.8
0.762	0.8
0.759	0.8
0.757	0.8
0.754	0.8
0.751	0.8
0.749	0.8
0.746	0.8
0.743	0.8
0.741	0.8
0.738	0.8
0.735	0.8
0.733	0.8
0.730	0.8
0.727	0.8
0.725	0.8
0.722	0.8
0.719	0.8
0.717	0.8
0.714	0.8
0.711	0.8
0.709	0.8
0.706	0.8
0.703	0.8
0.701	0.8
0.698	0.8
0.695	0.8
0.692	0.8
0.690	0.8
0.687	0.8
0.684	0.8
0.682	0.8
0.679	0.8
0.676	0.8
0.674	0.8
0.671	0.8
0.668	0.8
0.666	0.8
0.663	0.8
0.660	0.8
0.658	0.8
0.655	0.8
0.652	0.8
0.650	0.8
0.647	0.8
0.644	0.8
0.642	0.8
0.639	0.8
0.636	0.8
0.634	0.8
0.631	0.8
0.628	0.8
0.626	0.8
0.623	0.8
0.620	0.8
0.618	0.8
0.615	0.8
0.612	0.8
0.610	0.8
0.607	0.8
0.604	0.8
0.602	0.8
0.599	0.8
0.596	0.8
0.594	0.8
0.591	0.8
0.588	0.8
0.586	0.8
0.583	0.8
0.580	0.8
0.578	0.8
0.575	0.8
0.572	0.8
0.570	0.8
0.567	0.8
0.564	0.8
0.561	0.8
0.559	0.8
0.556	0.8
0.553	0.8
0.551	0.8
0.548	0.8
0.545	0.8
0.543	0.8
0.540	0.8
0.537	0.8
0.535	0.8
0.532	0.8
0.529	0.8
0.527	0.8
0.524	0.8
0.521	0.8
0.519	0.8
0.516	0.8
0.513	0.8
0.511	0.8
0.508	0.8
0.505	0.8
0.503	0.8
0.500	0.8
0.497	0.8
0.495	0.8
0.492	0.8
0.489	0.8
0.487	0.8
0.484	0.8
0.481	0.8
0.479	0.8
0.476	0.8
0.473	0.8
0.471	0.8
0.468	0.8
0.465	0.8
0.463	0.8
0.460	0.8
0.457	0.8
0.455	0.8
0.452	0.8
0.449	0.8
0.447	0.8
0.444	0.8
0.441	0.8
0.438	0.8
0.436	0.8
0.433	0.8
0.430	0.8
0.428	0.8
0.425	0.8
0.422	0.8
0.420	0.8
0.417	0.8
0.414	0.8
0.412	0.8
0.409	0.8
0.406	0.8
0.404	0.8
0.401	0.8
0.398	0.8
0.396	0.8
0.393	0.8
0.390	0.8
0.388	0.8
0.385	0.8
0.382	0.8
0.380	0.8
0.377	0.8
0.374	0.8
0.372	0.8
0.369	0.8
0.366	0.8
0.364	0.8
0.361	0.8
0.358	0.8
0.356	0.8
0.353	0.8
0.350	0.8
0.348	0.8
0.345	0.8
0.342	0.8
0.340	0.8
0.337	0.8
0.334	0.8
0.332	0.8
0.329	0.8
0.326	0.8
0.324	0.8
0.321	0.8
0.318	0.8
0.316	0.8
0.313	0.8
0.310	0.8
0.307	0.8
0.305	0.8
0.302	0.8
0.299	0.8
0.297	0.8
0.294	0.8
0.291	0.9
0.289	0.9
0.286	0.9
0.283	0.9
0.281	0.9
0.278	0.9
0.275	0.9
0.273	0.9
0.270	0.9
0.267	0.9
0.265	0.9
0.262	0.9
0.259	0.9
0.257	0.9
0.254	0.9
0.251	0.9
0.249	0.9
0.246	0.9
0.243	0.9
0.241	0.9
0.238	0.9
0.235	0.9
0.233	0.9
0.230	0.9
0.227	0.9
0.225	0.9
0.222	0.9
0.219	0.9
0.217	0.9
0.214	0.9
0.211	0.9
0.209	0.9
0.206	0.9
0.203	0.9
0.201	0.9
0.198	0.9
0.195	0.9
0.193	0.9
0.190	0.9
0.187	0.9
0.184	0.9
0.182	0.9
0.179	0.9
0.176	0.9
0.174	0.9
0.171	0.9
0.168	0.9
0.166	0.9
0.163	0.9
0.160	0.9
0.158	0.9
0.155	0.9
0.152	0.9
0.150	0.9
0.147	1.0
0.144	0.9
0.142	0.9
0.139	1.0
0.136	1.0
0.134	1.0
0.131	1.0
0.128	1.0
0.126	1.0
0.123	1.0
0.120	1.0
0.118	1.0
0.115	1.1
0.112	1.1
0.110	1.1
0.107	1.1
0.104	1.1
0.102	1.4
0.099	1.8
0.096	2.3
0.094	2.6
0.091	2.2
0.088	2.0
0.086	2.0
0.083	3.0
0.080	5.5
0.078	9.0
0.075	10.1
0.072	7.4
0.070	4.5
0.067	2.9
0.064	2.1
0.061	1.6
0.059	1.3
0.056	1.2
0.053	1.2
0.051	1.2
0.048	1.2
0.045	1.2
0.043	1.2
0.040	1.2
0.037	1.2
0.035	1.2
0.032	1.1
0.029	1.1
0.027	1.1
0.024	1.1
0.021	1.1
0.019	1.1
0.016	1.1
0.013	1.1
0.011	1.1
0.008	1.1
0.005	1.1
0.003	1.1
0.000	1.1
-0.003	1.1
-0.005	1.1
-0.008	1.1
-0.011	1.1
-0.013	1.1
-0.016	1.1
-0.019	1.1
-0.021	1.1
-0.024	1.1
-0.027	1.1
-0.029	1.1
-0.032	1.1
-0.035	1.1
-0.037	1.1
-0.040	1.1
-0.043	1.1
-0.045	1.1
-0.048	1.1
-0.051	1.1
-0.053	1.0
-0.056	1.0
-0.059	1.0
-0.061	1.0
-0.064	1.0
-0.067	1.0
-0.070	1.0
-0.072	1.0
-0.075	1.0
-0.078	1.0
-0.080	1.0
-0.083	1.0
-0.086	1.0
-0.088	1.0
-0.091	0.9
-0.094	0.9
-0.096	1.0
-0.099	1.0
-0.102	1.0
-0.104	1.0
-0.107	1.0
-0.110	1.0
-0.112	1.0
-0.115	1.0
-0.118	1.0
-0.120	1.0
-0.123	1.0
-0.126	1.0
-0.128	1.0
-0.131	1.0
-0.134	1.0
-0.136	1.0
-0.139	1.0
-0.142	1.0
-0.144	1.0
-0.147	1.0
-0.150	1.0
-0.152	1.0
-0.155	1.0
-0.158	1.0
-0.160	1.0
-0.163	1.0
-0.166	1.0
-0.168	1.0
-0.171	1.0
-0.174	1.1
-0.176	1.0
-0.179	1.0
-0.182	1.1
-0.184	1.1
-0.187	1.0
-0.190	1.1
-0.193	1.1
-0.195	1.1
-0.198	1.1
-0.201	1.1
-0.203	1.0
-0.206	1.0
-0.209	1.1
-0.211	1.1
-0.214	1.1
-0.217	1.1
-0.219	1.1
-0.222	1.1
-0.225	1.1
-0.227	1.1
-0.230	1.1
-0.233	1.1
-0.235	1.1
-0.238	1.1
-0.241	1.1
-0.243	1.1
-0.246	1.1
-0.249	1.1
-0.251	1.1
-0.254	1.1
-0.257	1.1
-0.259	1.1
-0.262	1.1
-0.265	1.1
-0.267	1.1
-0.270	1.1
-0.273	1.1
-0.275	1.1
-0.278	1.1
-0.281	1.1
-0.283	1.1
-0.286	1.1
-0.289	1.1
-0.291	1.1
-0.294	1.1
-0.297	1.1
-0.299	1.0
-0.302	1.0
-0.305	1.0
-0.307	1.1
-0.310	1.0
-0.313	1.1
-0.316	1.1
-0.318	1.1
-0.321	1.1
-0.324	1.1
-0.326	1.1
-0.329	1.1
-0.332	1.1
-0.334	1.1
-0.337	1.1
-0.340	1.1
-0.342	1.1
-0.345	1.2
-0.348	1.1
-0.350	1.2
-0.353	1.2
-0.356	1.1
-0.358	1.1
-0.361	1.2
-0.364	1.2
-0.366	1.2
-0.369	1.2
-0.372	1.2
-0.374	1.2
-0.377	1.2
-0.380	1.2
-0.382	1.2
-0.385	1.2
-0.388	1.2
-0.390	1.2
-0.393	1.2
-0.396	1.2
-0.398	1.2
-0.401	1.2
-0.404	1.2
-0.406	1.2
-0.409	1.2
-0.412	1.2
-0.414	1.2
-0.417	1.2
-0.420	1.2
-0.422	1.2
-0.425	1.2
-0.428	1.2
-0.430	1.2
-0.433	1.2
-0.436	1.2
-0.438	1.2
-0.441	1.2
-0.444	1.2
-0.447	1.2
-0.449	1.2
-0.452	1.2
-0.455	1.2
-0.457	1.2
-0.460	1.2
-0.463	1.2
-0.465	1.2
-0.468	1.2
-0.471	1.2
-0.473	1.2
-0.476	1.2
-0.479	1.2
-0.481	1.2
-0.484	1.2
-0.487	1.2
-0.489	1.2
-0.492	1.2
-0.495	1.2
-0.497	1.2
-0.500	1.2
-0.503	1.2
-0.505	1.2
-0.508	1.2
-0.511	1.2
-0.513	1.2
-0.516	1.2
-0.519	1.2
-0.521	1.2
-0.524	1.2
-0.527	1.2
-0.529	1.2
-0.532	1.2
-0.535	1.2
-0.537	1.2
-0.540	1.2
-0.543	1.2
-0.545	1.2
-0.548	1.2
-0.551	1.2
-0.553	1.2
-0.556	1.2
-0.559	1.2
-0.561	1.2
-0.564	1.2
-0.567	1.2
-0.570	1.2
-0.572	1.2
-0.575	1.2
-0.578	1.2
-0.580	1.2
-0.583	1.2
-0.586	1.2
-0.588	1.2
-0.591	1.2
-0.594	1.2
-0.596	1.2
-0.599	1.2
-0.602	1.2
-0.604	1.2
-0.607	1.2
-0.610	1.2
-0.612	1.2
-0.615	1.2
-0.618	1.2
-0.620	1.2
-0.623	1.2
-0.626	1.2
-0.628	1.2
-0.631	1.2
-0.634	1.2
-0.636	1.2
-0.639	1.2
-0.642	1.2
-0.644	1.2
-0.647	1.2
-0.650	1.2
-0.652	1.2
-0.655	1.2
-0.658	1.2
-0.660	1.2
-0.663	1.2
-0.666	1.2
-0.668	1.2
-0.671	1.2
-0.674	1.2
-0.676	1.2
-0.679	1.2
-0.682	1.2
-0.684	1.2
-0.687	1.2
-0.690	1.2
-0.692	1.2
-0.695	1.2
-0.698	1.2
-0.701	1.2
-0.703	1.2
-0.706	1.2
-0.709	1.2
-0.711	1.2
-0.714	1.2
-0.717	1.2
-0.719	1.2
-0.722	1.2
-0.725	1.2
-0.727	1.2
-0.730	1.2
-0.733	1.2
-0.735	1.2
-0.738	1.2
-0.741	1.2
-0.743	1.2
-0.746	1.2
-0.749	1.2
-0.751	1.2
-0.754	1.2
-0.757	1.2
-0.759	1.2
-0.762	1.2
-0.765	1.2
-0.767	1.2
-0.770	1.2
-0.773	1.2
-0.775	1.2
-0.778	1.2
-0.781	1.2
-0.783	1.2
-0.786	1.2
-0.789	1.2
-0.791	1.2
-0.794	1.2
-0.797	1.2
-0.799	1.2
-0.802	1.2
-0.805	1.2
-0.807	1.2
-0.810	1.2
-0.813	1.2
-0.815	1.2
-0.818	1.2
-0.821	1.2
-0.823	1.2
-0.826	1.2
-0.829	1.2
-0.831	1.2
-0.834	1.2
-0.837	1.2
-0.840	1.2
-0.842	1.2
-0.845	1.2
-0.848	1.2
-0.850	1.2
-0.853	1.2
-0.856	1.2
-0.858	1.2
-0.861	1.2
-0.864	1.2
-0.866	1.2
-0.869	1.2
-0.872	1.2
-0.874	1.2
-0.877	1.2
-0.880	1.2
-0.882	1.2
-0.885	1.2
-0.888	1.2
-0.890	1.2
-0.893	1.2
-0.896	1.2
-0.898	1.2
-0.901	1.2
-0.904	1.2
-0.906	1.2
-0.909	1.2
-0.912	1.2
-0.914	1.2
-0.917	1.2
-0.920	1.2
-0.922	1.2
-0.925	1.2
-0.928	1.2
-0.930	1.2
-0.933	1.2
-0.936	1.2
-0.938	1.2
-0.941	1.2
-0.944	1.2
-0.946	1.2
-0.949	1.2
-0.952	1.2
-0.954	1.2
-0.957	1.2
-0.960	1.2
-0.962	1.2
-0.965	1.2
-0.968	1.2
-0.970	1.2
-0.973	1.2
-0.976	1.2
-0.979	1.2
-0.981	1.2
-0.984	1.2
-0.987	1.2
-0.989	1.2
-0.992	1.2
-0.995	1.2
-0.997	1.2
-1.000	1.2
-1.003	1.2
-1.005	1.2
-1.008	1.2
-1.011	1.2
-1.013	1.2
-1.016	1.2
-1.019	1.2
-1.021	1.2
-1.024	1.2
-1.027	1.2
-1.029	1.2
-1.032	1.2
-1.035	1.2
-1.037	1.2
-1.040	1.2
-1.043	1.2
-1.045	1.2
-1.048	1.2
-1.051	1.2
-1.053	1.2
-1.056	1.2
-1.059	1.2
-1.061	1.2
-1.064	1.2
-1.067	1.2
-1.069	1.2
-1.072	1.2
-1.075	1.2
-1.077	1.2
-1.080	1.2
-1.083	1.2
-1.085	1.2
-1.088	1.2
-1.091	1.2
-1.093	1.2
-1.096	1.2
-1.099	1.2
-1.101	1.2
-1.104	1.2
-1.107	1.2
-1.109	1.2
-1.112	1.2
-1.115	1.2
-1.118	1.2
-1.120	1.2
-1.123	1.2
-1.126	1.2
-1.128	1.2
-1.131	1.2
-1.134	1.2
-1.136	1.2
-1.139	1.2
-1.142	1.2
-1.144	1.2
-1.147	1.2
-1.150	1.2
-1.152	1.2
-1.155	1.2
-1.158	1.2
-1.160	1.2
-1.163	1.2
-1.166	1.2
-1.168	1.2
-1.171	1.2
-1.174	1.2
-1.176	1.2
-1.179	1.2
-1.182	1.2
-1.184	1.2
-1.187	1.2
-1.190	1.2
-1.192	1.2
-1.195	1.2
-1.198	1.2
-1.200	1.2
-1.203	1.2
-1.206	1.2
-1.208	1.2
-1.211	1.2
-1.214	1.2
-1.216	1.2
-1.219	1.2
-1.222	1.2
-1.224	1.2
-1.227	1.2
-1.230	1.2
-1.232	1.2
-1.235	1.2
-1.238	1.2
-1.240	1.2
-1.243	1.2
-1.246	1.2
-1.248	1.2
-1.251	1.2
-1.254	1.2
-1.256	1.2
-1.259	1.2
-1.262	1.2
-1.265	1.2
-1.267	1.2
-1.270	1.2
-1.273	1.2
-1.275	1.2
-1.278	1.2
-1.281	1.2
-1.283	1.2
-1.286	1.2
-1.289	1.2
-1.291	1.2
-1.294	1.2
-1.297	1.2
-1.299	1.2
-1.302	1.2
-1.305	1.2
-1.307	1.2
-1.310	1.2
-1.313	1.2
-1.315	1.2
-1.318	1.2
-1.321	1.2
-1.323	1.2
-1.326	1.2
-1.329	1.2
-1.331	1.2
-1.334	1.2
-1.337	1.2
-1.339	1.2
-1.342	1.2
-1.345	1.2
-1.347	1.2
-1.350	1.3
-1.353	1.2
-1.355	1.2
-1.358	1.2
-1.361	1.2
-1.363	1.2
-1.366	1.2
-1.369	1.3
-1.371	1.2
-1.374	1.2
-1.377	1.2
-1.379	1.2
-1.382	1.2
-1.385	1.2
-1.387	1.2
-1.390	1.2
-1.393	1.2
-1.395	1.2
-1.398	1.2
-1.401	1.2
-1.403	1.2
-1.406	1.2
-1.409	1.2
-1.411	1.2
-1.414	1.2
-1.417	1.2
-1.419	1.2
-1.422	1.2
-1.425	1.2
-1.428	1.2
-1.430	1.2
-1.433	1.2
-1.436	1.2
-1.438	1.2
-1.441	1.2
-1.444	1.2
-1.446	1.2
-1.449	1.2
-1.452	1.2
-1.454	1.2
-1.457	1.2
-1.460	1.2
-1.462	1.2
-1.465	1.2
-1.468	1.2
-1.470	1.2
-1.473	1.2
-1.476	1.2
-1.478	1.2
-1.481	1.2
-1.484	1.2
-1.486	1.2
-1.489	1.2
-1.492	1.2
-1.494	1.2
-1.497	1.2
-1.500	1.2
-1.502	1.2
-1.505	1.2
-1.508	1.2
-1.510	1.2
-1.513	1.2
-1.516	1.2
-1.518	1.2
-1.521	1.2
-1.524	1.2
-1.526	1.2
-1.529	1.2
-1.532	1.2
-1.534	1.2
-1.537	1.2
-1.540	1.2
-1.542	1.2
-1.545	1.2
-1.548	1.2
-1.550	1.2
-1.553	1.2
-1.556	1.2
-1.558	1.2
-1.561	1.2
-1.564	1.2
-1.566	1.2
-1.569	1.2
-1.572	1.2
-1.574	1.2
-1.577	1.2
-1.580	1.2
-1.582	1.2
-1.585	1.3
-1.588	1.2
-1.591	1.2
-1.593	1.2
-1.596	1.2
-1.599	1.2
-1.601	1.2
-1.604	1.2
-1.607	1.2
-1.609	1.2
-1.612	1.2
-1.615	1.2
-1.617	1.2
-1.620	1.2
-1.623	1.2
-1.625	1.2
-1.628	1.2
-1.631	1.2
-1.633	1.2
-1.636	1.2
-1.639	1.2
-1.641	1.2
-1.644	1.3
-1.647	1.2
-1.649	1.2
-1.652	1.2
-1.655	1.2
-1.657	1.2
-1.660	1.2
-1.663	1.2
-1.665	1.2
-1.668	1.2
-1.671	1.2
-1.673	1.2
-1.676	1.2
-1.679	1.2
-1.681	1.3
-1.684	1.2
-1.687	1.3
-1.689	1.3
-1.692	1.2
-1.695	1.3
-1.697	1.3
-1.700	1.3
-1.703	1.2
-1.705	1.2
-1.708	1.2
-1.711	1.2
-1.713	1.2
-1.716	1.3
-1.719	1.3
-1.721	1.2
-1.724	1.2
-1.727	1.2
-1.729	1.2
-1.732	1.2
-1.735	1.2
-1.737	1.2
-1.740	1.3
-1.743	1.2
-1.745	1.2
-1.748	1.2
-1.751	1.2
-1.753	1.2
-1.756	1.2
-1.759	1.2
-1.761	1.2
-1.764	1.2
-1.767	1.2
-1.769	1.2
-1.772	1.2
-1.775	1.2
-1.778	1.2
-1.780	1.2
-1.783	1.2
-1.786	1.2
-1.788	1.2
-1.791	1.2
-1.794	1.2
-1.796	1.2
-1.799	1.2
-1.802	1.2
-1.804	1.2
-1.807	1.2
-1.810	1.2
-1.812	1.2
-1.815	1.2
-1.818	1.2
-1.820	1.2
-1.823	1.2
-1.826	1.2
-1.828	1.2
-1.831	1.2
-1.834	1.2
-1.836	1.2
-1.839	1.2
-1.842	1.2
-1.844	1.2
-1.847	1.2
-1.850	1.2
-1.852	1.3
-1.855	1.2
-1.858	1.2
-1.860	1.2
-1.863	1.2
-1.866	1.2
-1.868	1.3
-1.871	1.2
-1.874	1.2
-1.876	1.2
-1.879	1.2
-1.882	1.2
-1.884	1.2
-1.887	1.2
-1.890	1.3
-1.892	1.2
-1.895	1.2
-1.898	1.2
-1.900	1.2
-1.903	1.2
-1.906	1.2
-1.908	1.2
-1.911	1.2
-1.914	1.2
-1.916	1.2
-1.919	1.2
-1.922	1.2
-1.924	1.2
-1.927	1.2
-1.930	1.2
-1.932	1.2
-1.935	1.2
-1.938	1.2
-1.940	1.2
-1.943	1.2
-1.946	1.2
-1.948	1.3
-1.951	1.2
-1.954	1.2
-1.956	1.2
-1.959	1.2
-1.962	1.2
-1.964	1.3
-1.967	1.3
-1.970	1.3
-1.972	1.3
-1.975	1.2
-1.978	1.2
-1.980	1.2
-1.983	1.2
-1.986	1.3
-1.989	1.2
-1.991	1.2
-1.994	1.3
-1.997	1.3
-1.999	1.3
-2.002	1.3
-2.005	1.3
-2.007	1.3
-2.010	1.3
-2.013	1.3
-2.015	1.2
-2.018	1.2
-2.021	1.3
-2.023	1.3
-2.026	1.2
-2.029	1.2
-2.031	1.2
-2.034	1.2
-2.037	1.2
-2.039	1.3
-2.042	1.3
-2.045	1.3
-2.047	1.2
-2.050	1.2
-2.053	1.2
-2.055	1.2
-2.058	1.2
-2.061	1.3
-2.063	1.3
-2.066	1.3
-2.069	1.3
-2.071	1.2
-2.074	1.2
-2.077	1.3
-2.079	1.3
-2.082	1.3
-2.085	1.3
-2.087	1.3
-2.090	1.3
-2.093	1.3
-2.095	1.3
-2.098	1.3
-2.101	1.3
-2.103	1.3
-2.106	1.3
-2.109	1.3
-2.111	1.3
-2.114	1.2
-2.117	1.3
-2.119	1.3
-2.122	1.3
-2.125	1.3
-2.127	1.3
-2.130	1.2
-2.133	1.2
-2.135	1.3
-2.138	1.3
-2.141	1.3
-2.143	1.2
-2.146	1.3
-2.149	1.2
-2.151	1.3
-2.154	1.3
-2.157	1.3
-2.159	1.3
-2.162	1.3
-2.165	1.3
-2.167	1.3
-2.170	1.3
-2.173	1.3
-2.175	1.3
-2.178	1.3
-2.181	1.3
-2.183	1.3
-2.186	1.2
-2.189	1.2
-2.191	1.3
-2.194	1.4
-2.197	1.3
-2.199	1.3
-2.202	1.3
-2.205	1.3
-2.207	1.3
-2.210	1.3
-2.213	1.4
-2.215	1.4
-2.218	1.4
-2.221	1.4
-2.223	1.3
-2.226	1.3
-2.229	1.3
-2.231	1.4
-2.234	1.4
-2.237	1.4
-2.240	1.4
-2.242	1.3
-2.245	1.3
-2.248	1.4
-2.250	1.4
-2.253	1.4
-2.256	1.4
-2.258	1.4
-2.261	1.4
-2.264	1.4
-2.266	1.4
-2.269	1.5
-2.272	1.4
-2.274	1.4
-2.277	1.4
-2.280	1.4
-2.282	1.4
-2.285	1.4
-2.288	1.4
-2.290	1.5
-2.293	1.4
-2.296	1.4
-2.298	1.4
-2.301	1.4
-2.304	1.4
-2.306	1.5
-2.309	1.5
-2.312	1.5
-2.314	1.5
-2.317	1.5
-2.320	1.4
-2.322	1.4
-2.325	1.4
-2.328	1.5
-2.330	1.4
-2.333	1.4
-2.336	1.4
-2.338	1.4
-2.341	1.4
-2.344	1.4
-2.346	1.4
-2.349	1.4
-2.352	1.4
-2.354	1.4
-2.357	1.3
-2.360	1.3
-2.362	1.3
-2.365	1.4
-2.368	1.4
-2.370	1.4
-2.373	1.4
-2.376	1.3
-2.378	1.3
-2.381	1.3
-2.384	1.4
-2.386	1.4
-2.389	1.4
-2.392	1.4
-2.394	1.3
-2.397	1.3
-2.400	1.4
-2.402	1.5
-2.405	1.5
-2.408	1.4
-2.410	1.4
-2.413	1.4
-2.416	1.4
-2.418	1.5
-2.421	1.5
-2.424	1.5
-2.426	1.4
-2.429	1.5
-2.432	1.4
-2.434	1.4
-2.437	1.4
-2.440	1.5
-2.442	1.5
-2.445	1.5
-2.448	1.5
-2.450	1.5
-2.453	1.4
-2.456	1.4
-2.458	1.4
-2.461	1.5
-2.464	1.5
-2.466	1.5
-2.469	1.5
-2.472	1.4
-2.474	1.4
-2.477	1.5
-2.480	1.5
-2.482	1.5
-2.485	1.4
-2.488	1.5
-2.490	1.4
-2.493	1.4
-2.496	1.4
-2.498	1.5
-2.501	1.5
-2.504	1.5
-2.506	1.5
-2.509	1.5
-2.512	1.4
-2.514	1.5
-2.517	1.5
-2.520	1.5
-2.522	1.5
-2.525	1.5
-2.528	1.4
-2.530	1.4
-2.533	1.5
-2.536	1.6
-2.538	1.5
-2.541	1.5
-2.544	1.5
-2.546	1.5
-2.549	1.5
-2.552	1.5
-2.554	1.5
-2.557	1.5
-2.560	1.5
-2.562	1.5
-2.565	1.4
-2.568	1.4
-2.570	1.5
-2.573	1.5
-2.576	1.5
-2.578	1.5
-2.581	1.5
-2.584	1.5
-2.586	1.5
-2.589	1.5
-2.592	1.5
-2.594	1.5
-2.597	1.5
-2.600	1.5
-2.602	1.5
-2.605	1.5
-2.608	1.5
-2.610	1.6
-2.613	1.6
-2.616	1.5
-2.619	1.5
-2.621	1.5
-2.624	1.5
-2.627	1.5
-2.629	1.5
-2.632	1.6
-2.635	1.5
-2.637	1.5
-2.640	1.5
-2.643	1.5
-2.645	1.5
-2.648	1.6
-2.651	1.5
-2.653	1.5
-2.656	1.5
-2.659	1.5
-2.661	1.4
-2.664	1.5
-2.667	1.5
-2.669	1.6
-2.672	1.5
-2.675	1.5
-2.677	1.5
-2.680	1.5
-2.683	1.5
-2.685	1.5
-2.688	1.5
-2.691	1.5
-2.693	1.5
-2.696	1.5
-2.699	1.5
-2.701	1.5
-2.704	1.5
-2.707	1.6
-2.709	1.6
-2.712	1.6
-2.715	1.6
-2.717	1.5
-2.720	1.5
-2.723	1.5
-2.725	1.5
-2.728	1.5
-2.731	1.5
-2.733	1.5
