&a / °	I1 / %
2.736	0.1
2.733	0.2
2.731	0.1
2.728	0.1
2.725	0.1
2.723	0.1
2.720	0.1
2.717	0.1
2.715	0.1
2.712	0.1
2.709	0.1
2.707	0.1
2.704	0.1
2.701	0.1
2.699	0.1
2.696	0.1
2.693	0.1
2.691	0.1
2.688	0.1
2.685	0.1
2.683	0.1
2.680	0.1
2.677	0.1
2.675	0.1
2.672	0.1
2.669	0.1
2.667	0.1
2.664	0.1
2.661	0.1
2.659	0.1
2.656	0.1
2.653	0.1
2.651	0.1
2.648	0.1
2.645	0.1
2.643	0.1
2.640	0.1
2.637	0.1
2.635	0.1
2.632	0.1
2.629	0.1
2.627	0.1
2.624	0.1
2.621	0.1
2.619	0.1
2.616	0.1
2.613	0.1
2.610	0.1
2.608	0.1
2.605	0.1
2.602	0.1
2.600	0.1
2.597	0.1
2.594	0.1
2.592	0.1
2.589	0.1
2.586	0.1
2.584	0.1
2.581	0.1
2.578	0.1
2.576	0.1
2.573	0.1
2.570	0.1
2.568	0.1
2.565	0.1
2.562	0.1
2.560	0.1
2.557	0.1
2.554	0.1
2.552	0.1
2.549	0.1
2.546	0.1
2.544	0.1
2.541	0.1
2.538	0.1
2.536	0.1
2.533	0.1
2.530	0.1
2.528	0.1
2.525	0.1
2.522	0.1
2.520	0.1
2.517	0.1
2.514	0.1
2.512	0.1
2.509	0.1
2.506	0.1
2.504	0.1
2.501	0.1
2.498	0.1
2.496	0.1
2.493	0.1
2.490	0.1
2.488	0.1
2.485	0.1
2.482	0.1
2.480	0.1
2.477	0.1
2.474	0.1
2.472	0.1
2.469	0.1
2.466	0.1
2.464	0.1
2.461	0.1
2.458	0.1
2.456	0.1
2.453	0.1
2.450	0.1
2.448	0.1
2.445	0.1
2.442	0.1
2.440	0.1
2.437	0.1
2.434	0.1
2.432	0.1
2.429	0.1
2.426	0.1
2.424	0.1
2.421	0.1
2.418	0.1
2.416	0.1
2.413	0.1
2.410	0.1
2.408	0.1
2.405	0.1
2.402	0.1
2.400	0.1
2.397	0.1
2.394	0.1
2.392	0.1
2.389	0.1
2.386	0.1
2.384	0.1
2.381	0.1
2.378	0.1
2.376	0.1
2.373	0.1
2.370	0.1
2.368	0.1
2.365	0.1
2.362	0.1
2.360	0.1
2.357	0.1
2.354	0.1
2.352	0.1
2.349	0.1
2.346	0.1
2.344	0.1
2.341	0.1
2.338	0.1
2.336	0.1
2.333	0.1
2.330	0.1
2.328	0.1
2.325	0.1
2.322	0.1
2.320	0.1
2.317	0.1
2.314	0.1
2.312	0.1
2.309	0.1
2.306	0.1
2.304	0.1
2.301	0.1
2.298	0.1
2.296	0.1
2.293	0.1
2.290	0.1
2.288	0.1
2.285	0.1
2.282	0.1
2.280	0.1
2.277	0.1
2.274	0.1
2.272	0.1
2.269	0.1
2.266	0.1
2.264	0.1
2.261	0.1
2.258	0.1
2.256	0.1
2.253	0.1
2.250	0.1
2.248	0.1
2.245	0.1
2.242	0.1
2.240	0.1
2.237	0.1
2.234	0.1
2.231	0.1
2.229	0.1
2.226	0.1
2.223	0.1
2.221	0.1
2.218	0.1
2.215	0.1
2.213	0.1
2.210	0.1
2.207	0.1
2.205	0.1
2.202	0.1
2.199	0.1
2.197	0.1
2.194	0.1
2.191	0.1
2.189	0.1
2.186	0.1
2.183	0.1
2.181	0.1
2.178	0.1
2.175	0.1
2.173	0.1
2.170	0.1
2.167	0.1
2.165	0.1
2.162	0.1
2.159	0.1
2.157	0.1
2.154	0.1
2.151	0.1
2.149	0.1
2.146	0.1
2.143	0.1
2.141	0.1
2.138	0.1
2.135	0.1
2.133	0.1
2.130	0.1
2.127	0.1
2.125	0.1
2.122	0.1
2.119	0.1
2.117	0.1
2.114	0.1
2.111	0.1
2.109	0.1
2.106	0.1
2.103	0.2
2.101	0.2
2.098	0.2
2.095	0.2
2.093	0.2
2.090	0.2
2.087	0.2
2.085	0.2
2.082	0.1
2.079	0.1
2.077	0.1
2.074	0.1
2.071	0.1
2.069	0.1
2.066	0.1
2.063	0.1
2.061	0.1
2.058	0.1
2.055	0.1
2.053	0.1
2.050	0.1
2.047	0.1
2.045	0.1
2.042	0.1
2.039	0.1
2.037	0.1
2.034	0.1
2.031	0.1
2.029	0.1
2.026	0.1
2.023	0.1
2.021	0.1
2.018	0.1
2.015	0.1
2.013	0.1
2.010	0.1
2.007	0.1
2.005	0.1
2.002	0.1
1.999	0.1
1.997	0.1
1.994	0.1
1.991	0.1
1.989	0.1
1.986	0.1
1.983	0.1
1.980	0.1
1.978	0.1
1.975	0.1
1.972	0.1
1.970	0.1
1.967	0.1
1.964	0.1
1.962	0.1
1.959	0.1
1.956	0.1
1.954	0.1
1.951	0.1
1.948	0.1
1.946	0.1
1.943	0.1
1.940	0.1
1.938	0.1
1.935	0.1
1.932	0.1
1.930	0.1
1.927	0.1
1.924	0.1
1.922	0.1
1.919	0.1
1.916	0.1
1.914	0.1
1.911	0.1
1.908	0.1
1.906	0.1
1.903	0.1
1.900	0.1
1.898	0.1
1.895	0.1
1.892	0.1
1.890	0.1
1.887	0.1
1.884	0.1
1.882	0.1
1.879	0.1
1.876	0.1
1.874	0.1
1.871	0.1
1.868	0.1
1.866	0.1
1.863	0.1
1.860	0.1
1.858	0.1
1.855	0.1
1.852	0.1
1.850	0.1
1.847	0.1
1.844	0.1
1.842	0.1
1.839	0.1
1.836	0.1
1.834	0.1
1.831	0.1
1.828	0.1
1.826	0.1
1.823	0.1
1.820	0.1
1.818	0.1
1.815	0.1
1.812	0.1
1.810	0.1
1.807	0.1
1.804	0.1
1.802	0.1
1.799	0.1
1.796	0.1
1.794	0.2
1.791	0.1
1.788	0.1
1.786	0.1
1.783	0.1
1.780	0.1
1.778	0.1
1.775	0.1
1.772	0.1
1.769	0.1
1.767	0.1
1.764	0.1
1.761	0.1
1.759	0.1
1.756	0.1
1.753	0.1
1.751	0.1
1.748	0.1
1.745	0.1
1.743	0.1
1.740	0.1
1.737	0.1
1.735	0.1
1.732	0.1
1.729	0.1
1.727	0.1
1.724	0.1
1.721	0.1
1.719	0.1
1.716	0.1
1.713	0.1
1.711	0.1
1.708	0.1
1.705	0.1
1.703	0.1
1.700	0.1
1.697	0.1
1.695	0.1
1.692	0.1
1.689	0.1
1.687	0.1
1.684	0.1
1.681	0.1
1.679	0.1
1.676	0.1
1.673	0.1
1.671	0.1
1.668	0.1
1.665	0.1
1.663	0.1
1.660	0.1
1.657	0.1
1.655	0.1
1.652	0.1
1.649	0.1
1.647	0.1
1.644	0.1
1.641	0.1
1.639	0.1
1.636	0.1
1.633	0.1
1.631	0.1
1.628	0.1
1.625	0.1
1.623	0.1
1.620	0.1
1.617	0.1
1.615	0.1
1.612	0.1
1.609	0.1
1.607	0.1
1.604	0.1
1.601	0.1
1.599	0.1
1.596	0.1
1.593	0.1
1.591	0.1
1.588	0.1
1.585	0.1
1.582	0.1
1.580	0.1
1.577	0.1
1.574	0.1
1.572	0.1
1.569	0.1
1.566	0.1
1.564	0.1
1.561	0.1
1.558	0.1
1.556	0.1
1.553	0.1
1.550	0.1
1.548	0.1
1.545	0.1
1.542	0.1
1.540	0.1
1.537	0.1
1.534	0.1
1.532	0.1
1.529	0.1
1.526	0.1
1.524	0.1
1.521	0.1
1.518	0.1
1.516	0.1
1.513	0.1
1.510	0.1
1.508	0.1
1.505	0.1
1.502	0.1
1.500	0.1
1.497	0.1
1.494	0.1
1.492	0.1
1.489	0.1
1.486	0.1
1.484	0.1
1.481	0.1
1.478	0.1
1.476	0.1
1.473	0.1
1.470	0.1
1.468	0.1
1.465	0.1
1.462	0.1
1.460	0.1
1.457	0.1
1.454	0.1
1.452	0.1
1.449	0.1
1.446	0.1
1.444	0.1
1.441	0.1
1.438	0.1
1.436	0.1
1.433	0.1
1.430	0.1
1.428	0.1
1.425	0.1
1.422	0.1
1.419	0.1
1.417	0.1
1.414	0.1
1.411	0.1
1.409	0.1
1.406	0.1
1.403	0.1
1.401	0.1
1.398	0.1
1.395	0.1
1.393	0.1
1.390	0.1
1.387	0.1
1.385	0.1
1.382	0.1
1.379	0.1
1.377	0.1
1.374	0.1
1.371	0.1
1.369	0.1
1.366	0.1
1.363	0.1
1.361	0.1
1.358	0.1
1.355	0.1
1.353	0.1
1.350	0.1
1.347	0.1
1.345	0.1
1.342	0.1
1.339	0.1
1.337	0.1
1.334	0.1
1.331	0.1
1.329	0.1
1.326	0.1
1.323	0.1
1.321	0.1
1.318	0.1
1.315	0.1
1.313	0.1
1.310	0.1
1.307	0.1
1.305	0.1
1.302	0.1
1.299	0.1
1.297	0.1
1.294	0.1
1.291	0.1
1.289	0.1
1.286	0.1
1.283	0.1
1.281	0.1
1.278	0.1
1.275	0.1
1.273	0.1
1.270	0.1
1.267	0.1
1.265	0.1
1.262	0.1
1.259	0.1
1.256	0.1
1.254	0.1
1.251	0.1
1.248	0.1
1.246	0.1
1.243	0.1
1.240	0.1
1.238	0.1
1.235	0.1
1.232	0.1
1.230	0.1
1.227	0.1
1.224	0.1
1.222	0.1
1.219	0.1
1.216	0.1
1.214	0.1
1.211	0.1
1.208	0.1
1.206	0.1
1.203	0.1
1.200	0.1
1.198	0.1
1.195	0.1
1.192	0.1
1.190	0.1
1.187	0.1
1.184	0.1
1.182	0.1
1.179	0.1
1.176	0.1
1.174	0.1
1.171	0.1
1.168	0.1
1.166	0.1
1.163	0.1
1.160	0.1
1.158	0.1
1.155	0.1
1.152	0.1
1.150	0.1
1.147	0.1
1.144	0.1
1.142	0.1
1.139	0.1
1.136	0.1
1.134	0.1
1.131	0.1
1.128	0.1
1.126	0.1
1.123	0.1
1.120	0.1
1.118	0.1
1.115	0.1
1.112	0.1
1.109	0.1
1.107	0.1
1.104	0.1
1.101	0.1
1.099	0.1
1.096	0.1
1.093	0.1
1.091	0.1
1.088	0.1
1.085	0.1
1.083	0.1
1.080	0.1
1.077	0.1
1.075	0.1
1.072	0.1
1.069	0.1
1.067	0.1
1.064	0.1
1.061	0.1
1.059	0.1
1.056	0.1
1.053	0.1
1.051	0.1
1.048	0.1
1.045	0.1
1.043	0.1
1.040	0.1
1.037	0.1
1.035	0.1
1.032	0.1
1.029	0.1
1.027	0.1
1.024	0.1
1.021	0.1
1.019	0.1
1.016	0.1
1.013	0.1
1.011	0.1
1.008	0.1
1.005	0.1
1.003	0.1
1.000	0.1
0.997	0.1
0.995	0.1
0.992	0.1
0.989	0.1
0.987	0.1
0.984	0.1
0.981	0.1
0.979	0.1
0.976	0.1
0.973	0.1
0.970	0.1
0.968	0.1
0.965	0.1
0.962	0.1
0.960	0.1
0.957	0.1
0.954	0.1
0.952	0.1
0.949	0.1
0.946	0.1
0.944	0.1
0.941	0.1
0.938	0.1
0.936	0.1
0.933	0.1
0.930	0.1
0.928	0.1
0.925	0.1
0.922	0.1
0.920	0.1
0.917	0.1
0.914	0.1
0.912	0.1
0.909	0.1
0.906	0.1
0.904	0.1
0.901	0.1
0.898	0.1
0.896	0.1
0.893	0.1
0.890	0.1
0.888	0.1
0.885	0.1
0.882	0.1
0.880	0.1
0.877	0.1
0.874	0.1
0.872	0.1
0.869	0.1
0.866	0.1
0.864	0.1
0.861	0.1
0.858	0.1
0.856	0.1
0.853	0.1
0.850	0.1
0.848	0.1
0.845	0.1
0.842	0.1
0.840	0.1
0.837	0.1
0.834	0.1
0.831	0.1
0.829	0.1
0.826	0.1
0.823	0.1
0.821	0.1
0.818	0.1
0.815	0.1
0.813	0.1
0.810	0.1
0.807	0.1
0.805	0.1
0.802	0.1
0.799	0.1
0.797	0.1
0.794	0.1
0.791	0.1
0.789	0.1
0.786	0.1
0.783	0.1
0.781	0.1
0.778	0.1
0.775	0.1
0.773	0.1
0.770	0.1
0.767	0.1
0.765	0.1
0.762	0.1
0.759	0.1
0.757	0.1
0.754	0.1
0.751	0.1
0.749	0.1
0.746	0.1
0.743	0.1
0.741	0.1
0.738	0.1
0.735	0.1
0.733	0.1
0.730	0.1
0.727	0.1
0.725	0.1
0.722	0.1
0.719	0.1
0.717	0.1
0.714	0.1
0.711	0.1
0.709	0.1
0.706	0.1
0.703	0.1
0.701	0.1
0.698	0.1
0.695	0.1
0.692	0.1
0.690	0.1
0.687	0.1
0.684	0.1
0.682	0.1
0.679	0.1
0.676	0.1
0.674	0.1
0.671	0.1
0.668	0.1
0.666	0.1
0.663	0.1
0.660	0.1
0.658	0.1
0.655	0.1
0.652	0.1
0.650	0.1
0.647	0.1
0.644	0.1
0.642	0.1
0.639	0.1
0.636	0.1
0.634	0.1
0.631	0.1
0.628	0.1
0.626	0.1
0.623	0.1
0.620	0.1
0.618	0.1
0.615	0.1
0.612	0.1
0.610	0.1
0.607	0.1
0.604	0.1
0.602	0.1
0.599	0.1
0.596	0.1
0.594	0.1
0.591	0.1
0.588	0.1
0.586	0.1
0.583	0.1
0.580	0.1
0.578	0.1
0.575	0.1
0.572	0.1
0.570	0.1
0.567	0.1
0.564	0.1
0.561	0.1
0.559	0.1
0.556	0.1
0.553	0.1
0.551	0.1
0.548	0.1
0.545	0.1
0.543	0.1
0.540	0.1
0.537	0.1
0.535	0.1
0.532	0.1
0.529	0.1
0.527	0.1
0.524	0.1
0.521	0.1
0.519	0.1
0.516	0.1
0.513	0.1
0.511	0.1
0.508	0.1
0.505	0.1
0.503	0.1
0.500	0.1
0.497	0.1
0.495	0.1
0.492	0.1
0.489	0.1
0.487	0.1
0.484	0.1
0.481	0.1
0.479	0.1
0.476	0.1
0.473	0.1
0.471	0.1
0.468	0.1
0.465	0.1
0.463	0.1
0.460	0.1
0.457	0.1
0.455	0.1
0.452	0.1
0.449	0.1
0.447	0.1
0.444	0.1
0.441	0.1
0.438	0.1
0.436	0.1
0.433	0.1
0.430	0.1
0.428	0.1
0.425	0.1
0.422	0.1
0.420	0.1
0.417	0.1
0.414	0.1
0.412	0.1
0.409	0.1
0.406	0.1
0.404	0.1
0.401	0.1
0.398	0.1
0.396	0.1
0.393	0.1
0.390	0.1
0.388	0.1
0.385	0.1
0.382	0.1
0.380	0.1
0.377	0.1
0.374	0.1
0.372	0.1
0.369	0.1
0.366	0.1
0.364	0.1
0.361	0.1
0.358	0.1
0.356	0.1
0.353	0.1
0.350	0.1
0.348	0.1
0.345	0.1
0.342	0.1
0.340	0.1
0.337	0.1
0.334	0.1
0.332	0.1
0.329	0.1
0.326	0.1
0.324	0.1
0.321	0.1
0.318	0.1
0.316	0.1
0.313	0.1
0.310	0.1
0.307	0.1
0.305	0.1
0.302	0.1
0.299	0.1
0.297	0.1
0.294	0.1
0.291	0.1
0.289	0.1
0.286	0.1
0.283	0.1
0.281	0.1
0.278	0.1
0.275	0.1
0.273	0.1
0.270	0.1
0.267	0.1
0.265	0.1
0.262	0.1
0.259	0.1
0.257	0.1
0.254	0.1
0.251	0.1
0.249	0.1
0.246	0.1
0.243	0.1
0.241	0.1
0.238	0.1
0.235	0.1
0.233	0.1
0.230	0.1
0.227	0.1
0.225	0.1
0.222	0.1
0.219	0.1
0.217	0.1
0.214	0.1
0.211	0.1
0.209	0.1
0.206	0.1
0.203	0.1
0.201	0.1
0.198	0.1
0.195	0.1
0.193	0.1
0.190	0.1
0.187	0.1
0.184	0.1
0.182	0.1
0.179	0.1
0.176	0.1
0.174	0.1
0.171	0.1
0.168	0.1
0.166	0.1
0.163	0.1
0.160	0.1
0.158	0.1
0.155	0.1
0.152	0.1
0.150	0.1
0.147	0.1
0.144	0.1
0.142	0.1
0.139	0.1
0.136	0.1
0.134	0.1
0.131	0.1
0.128	0.1
0.126	0.1
0.123	0.1
0.120	0.1
0.118	0.1
0.115	0.1
0.112	0.1
0.110	0.1
0.107	0.1
0.104	0.1
0.102	0.1
0.099	0.1
0.096	0.1
0.094	0.1
0.091	0.1
0.088	0.1
0.086	0.1
0.083	0.1
0.080	0.1
0.078	0.1
0.075	0.2
0.072	0.3
0.070	0.3
0.067	0.3
0.064	0.4
0.061	0.4
0.059	0.3
0.056	0.2
0.053	0.1
0.051	0.1
0.048	0.1
0.045	0.1
0.043	0.1
0.040	0.1
0.037	0.1
0.035	0.1
0.032	0.1
0.029	0.1
0.027	0.1
0.024	0.1
0.021	0.1
0.019	0.1
0.016	0.1
0.013	0.1
0.011	0.1
0.008	0.1
0.005	0.1
0.003	0.1
0.000	0.1
-0.003	0.1
-0.005	0.1
-0.008	0.1
-0.011	0.1
-0.013	0.1
-0.016	0.1
-0.019	0.1
-0.021	0.1
-0.024	0.1
-0.027	0.1
-0.029	0.1
-0.032	0.1
-0.035	0.1
-0.037	0.1
-0.040	0.1
-0.043	0.1
-0.045	0.1
-0.048	0.1
-0.051	0.1
-0.053	0.1
-0.056	0.1
-0.059	0.1
-0.061	0.1
-0.064	0.1
-0.067	0.1
-0.070	0.1
-0.072	0.1
-0.075	0.1
-0.078	0.1
-0.080	0.1
-0.083	0.1
-0.086	0.1
-0.088	0.1
-0.091	0.1
-0.094	0.1
-0.096	0.1
-0.099	0.1
-0.102	0.1
-0.104	0.1
-0.107	0.1
-0.110	0.1
-0.112	0.1
-0.115	0.1
-0.118	0.1
-0.120	0.1
-0.123	0.1
-0.126	0.1
-0.128	0.1
-0.131	0.1
-0.134	0.1
-0.136	0.1
-0.139	0.1
-0.142	0.1
-0.144	0.1
-0.147	0.1
-0.150	0.1
-0.152	0.1
-0.155	0.1
-0.158	0.1
-0.160	0.1
-0.163	0.1
-0.166	0.1
-0.168	0.1
-0.171	0.1
-0.174	0.1
-0.176	0.1
-0.179	0.1
-0.182	0.1
-0.184	0.1
-0.187	0.1
-0.190	0.1
-0.193	0.1
-0.195	0.1
-0.198	0.1
-0.201	0.1
-0.203	0.1
-0.206	0.1
-0.209	0.1
-0.211	0.1
-0.214	0.1
-0.217	0.1
-0.219	0.1
-0.222	0.1
-0.225	0.1
-0.227	0.1
-0.230	0.1
-0.233	0.1
-0.235	0.1
-0.238	0.1
-0.241	0.1
-0.243	0.1
-0.246	0.1
-0.249	0.1
-0.251	0.1
-0.254	0.1
-0.257	0.1
-0.259	0.1
-0.262	0.1
-0.265	0.1
-0.267	0.1
-0.270	0.1
-0.273	0.1
-0.275	0.1
-0.278	0.1
-0.281	0.1
-0.283	0.1
-0.286	0.1
-0.289	0.1
-0.291	0.1
-0.294	0.1
-0.297	0.1
-0.299	0.1
-0.302	0.1
-0.305	0.1
-0.307	0.1
-0.310	0.1
-0.313	0.1
-0.316	0.1
-0.318	0.1
-0.321	0.1
-0.324	0.1
-0.326	0.1
-0.329	0.1
-0.332	0.1
-0.334	0.1
-0.337	0.1
-0.340	0.1
-0.342	0.1
-0.345	0.1
-0.348	0.1
-0.350	0.1
-0.353	0.1
-0.356	0.1
-0.358	0.1
-0.361	0.1
-0.364	0.1
-0.366	0.1
-0.369	0.1
-0.372	0.1
-0.374	0.1
-0.377	0.1
-0.380	0.1
-0.382	0.1
-0.385	0.1
-0.388	0.1
-0.390	0.1
-0.393	0.1
-0.396	0.1
-0.398	0.1
-0.401	0.1
-0.404	0.1
-0.406	0.1
-0.409	0.1
-0.412	0.1
-0.414	0.1
-0.417	0.1
-0.420	0.1
-0.422	0.1
-0.425	0.1
-0.428	0.1
-0.430	0.1
-0.433	0.1
-0.436	0.1
-0.438	0.1
-0.441	0.1
-0.444	0.1
-0.447	0.1
-0.449	0.1
-0.452	0.1
-0.455	0.1
-0.457	0.1
-0.460	0.1
-0.463	0.1
-0.465	0.1
-0.468	0.1
-0.471	0.1
-0.473	0.1
-0.476	0.1
-0.479	0.1
-0.481	0.1
-0.484	0.1
-0.487	0.1
-0.489	0.1
-0.492	0.1
-0.495	0.1
-0.497	0.1
-0.500	0.1
-0.503	0.1
-0.505	0.1
-0.508	0.1
-0.511	0.1
-0.513	0.1
-0.516	0.1
-0.519	0.1
-0.521	0.1
-0.524	0.1
-0.527	0.1
-0.529	0.1
-0.532	0.1
-0.535	0.1
-0.537	0.1
-0.540	0.1
-0.543	0.1
-0.545	0.1
-0.548	0.1
-0.551	0.1
-0.553	0.1
-0.556	0.1
-0.559	0.1
-0.561	0.1
-0.564	0.1
-0.567	0.1
-0.570	0.1
-0.572	0.1
-0.575	0.1
-0.578	0.1
-0.580	0.1
-0.583	0.1
-0.586	0.1
-0.588	0.1
-0.591	0.1
-0.594	0.1
-0.596	0.1
-0.599	0.1
-0.602	0.1
-0.604	0.1
-0.607	0.1
-0.610	0.1
-0.612	0.1
-0.615	0.1
-0.618	0.1
-0.620	0.1
-0.623	0.1
-0.626	0.1
-0.628	0.1
-0.631	0.1
-0.634	0.1
-0.636	0.1
-0.639	0.1
-0.642	0.1
-0.644	0.1
-0.647	0.1
-0.650	0.1
-0.652	0.1
-0.655	0.1
-0.658	0.1
-0.660	0.1
-0.663	0.1
-0.666	0.1
-0.668	0.1
-0.671	0.1
-0.674	0.1
-0.676	0.1
-0.679	0.1
-0.682	0.1
-0.684	0.1
-0.687	0.1
-0.690	0.1
-0.692	0.1
-0.695	0.1
-0.698	0.1
-0.701	0.1
-0.703	0.1
-0.706	0.1
-0.709	0.1
-0.711	0.1
-0.714	0.1
-0.717	0.1
-0.719	0.1
-0.722	0.1
-0.725	0.1
-0.727	0.1
-0.730	0.1
-0.733	0.1
-0.735	0.1
-0.738	0.1
-0.741	0.1
-0.743	0.1
-0.746	0.1
-0.749	0.1
-0.751	0.1
-0.754	0.1
-0.757	0.1
-0.759	0.1
-0.762	0.1
-0.765	0.1
-0.767	0.1
-0.770	0.1
-0.773	0.1
-0.775	0.1
-0.778	0.1
-0.781	0.1
-0.783	0.1
-0.786	0.1
-0.789	0.1
-0.791	0.1
-0.794	0.1
-0.797	0.1
-0.799	0.1
-0.802	0.1
-0.805	0.1
-0.807	0.1
-0.810	0.1
-0.813	0.1
-0.815	0.1
-0.818	0.1
-0.821	0.1
-0.823	0.1
-0.826	0.1
-0.829	0.1
-0.831	0.1
-0.834	0.1
-0.837	0.1
-0.840	0.1
-0.842	0.1
-0.845	0.1
-0.848	0.1
-0.850	0.1
-0.853	0.1
-0.856	0.1
-0.858	0.1
-0.861	0.1
-0.864	0.1
-0.866	0.1
-0.869	0.1
-0.872	0.1
-0.874	0.1
-0.877	0.1
-0.880	0.1
-0.882	0.1
-0.885	0.1
-0.888	0.1
-0.890	0.1
-0.893	0.1
-0.896	0.1
-0.898	0.1
-0.901	0.1
-0.904	0.1
-0.906	0.1
-0.909	0.1
-0.912	0.1
-0.914	0.1
-0.917	0.1
-0.920	0.1
-0.922	0.1
-0.925	0.1
-0.928	0.1
-0.930	0.1
-0.933	0.1
-0.936	0.1
-0.938	0.1
-0.941	0.1
-0.944	0.1
-0.946	0.1
-0.949	0.1
-0.952	0.1
-0.954	0.1
-0.957	0.1
-0.960	0.1
-0.962	0.1
-0.965	0.1
-0.968	0.1
-0.970	0.1
-0.973	0.1
-0.976	0.1
-0.979	0.1
-0.981	0.1
-0.984	0.1
-0.987	0.1
-0.989	0.1
-0.992	0.1
-0.995	0.1
-0.997	0.1
-1.000	0.1
-1.003	0.1
-1.005	0.1
-1.008	0.1
-1.011	0.1
-1.013	0.1
-1.016	0.1
-1.019	0.1
-1.021	0.1
-1.024	0.1
-1.027	0.1
-1.029	0.1
-1.032	0.1
-1.035	0.1
-1.037	0.1
-1.040	0.1
-1.043	0.1
-1.045	0.1
-1.048	0.1
-1.051	0.1
-1.053	0.1
-1.056	0.1
-1.059	0.1
-1.061	0.1
-1.064	0.1
-1.067	0.1
-1.069	0.1
-1.072	0.1
-1.075	0.1
-1.077	0.1
-1.080	0.1
-1.083	0.1
-1.085	0.1
-1.088	0.1
-1.091	0.1
-1.093	0.1
-1.096	0.1
-1.099	0.1
-1.101	0.1
-1.104	0.1
-1.107	0.1
-1.109	0.1
-1.112	0.1
-1.115	0.1
-1.118	0.1
-1.120	0.1
-1.123	0.1
-1.126	0.1
-1.128	0.1
-1.131	0.1
-1.134	0.1
-1.136	0.1
-1.139	0.1
-1.142	0.1
-1.144	0.1
-1.147	0.1
-1.150	0.1
-1.152	0.1
-1.155	0.1
-1.158	0.1
-1.160	0.1
-1.163	0.1
-1.166	0.1
-1.168	0.1
-1.171	0.1
-1.174	0.1
-1.176	0.1
-1.179	0.1
-1.182	0.1
-1.184	0.1
-1.187	0.1
-1.190	0.1
-1.192	0.1
-1.195	0.1
-1.198	0.1
-1.200	0.1
-1.203	0.1
-1.206	0.1
-1.208	0.1
-1.211	0.1
-1.214	0.1
-1.216	0.1
-1.219	0.1
-1.222	0.1
-1.224	0.1
-1.227	0.1
-1.230	0.1
-1.232	0.1
-1.235	0.1
-1.238	0.1
-1.240	0.1
-1.243	0.1
-1.246	0.1
-1.248	0.1
-1.251	0.1
-1.254	0.1
-1.256	0.1
-1.259	0.1
-1.262	0.1
-1.265	0.1
-1.267	0.1
-1.270	0.1
-1.273	0.1
-1.275	0.1
-1.278	0.1
-1.281	0.1
-1.283	0.1
-1.286	0.1
-1.289	0.1
-1.291	0.1
-1.294	0.1
-1.297	0.1
-1.299	0.1
-1.302	0.1
-1.305	0.1
-1.307	0.1
-1.310	0.1
-1.313	0.1
-1.315	0.1
-1.318	0.1
-1.321	0.1
-1.323	0.1
-1.326	0.1
-1.329	0.1
-1.331	0.1
-1.334	0.1
-1.337	0.1
-1.339	0.1
-1.342	0.1
-1.345	0.1
-1.347	0.1
-1.350	0.1
-1.353	0.1
-1.355	0.1
-1.358	0.1
-1.361	0.1
-1.363	0.1
-1.366	0.1
-1.369	0.1
-1.371	0.1
-1.374	0.1
-1.377	0.1
-1.379	0.1
-1.382	0.1
-1.385	0.1
-1.387	0.1
-1.390	0.1
-1.393	0.1
-1.395	0.1
-1.398	0.1
-1.401	0.1
-1.403	0.1
-1.406	0.1
-1.409	0.1
-1.411	0.1
-1.414	0.1
-1.417	0.1
-1.419	0.1
-1.422	0.1
-1.425	0.1
-1.428	0.1
-1.430	0.1
-1.433	0.1
-1.436	0.1
-1.438	0.1
-1.441	0.1
-1.444	0.1
-1.446	0.1
-1.449	0.1
-1.452	0.1
-1.454	0.1
-1.457	0.1
-1.460	0.1
-1.462	0.1
-1.465	0.1
-1.468	0.1
-1.470	0.1
-1.473	0.1
-1.476	0.1
-1.478	0.1
-1.481	0.1
-1.484	0.1
-1.486	0.1
-1.489	0.1
-1.492	0.1
-1.494	0.1
-1.497	0.1
-1.500	0.1
-1.502	0.1
-1.505	0.1
-1.508	0.1
-1.510	0.1
-1.513	0.1
-1.516	0.1
-1.518	0.1
-1.521	0.1
-1.524	0.1
-1.526	0.1
-1.529	0.1
-1.532	0.1
-1.534	0.1
-1.537	0.1
-1.540	0.1
-1.542	0.1
-1.545	0.1
-1.548	0.1
-1.550	0.1
-1.553	0.1
-1.556	0.1
-1.558	0.1
-1.561	0.1
-1.564	0.1
-1.566	0.1
-1.569	0.1
-1.572	0.1
-1.574	0.1
-1.577	0.1
-1.580	0.1
-1.582	0.1
-1.585	0.1
-1.588	0.1
-1.591	0.1
-1.593	0.1
-1.596	0.1
-1.599	0.1
-1.601	0.1
-1.604	0.1
-1.607	0.1
-1.609	0.1
-1.612	0.1
-1.615	0.1
-1.617	0.1
-1.620	0.1
-1.623	0.1
-1.625	0.1
-1.628	0.1
-1.631	0.1
-1.633	0.1
-1.636	0.1
-1.639	0.1
-1.641	0.1
-1.644	0.1
-1.647	0.1
-1.649	0.1
-1.652	0.1
-1.655	0.1
-1.657	0.1
-1.660	0.1
-1.663	0.1
-1.665	0.1
-1.668	0.1
-1.671	0.1
-1.673	0.1
-1.676	0.1
-1.679	0.1
-1.681	0.1
-1.684	0.1
-1.687	0.1
-1.689	0.1
-1.692	0.1
-1.695	0.1
-1.697	0.1
-1.700	0.1
-1.703	0.1
-1.705	0.1
-1.708	0.1
-1.711	0.1
-1.713	0.1
-1.716	0.1
-1.719	0.1
-1.721	0.1
-1.724	0.1
-1.727	0.1
-1.729	0.1
-1.732	0.1
-1.735	0.1
-1.737	0.1
-1.740	0.1
-1.743	0.1
-1.745	0.1
-1.748	0.1
-1.751	0.1
-1.753	0.1
-1.756	0.1
-1.759	0.1
-1.761	0.1
-1.764	0.1
-1.767	0.1
-1.769	0.1
-1.772	0.1
-1.775	0.1
-1.778	0.1
-1.780	0.1
-1.783	0.1
-1.786	0.1
-1.788	0.1
-1.791	0.1
-1.794	0.1
-1.796	0.1
-1.799	0.1
-1.802	0.1
-1.804	0.1
-1.807	0.1
-1.810	0.1
-1.812	0.1
-1.815	0.1
-1.818	0.1
-1.820	0.1
-1.823	0.1
-1.826	0.1
-1.828	0.1
-1.831	0.1
-1.834	0.1
-1.836	0.1
-1.839	0.1
-1.842	0.1
-1.844	0.1
-1.847	0.1
-1.850	0.1
-1.852	0.1
-1.855	0.1
-1.858	0.1
-1.860	0.1
-1.863	0.1
-1.866	0.1
-1.868	0.1
-1.871	0.1
-1.874	0.1
-1.876	0.1
-1.879	0.1
-1.882	0.1
-1.884	0.1
-1.887	0.1
-1.890	0.1
-1.892	0.1
-1.895	0.1
-1.898	0.1
-1.900	0.1
-1.903	0.1
-1.906	0.1
-1.908	0.1
-1.911	0.1
-1.914	0.1
-1.916	0.1
-1.919	0.1
-1.922	0.1
-1.924	0.1
-1.927	0.1
-1.930	0.1
-1.932	0.1
-1.935	0.1
-1.938	0.1
-1.940	0.1
-1.943	0.1
-1.946	0.1
-1.948	0.1
-1.951	0.1
-1.954	0.1
-1.956	0.1
-1.959	0.1
-1.962	0.1
-1.964	0.1
-1.967	0.1
-1.970	0.1
-1.972	0.1
-1.975	0.1
-1.978	0.1
-1.980	0.1
-1.983	0.1
-1.986	0.1
-1.989	0.1
-1.991	0.1
-1.994	0.1
-1.997	0.1
-1.999	0.1
-2.002	0.1
-2.005	0.1
-2.007	0.1
-2.010	0.1
-2.013	0.1
-2.015	0.1
-2.018	0.1
-2.021	0.1
-2.023	0.1
-2.026	0.1
-2.029	0.1
-2.031	0.1
-2.034	0.1
-2.037	0.1
-2.039	0.1
-2.042	0.1
-2.045	0.1
-2.047	0.1
-2.050	0.1
-2.053	0.1
-2.055	0.1
-2.058	0.1
-2.061	0.1
-2.063	0.1
-2.066	0.1
-2.069	0.1
-2.071	0.1
-2.074	0.1
-2.077	0.1
-2.079	0.1
-2.082	0.1
-2.085	0.1
-2.087	0.1
-2.090	0.1
-2.093	0.1
-2.095	0.1
-2.098	0.1
-2.101	0.1
-2.103	0.1
-2.106	0.1
-2.109	0.1
-2.111	0.1
-2.114	0.1
-2.117	0.1
-2.119	0.1
-2.122	0.1
-2.125	0.1
-2.127	0.1
-2.130	0.1
-2.133	0.1
-2.135	0.1
-2.138	0.1
-2.141	0.1
-2.143	0.1
-2.146	0.1
-2.149	0.1
-2.151	0.1
-2.154	0.1
-2.157	0.1
-2.159	0.1
-2.162	0.1
-2.165	0.1
-2.167	0.1
-2.170	0.1
-2.173	0.1
-2.175	0.1
-2.178	0.1
-2.181	0.1
-2.183	0.1
-2.186	0.1
-2.189	0.1
-2.191	0.1
-2.194	0.1
-2.197	0.1
-2.199	0.1
-2.202	0.1
-2.205	0.1
-2.207	0.1
-2.210	0.1
-2.213	0.1
-2.215	0.1
-2.218	0.1
-2.221	0.1
-2.223	0.1
-2.226	0.1
-2.229	0.1
-2.231	0.1
-2.234	0.1
-2.237	0.1
-2.240	0.1
-2.242	0.1
-2.245	0.1
-2.248	0.1
-2.250	0.1
-2.253	0.1
-2.256	0.1
-2.258	0.1
-2.261	0.1
-2.264	0.1
-2.266	0.1
-2.269	0.1
-2.272	0.1
-2.274	0.1
-2.277	0.1
-2.280	0.1
-2.282	0.1
-2.285	0.1
-2.288	0.1
-2.290	0.1
-2.293	0.1
-2.296	0.1
-2.298	0.1
-2.301	0.1
-2.304	0.1
-2.306	0.1
-2.309	0.1
-2.312	0.1
-2.314	0.1
-2.317	0.1
-2.320	0.1
-2.322	0.1
-2.325	0.1
-2.328	0.1
-2.330	0.1
-2.333	0.1
-2.336	0.1
-2.338	0.1
-2.341	0.1
-2.344	0.1
-2.346	0.1
-2.349	0.1
-2.352	0.1
-2.354	0.1
-2.357	0.1
-2.360	0.1
-2.362	0.1
-2.365	0.1
-2.368	0.1
-2.370	0.1
-2.373	0.1
-2.376	0.1
-2.378	0.1
-2.381	0.1
-2.384	0.1
-2.386	0.1
-2.389	0.1
-2.392	0.1
-2.394	0.1
-2.397	0.1
-2.400	0.1
-2.402	0.1
-2.405	0.1
-2.408	0.1
-2.410	0.1
-2.413	0.1
-2.416	0.1
-2.418	0.1
-2.421	0.1
-2.424	0.1
-2.426	0.1
-2.429	0.1
-2.432	0.1
-2.434	0.1
-2.437	0.1
-2.440	0.1
-2.442	0.1
-2.445	0.1
-2.448	0.1
-2.450	0.1
-2.453	0.1
-2.456	0.1
-2.458	0.1
-2.461	0.1
-2.464	0.1
-2.466	0.1
-2.469	0.1
-2.472	0.1
-2.474	0.1
-2.477	0.1
-2.480	0.1
-2.482	0.1
-2.485	0.1
-2.488	0.1
-2.490	0.1
-2.493	0.1
-2.496	0.1
-2.498	0.1
-2.501	0.1
-2.504	0.1
-2.506	0.1
-2.509	0.1
-2.512	0.1
-2.514	0.1
-2.517	0.1
-2.520	0.1
-2.522	0.1
-2.525	0.1
-2.528	0.1
-2.530	0.1
-2.533	0.1
-2.536	0.1
-2.538	0.1
-2.541	0.1
-2.544	0.1
-2.546	0.1
-2.549	0.1
-2.552	0.1
-2.554	0.1
-2.557	0.1
-2.560	0.1
-2.562	0.1
-2.565	0.1
-2.568	0.1
-2.570	0.1
-2.573	0.1
-2.576	0.1
-2.578	0.1
-2.581	0.1
-2.584	0.1
-2.586	0.1
-2.589	0.1
-2.592	0.1
-2.594	0.1
-2.597	0.1
-2.600	0.1
-2.602	0.1
-2.605	0.1
-2.608	0.1
-2.610	0.1
-2.613	0.1
-2.616	0.1
-2.619	0.1
-2.621	0.1
-2.624	0.1
-2.627	0.1
-2.629	0.1
-2.632	0.1
-2.635	0.1
-2.637	0.1
-2.640	0.1
-2.643	0.1
-2.645	0.1
-2.648	0.1
-2.651	0.1
-2.653	0.1
-2.656	0.1
-2.659	0.1
-2.661	0.1
-2.664	0.1
-2.667	0.1
-2.669	0.1
-2.672	0.1
-2.675	0.1
-2.677	0.1
-2.680	0.1
-2.683	0.1
-2.685	0.1
-2.688	0.1
-2.691	0.1
-2.693	0.1
-2.696	0.1
-2.699	0.1
-2.701	0.1
-2.704	0.1
-2.707	0.1
-2.709	0.1
-2.712	0.1
-2.715	0.1
-2.717	0.1
-2.720	0.1
-2.723	0.1
-2.725	0.1
-2.728	0.1
-2.731	0.1
-2.733	0.1
