#U_B / V	U_A / V
0.1	0.0
0.1	0.0
0.1	0.0
0.2	0.0
0.4	0.0
0.6	0.0
0.9	0.0
1.1	0.0
1.4	0.0
1.6	0.0
1.8	0.0
2.2	0.0
2.4	0.0
2.6	0.0
2.8	0.0
3.0	0.0
3.3	0.0
3.5	0.0
3.8	0.0
4.0	0.0
4.2	0.0
4.5	0.0
4.7	0.0
4.9	0.0
5.2	0.0
5.4	0.0
5.7	0.0
6.0	0.0
6.2	0.0
6.3	0.0
6.6	0.0
6.8	0.0
7.1	0.0
7.4	0.0
7.6	0.1
7.9	0.1
8.1	0.1
8.3	0.1
8.6	0.1
8.8	0.1
9.0	0.1
9.3	0.1
9.5	0.1
9.8	0.1
10.0	0.1
10.2	0.1
10.5	0.1
10.7	0.1
11.0	0.1
11.2	0.2
11.4	0.2
11.7	0.2
11.9	0.3
12.1	0.3
12.4	0.3
12.6	0.2
12.9	0.2
13.1	0.2
13.3	0.2
13.6	0.2
13.8	0.1
14.0	0.1
14.3	0.1
14.5	0.1
14.8	0.2
15.0	0.2
15.3	0.2
15.5	0.3
15.8	0.4
16.0	0.5
16.2	0.6
16.5	0.7
16.7	0.7
17.0	0.7
17.1	0.6
17.4	0.6
17.6	0.5
17.9	0.4
18.1	0.3
18.4	0.3
18.6	0.2
18.8	0.2
19.1	0.2
19.3	0.3
19.6	0.3
19.8	0.4
20.1	0.5
20.3	0.6
20.5	0.8
20.8	1.0
21.0	1.2
21.2	1.4
21.5	1.5
21.7	1.4
22.0	1.3
22.2	1.1
22.5	0.9
22.7	0.7
22.9	0.5
23.2	0.4
23.4	0.3
23.6	0.3
23.9	0.3
24.1	0.4
24.4	0.5
24.6	0.6
24.9	0.8
25.1	1.0
25.4	1.3
25.6	1.6
25.8	1.9
26.1	2.3
26.3	2.5
26.6	2.5
26.8	2.2
27.0	1.9
27.3	1.6
27.5	1.2
27.8	1.0
28.0	0.7
28.2	0.6
28.5	0.5
28.7	0.5
29.0	0.5
29.2	0.7
29.4	0.9
29.7	1.1
29.9	1.4
30.2	1.8
30.4	2.2
30.6	2.7
30.8	3.2
31.1	3.6
31.3	3.8
31.8	3.6
31.8	3.3
32.0	2.9
32.3	2.3
32.5	1.8
32.8	1.4
33.0	1.1
33.2	0.9
33.5	0.8
33.7	0.8
34.0	0.9
34.3	1.1
34.4	1.4
34.7	1.8
34.9	2.3
35.2	2.8
35.5	3.6
35.7	4.2
35.9	4.8
36.2	5.3
36.4	5.4
36.6	5.3
36.9	4.8
37.1	4.2
37.3	3.5
37.6	2.9
37.8	2.3
38.1	1.8
38.3	1.6
38.5	1.4
38.8	1.4
39.0	1.6
39.3	1.9
39.5	2.4
39.8	2.9
40.0	3.7
40.2	4.5
40.5	5.4
40.7	6.4
41.0	7.2
41.2	7.8
41.4	8.0
41.7	7.9
41.9	7.4
42.4	6.7
42.4	5.8
42.7	4.9
42.9	4.1
43.1	3.4
43.4	3.0
43.6	2.7
43.8	2.7
44.1	2.9
44.3	3.3
44.5	3.9
44.8	4.8
45.0	5.8
45.2	7.0
45.5	8.5
45.8	9.8
46.0	10.3
46.3	10.3
46.5	10.3
46.7	10.3
47.0	10.3
47.2	10.3
47.4	10.3
47.7	9.5
47.9	8.4
48.1	7.5
48.4	6.8
48.6	6.3
48.8	6.2
49.1	6.5
49.4	7.2
49.5	8.2
49.8	9.7
49.9	10.3
49.9	10.3
49.9	10.3
49.9	10.3
49.9	10.3
49.9	10.3
49.9	10.3
49.9	10.3
49.9	10.3
49.9	10.3
49.9	10.3
49.9	10.3
49.9	10.3
49.9	10.3
49.9	10.3
49.9	10.3
49.9	10.3
49.9	10.3
49.9	10.3
49.9	10.3
49.9	10.3
50.0	10.3
49.9	10.3
49.9	10.3
49.9	10.3
49.9	10.3
49.9	10.3
49.9	10.3
49.9	10.3
49.9	10.3
49.9	10.3
49.9	10.3
49.9	10.3
49.9	10.3
49.9	10.3
49.9	10.3
49.9	10.3
49.9	10.3
49.9	10.3
49.9	10.3
49.9	10.3
49.9	10.3
50.0	10.3
49.9	10.3
49.9	10.3
49.9	10.3
49.9	10.3
49.9	10.3
49.9	10.3
49.9	10.3
49.9	10.3
49.9	10.3
49.9	10.3
50.0	10.3
49.9	10.3
49.9	10.3
49.9	10.3
49.9	10.3
50.0	10.3
49.9	10.3
49.9	10.3
49.9	10.3
49.9	10.3
49.9	10.3
50.0	10.3
49.9	10.3
50.1	10.3
50.0	10.3
49.9	10.3
49.9	10.3
49.9	10.3
0.1	0.0
0.1	0.0
0.1	0.0
0.1	0.0
0.1	0.0
0.1	0.0
0.1	0.0
0.1	0.0
0.1	0.0
0.1	0.0
0.1	0.0
0.1	0.0
0.1	0.0
0.1	0.0
0.1	0.0
0.1	0.0
