0	0
1	0
2	0
3	0
4	0
5	0
6	0
7	0
8	0
9	0
10	0
11	0
12	0
13	0
14	0
15	0
16	0
17	0
18	0
19	0
20	0
21	1
22	0
23	0
24	0
25	0
26	0
27	0
28	0
29	0
30	0
31	1
32	2
33	0
34	1
35	1
36	0
37	0
38	1
39	2
40	1
41	1
42	2
43	4
44	2
45	0
46	1
47	1
48	3
49	3
50	4
51	0
52	22
53	81
54	145
55	185
56	220
57	224
58	220
59	208
60	223
61	203
62	194
63	198
64	210
65	235
66	209
67	195
68	225
69	195
70	230
71	206
72	197
73	220
74	221
75	214
76	222
77	200
78	239
79	202
80	211
81	207
82	210
83	209
84	218
85	203
86	228
87	242
88	239
89	254
90	229
91	210
92	211
93	235
94	211
95	236
96	221
97	227
98	236
99	233
100	189
101	193
102	217
103	208
104	219
105	218
106	237
107	245
108	212
109	207
110	229
111	233
112	221
113	230
114	217
115	254
116	247
117	230
118	227
119	242
120	256
121	230
122	255
123	225
124	234
125	236
126	239
127	242
128	219
129	242
130	237
131	245
132	256
133	261
134	254
135	289
136	244
137	238
138	258
139	276
140	296
141	294
142	281
143	298
144	320
145	287
146	317
147	321
148	315
149	355
150	339
151	341
152	355
153	355
154	389
155	380
156	403
157	447
158	470
159	479
160	499
161	513
162	580
163	606
164	601
165	648
166	659
167	689
168	732
169	761
170	798
171	831
172	877
173	883
174	865
175	861
176	974
177	959
178	1016
179	1095
180	1022
181	999
182	1002
183	1071
184	1120
185	1090
186	1068
187	1100
188	1035
189	1070
190	1031
191	1016
192	1065
193	1006
194	991
195	977
196	889
197	924
198	886
199	901
200	874
201	894
202	819
203	782
204	743
205	752
206	770
207	713
208	671
209	607
210	646
211	589
212	642
213	604
214	532
215	532
216	518
217	499
218	495
219	467
220	482
221	466
222	466
223	435
224	393
225	429
226	354
227	375
228	407
229	363
230	383
231	362
232	345
233	360
234	311
235	340
236	331
237	338
238	297
239	282
240	289
241	306
242	295
243	297
244	262
245	304
246	297
247	301
248	276
249	296
250	282
251	286
252	317
253	311
254	316
255	293
256	305
257	290
258	288
259	243
260	293
261	304
262	254
263	303
264	289
265	303
266	332
267	283
268	280
269	276
270	284
271	262
272	316
273	285
274	291
275	303
276	288
277	259
278	272
279	283
280	314
281	307
282	263
283	295
284	306
285	297
286	273
287	289
288	279
289	300
290	278
291	314
292	300
293	285
294	297
295	284
296	308
297	299
298	284
299	315
300	283
301	293
302	306
303	290
304	314
305	281
306	290
307	349
308	344
309	284
310	294
311	289
312	265
313	310
314	291
315	312
316	304
317	291
318	307
319	341
320	291
321	327
322	332
323	296
324	305
325	314
326	303
327	318
328	287
329	297
330	295
331	316
332	326
333	315
334	320
335	334
336	313
337	317
338	341
339	318
340	299
341	356
342	305
343	338
344	345
345	312
346	294
347	323
348	327
349	370
350	351
351	345
352	307
353	318
354	354
355	358
356	333
357	338
358	338
359	361
360	358
361	376
362	313
363	345
364	336
365	350
366	327
367	360
368	337
369	338
370	346
371	364
372	362
373	329
374	371
375	342
376	323
377	353
378	337
379	329
380	321
381	364
382	369
383	351
384	385
385	352
386	382
387	360
388	393
389	388
390	355
391	326
392	349
393	401
394	349
395	361
396	325
397	351
398	298
399	381
400	348
401	384
402	341
403	376
404	376
405	350
406	355
407	383
408	357
409	397
410	384
411	403
412	388
413	399
414	418
415	384
416	413
417	408
418	383
419	394
420	380
421	389
422	428
423	398
424	431
425	399
426	401
427	424
428	373
429	424
430	392
431	431
432	383
433	408
434	390
435	401
436	375
437	358
438	397
439	397
440	418
441	445
442	422
443	425
444	405
445	417
446	436
447	391
448	392
449	402
450	442
451	423
452	431
453	405
454	437
455	442
456	433
457	425
458	442
459	432
460	462
461	409
462	447
463	420
464	432
465	465
466	413
467	444
468	418
469	380
470	441
471	430
472	392
473	412
474	414
475	400
476	404
477	449
478	414
479	434
480	394
481	468
482	442
483	393
484	452
485	415
486	458
487	459
488	460
489	450
490	417
491	446
492	459
493	450
494	460
495	458
496	417
497	462
498	417
499	426
500	444
501	430
502	453
503	416
504	427
505	421
506	479
507	412
508	455
509	486
510	451
511	432
512	443
513	414
514	448
515	466
516	414
517	425
518	470
519	472
520	439
521	469
522	475
523	432
524	441
525	444
526	450
527	435
528	426
529	435
530	429
531	440
532	450
533	450
534	452
535	443
536	426
537	415
538	455
539	485
540	494
541	479
542	436
543	496
544	444
545	452
546	422
547	446
548	451
549	463
550	479
551	466
552	429
553	469
554	432
555	456
556	461
557	424
558	441
559	460
560	469
561	494
562	454
563	414
564	457
565	457
566	474
567	448
568	452
569	454
570	473
571	416
572	492
573	454
574	505
575	472
576	450
577	446
578	436
579	429
580	481
581	468
582	439
583	447
584	493
585	452
586	454
587	464
588	475
589	461
590	481
591	463
592	468
593	444
594	456
595	461
596	503
597	474
598	456
599	476
600	459
601	465
602	512
603	477
604	489
605	478
606	442
607	435
608	449
609	469
610	438
611	441
612	462
613	433
614	457
615	447
616	464
617	480
618	471
619	487
620	476
621	480
622	458
623	472
624	464
625	460
626	453
627	456
628	476
629	518
630	480
631	427
632	461
633	491
634	463
635	439
636	469
637	495
638	480
639	481
640	474
641	499
642	460
643	498
644	464
645	471
646	458
647	486
648	492
649	456
650	491
651	500
652	493
653	466
654	535
655	466
656	478
657	488
658	528
659	459
660	505
661	498
662	508
663	465
664	472
665	467
666	473
667	507
668	514
669	486
670	463
671	430
672	487
673	525
674	466
675	477
676	535
677	494
678	492
679	476
680	455
681	510
682	518
683	503
684	493
685	538
686	491
687	483
688	529
689	464
690	519
691	529
692	548
693	493
694	511
695	492
696	473
697	487
698	498
699	507
700	508
701	455
702	480
703	501
704	502
705	502
706	538
707	501
708	504
709	501
710	501
711	536
712	499
713	515
714	525
715	479
716	522
717	542
718	511
719	525
720	509
721	471
722	506
723	524
724	506
725	518
726	538
727	496
728	547
729	552
730	548
731	504
732	497
733	570
734	531
735	557
736	488
737	523
738	548
739	490
740	545
741	499
742	486
743	485
744	508
745	516
746	510
747	512
748	525
749	478
750	495
751	562
752	527
753	510
754	482
755	508
756	531
757	542
758	553
759	488
760	541
761	527
762	554
763	516
764	479
765	542
766	517
767	483
768	531
769	506
770	511
771	464
772	565
773	493
774	520
775	508
776	523
777	510
778	547
779	531
780	519
781	515
782	495
783	559
784	547
785	516
786	521
787	539
788	515
789	580
790	537
791	527
792	520
793	567
794	522
795	490
796	509
797	542
798	522
799	541
800	523
801	521
802	578
803	520
804	562
805	559
806	506
807	559
808	542
809	527
810	524
811	534
812	520
813	552
814	501
815	489
816	496
817	509
818	533
819	497
820	524
821	513
822	500
823	553
824	531
825	521
826	483
827	545
828	530
829	493
830	548
831	533
832	579
833	531
834	582
835	530
836	522
837	513
838	515
839	510
840	510
841	534
842	540
843	501
844	516
845	507
846	510
847	575
848	558
849	529
850	540
851	528
852	539
853	514
854	527
855	533
856	489
857	491
858	526
859	536
860	507
861	519
862	544
863	507
864	585
865	539
866	514
867	565
868	539
869	529
870	584
871	513
872	548
873	515
874	510
875	480
876	502
877	536
878	542
879	497
880	531
881	497
882	517
883	507
884	494
885	576
886	485
887	545
888	490
889	518
890	566
891	517
892	513
893	491
894	496
895	541
896	518
897	515
898	545
899	513
900	502
901	543
902	511
903	535
904	483
905	547
906	530
907	544
908	504
909	525
910	528
911	524
912	548
913	494
914	542
915	510
916	520
917	550
918	492
919	523
920	535
921	517
922	516
923	549
924	488
925	515
926	542
927	517
928	541
929	536
930	565
931	553
932	531
933	502
934	495
935	590
936	528
937	521
938	539
939	528
940	497
941	496
942	520
943	566
944	537
945	504
946	514
947	543
948	508
949	525
950	519
951	502
952	540
953	481
954	512
955	583
956	535
957	481
958	490
959	522
960	534
961	566
962	503
963	491
964	504
965	497
966	504
967	491
968	544
969	502
970	510
971	509
972	545
973	529
974	558
975	530
976	539
977	514
978	523
979	523
980	545
981	498
982	535
983	490
984	523
985	568
986	552
987	511
988	528
989	510
990	476
991	534
992	507
993	529
994	548
995	530
996	529
997	519
998	509
999	549
1000	544
1001	528
1002	535
1003	560
1004	570
1005	551
1006	530
1007	579
1008	577
1009	541
1010	538
1011	521
1012	535
1013	566
1014	541
1015	545
1016	510
1017	592
1018	531
1019	554
1020	588
1021	550
1022	558
1023	550
1024	542
1025	578
1026	571
1027	528
1028	566
1029	581
1030	535
1031	561
1032	537
1033	548
1034	542
1035	533
1036	534
1037	554
1038	573
1039	579
1040	582
1041	556
1042	598
1043	583
1044	537
1045	648
1046	575
1047	595
1048	613
1049	572
1050	602
1051	547
1052	564
1053	639
1054	644
1055	579
1056	565
1057	601
1058	590
1059	615
1060	568
1061	596
1062	590
1063	588
1064	612
1065	638
1066	617
1067	610
1068	593
1069	643
1070	593
1071	599
1072	583
1073	630
1074	613
1075	625
1076	616
1077	662
1078	619
1079	632
1080	671
1081	657
1082	641
1083	648
1084	633
1085	639
1086	683
1087	613
1088	603
1089	608
1090	683
1091	674
1092	606
1093	635
1094	691
1095	645
1096	628
1097	603
1098	617
1099	651
1100	652
1101	668
1102	633
1103	644
1104	648
1105	679
1106	700
1107	675
1108	674
1109	728
1110	676
1111	647
1112	652
1113	648
1114	663
1115	641
1116	638
1117	703
1118	694
1119	715
1120	643
1121	666
1122	672
1123	682
1124	688
1125	639
1126	666
1127	689
1128	650
1129	644
1130	684
1131	691
1132	638
1133	718
1134	751
1135	648
1136	679
1137	720
1138	699
1139	678
1140	636
1141	696
1142	676
1143	702
1144	668
1145	702
1146	655
1147	635
1148	677
1149	644
1150	700
1151	676
1152	665
1153	631
1154	706
1155	709
1156	655
1157	670
1158	650
1159	640
1160	679
1161	666
1162	674
1163	674
1164	676
1165	657
1166	596
1167	648
1168	656
1169	679
1170	640
1171	648
1172	667
1173	632
1174	641
1175	653
1176	629
1177	674
1178	606
1179	656
1180	643
1181	646
1182	642
1183	681
1184	634
1185	622
1186	616
1187	598
1188	586
1189	604
1190	642
1191	599
1192	572
1193	654
1194	620
1195	622
1196	632
1197	593
1198	603
1199	609
1200	615
1201	558
1202	602
1203	603
1204	573
1205	616
1206	602
1207	598
1208	564
1209	593
1210	612
1211	578
1212	588
1213	590
1214	570
1215	587
1216	533
1217	617
1218	624
1219	562
1220	571
1221	556
1222	557
1223	560
1224	531
1225	537
1226	591
1227	600
1228	563
1229	558
1230	598
1231	549
1232	581
1233	613
1234	591
1235	533
1236	564
1237	532
1238	540
1239	549
1240	571
1241	564
1242	566
1243	561
1244	567
1245	579
1246	545
1247	578
1248	496
1249	542
1250	533
1251	560
1252	549
1253	585
1254	565
1255	546
1256	578
1257	559
1258	531
1259	519
1260	551
1261	539
1262	535
1263	505
1264	559
1265	536
1266	515
1267	514
1268	531
1269	532
1270	558
1271	543
1272	510
1273	512
1274	529
1275	573
1276	534
1277	532
1278	533
1279	550
1280	554
1281	554
1282	572
1283	531
1284	522
1285	501
1286	523
1287	537
1288	497
1289	528
1290	529
1291	514
1292	454
1293	526
1294	522
1295	510
1296	523
1297	488
1298	495
1299	498
1300	513
1301	501
1302	500
1303	516
1304	520
1305	511
1306	511
1307	506
1308	498
1309	567
1310	490
1311	525
1312	522
1313	469
1314	486
1315	504
1316	483
1317	515
1318	512
1319	497
1320	491
1321	468
1322	494
1323	501
1324	523
1325	479
1326	484
1327	507
1328	492
1329	468
1330	468
1331	485
1332	502
1333	518
1334	458
1335	496
1336	453
1337	491
1338	453
1339	466
1340	523
1341	497
1342	441
1343	499
1344	482
1345	471
1346	468
1347	472
1348	523
1349	466
1350	475
1351	508
1352	479
1353	468
1354	484
1355	510
1356	470
1357	470
1358	496
1359	459
1360	451
1361	496
1362	496
1363	471
1364	459
1365	484
1366	451
1367	446
1368	489
1369	446
1370	441
1371	451
1372	499
1373	472
1374	473
1375	515
1376	463
1377	499
1378	491
1379	443
1380	503
1381	470
1382	487
1383	445
1384	468
1385	439
1386	513
1387	469
1388	466
1389	479
1390	455
1391	457
1392	468
1393	468
1394	493
1395	456
1396	471
1397	470
1398	445
1399	458
1400	458
1401	439
1402	455
1403	454
1404	445
1405	468
1406	433
1407	435
1408	433
1409	448
1410	454
1411	465
1412	410
1413	480
1414	472
1415	448
1416	451
1417	459
1418	485
1419	445
1420	508
1421	465
1422	459
1423	478
1424	426
1425	456
1426	445
1427	440
1428	463
1429	437
1430	456
1431	461
1432	453
1433	452
1434	448
1435	417
1436	433
1437	458
1438	427
1439	437
1440	450
1441	413
1442	465
1443	435
1444	435
1445	450
1446	451
1447	455
1448	430
1449	431
1450	445
1451	458
1452	519
1453	441
1454	458
1455	414
1456	452
1457	425
1458	412
1459	433
1460	471
1461	446
1462	431
1463	448
1464	431
1465	458
1466	465
1467	454
1468	403
1469	411
1470	454
1471	433
1472	450
1473	407
1474	420
1475	421
1476	445
1477	441
1478	436
1479	415
1480	447
1481	419
1482	420
1483	444
1484	420
1485	429
1486	455
1487	411
1488	411
1489	383
1490	426
1491	472
1492	420
1493	430
1494	432
1495	398
1496	410
1497	412
1498	428
1499	404
1500	413
1501	419
1502	384
1503	427
1504	432
1505	401
1506	417
1507	414
1508	420
1509	462
1510	420
1511	387
1512	425
1513	414
1514	391
1515	409
1516	406
1517	402
1518	426
1519	392
1520	405
1521	420
1522	460
1523	436
1524	412
1525	406
1526	392
1527	398
1528	438
1529	422
1530	408
1531	447
1532	428
1533	407
1534	418
1535	385
1536	409
1537	425
1538	405
1539	380
1540	412
1541	421
1542	410
1543	378
1544	392
1545	397
1546	404
1547	378
1548	385
1549	395
1550	382
1551	399
1552	388
1553	430
1554	396
1555	366
1556	372
1557	383
1558	379
1559	371
1560	407
1561	405
1562	397
1563	418
1564	436
1565	361
1566	391
1567	404
1568	379
1569	419
1570	358
1571	413
1572	380
1573	398
1574	393
1575	342
1576	414
1577	408
1578	396
1579	381
1580	382
1581	400
1582	400
1583	387
1584	381
1585	394
1586	416
1587	359
1588	380
1589	372
1590	389
1591	394
1592	360
1593	412
1594	367
1595	404
1596	384
1597	378
1598	357
1599	399
1600	397
1601	373
1602	374
1603	373
1604	357
1605	387
1606	355
1607	398
1608	377
1609	403
1610	371
1611	367
1612	386
1613	381
1614	374
1615	358
1616	355
1617	336
1618	397
1619	364
1620	344
1621	351
1622	378
1623	393
1624	382
1625	395
1626	385
1627	391
1628	377
1629	370
1630	388
1631	377
1632	375
1633	408
1634	364
1635	371
1636	377
1637	342
1638	342
1639	373
1640	395
1641	369
1642	375
1643	345
1644	374
1645	373
1646	364
1647	361
1648	341
1649	367
1650	362
1651	327
1652	349
1653	370
1654	388
1655	336
1656	365
1657	340
1658	345
1659	352
1660	370
1661	356
1662	369
1663	391
1664	380
1665	369
1666	322
1667	359
1668	334
1669	370
1670	367
1671	348
1672	349
1673	378
1674	353
1675	377
1676	379
1677	345
1678	334
1679	341
1680	297
1681	367
1682	362
1683	352
1684	348
1685	366
1686	349
1687	329
1688	329
1689	350
1690	329
1691	402
1692	362
1693	337
1694	352
1695	385
1696	340
1697	334
1698	347
1699	353
1700	346
1701	343
1702	339
1703	339
1704	341
1705	346
1706	347
1707	349
1708	353
1709	346
1710	355
1711	357
1712	331
1713	333
1714	293
1715	344
1716	334
1717	364
1718	359
1719	357
1720	349
1721	356
1722	348
1723	365
1724	331
1725	330
1726	338
1727	309
1728	335
1729	344
1730	348
1731	332
1732	330
1733	341
1734	334
1735	343
1736	300
1737	325
1738	340
1739	333
1740	341
1741	351
1742	345
1743	315
1744	315
1745	323
1746	330
1747	324
1748	321
1749	331
1750	345
1751	328
1752	355
1753	340
1754	317
1755	343
1756	339
1757	315
1758	315
1759	329
1760	306
1761	296
1762	319
1763	337
1764	362
1765	315
1766	344
1767	363
1768	334
1769	303
1770	350
1771	312
1772	327
1773	320
1774	328
1775	339
1776	350
1777	334
1778	302
1779	297
1780	307
1781	321
1782	298
1783	322
1784	343
1785	332
1786	316
1787	334
1788	325
1789	266
1790	316
1791	298
1792	304
1793	324
1794	314
1795	284
1796	329
1797	296
1798	331
1799	291
1800	338
1801	320
1802	317
1803	299
1804	352
1805	344
1806	283
1807	308
1808	284
1809	304
1810	336
1811	305
1812	334
1813	290
1814	312
1815	300
1816	285
1817	325
1818	281
1819	325
1820	292
1821	312
1822	286
1823	317
1824	294
1825	327
1826	350
1827	332
1828	338
1829	320
1830	305
1831	302
1832	301
1833	292
1834	318
1835	297
1836	307
1837	325
1838	319
1839	314
1840	306
1841	283
1842	294
1843	305
1844	296
1845	306
1846	300
1847	332
1848	317
1849	306
1850	308
1851	278
1852	277
1853	308
1854	328
1855	318
1856	288
1857	298
1858	293
1859	272
1860	272
1861	303
1862	323
1863	286
1864	294
1865	305
1866	274
1867	291
1868	285
1869	296
1870	291
1871	297
1872	289
1873	287
1874	270
1875	312
1876	280
1877	305
1878	320
1879	288
1880	313
1881	283
1882	300
1883	274
1884	309
1885	291
1886	301
1887	298
1888	303
1889	272
1890	253
1891	283
1892	275
1893	276
1894	283
1895	269
1896	294
1897	266
1898	279
1899	316
1900	294
1901	258
1902	267
1903	261
1904	310
1905	272
1906	302
1907	292
1908	279
1909	288
1910	261
1911	265
1912	284
1913	264
1914	290
1915	278
1916	333
1917	267
1918	283
1919	319
1920	308
1921	276
1922	266
1923	257
1924	263
1925	284
1926	270
1927	297
1928	264
1929	267
1930	274
1931	249
1932	266
1933	288
1934	274
1935	247
1936	313
1937	295
1938	285
1939	281
1940	286
1941	299
1942	270
1943	260
1944	323
1945	276
1946	298
1947	251
1948	259
1949	272
1950	270
1951	277
1952	249
1953	254
1954	274
1955	339
1956	254
1957	280
1958	280
1959	269
1960	236
1961	280
1962	275
1963	262
1964	272
1965	300
1966	258
1967	290
1968	251
1969	279
1970	280
1971	273
1972	264
1973	258
1974	278
1975	263
1976	262
1977	260
1978	265
1979	250
1980	260
1981	264
1982	269
1983	279
1984	277
1985	312
1986	255
1987	254
1988	282
1989	266
1990	267
1991	234
1992	264
1993	290
1994	278
1995	257
1996	273
1997	285
1998	252
1999	268
2000	249
2001	265
2002	264
2003	246
2004	237
2005	265
2006	268
2007	246
2008	276
2009	273
2010	264
2011	293
2012	292
2013	278
2014	266
2015	257
2016	253
2017	250
2018	243
2019	245
2020	252
2021	254
2022	261
2023	299
2024	236
2025	278
2026	279
2027	234
2028	250
2029	252
2030	261
2031	281
2032	268
2033	251
2034	264
2035	274
2036	298
2037	251
2038	265
2039	273
2040	246
2041	278
2042	277
2043	251
2044	257
2045	251
2046	245
2047	261
2048	284
2049	243
2050	247
2051	233
2052	245
2053	241
2054	258
2055	258
2056	264
2057	282
2058	260
2059	262
2060	274
2061	249
2062	274
2063	279
2064	257
2065	241
2066	269
2067	263
2068	253
2069	278
2070	271
2071	266
2072	257
2073	254
2074	248
2075	241
2076	240
2077	243
2078	236
2079	258
2080	249
2081	241
2082	250
2083	268
2084	231
2085	257
2086	260
2087	251
2088	241
2089	231
2090	236
2091	250
2092	246
2093	268
2094	258
2095	250
2096	264
2097	236
2098	249
2099	232
2100	263
2101	272
2102	282
2103	276
2104	229
2105	251
2106	235
2107	256
2108	273
2109	234
2110	225
2111	248
2112	235
2113	251
2114	256
2115	248
2116	244
2117	248
2118	256
2119	239
2120	255
2121	254
2122	232
2123	237
2124	282
2125	257
2126	227
2127	218
2128	243
2129	250
2130	263
2131	240
2132	273
2133	249
2134	249
2135	226
2136	229
2137	265
2138	239
2139	264
2140	228
2141	275
2142	243
2143	255
2144	258
2145	263
2146	230
2147	231
2148	280
2149	277
2150	236
2151	262
2152	273
2153	232
2154	235
2155	245
2156	246
2157	258
2158	281
2159	232
2160	256
2161	268
2162	235
2163	233
2164	235
2165	237
2166	255
2167	225
2168	228
2169	263
2170	237
2171	249
2172	246
2173	233
2174	251
2175	256
2176	234
2177	226
2178	266
2179	233
2180	257
2181	250
2182	247
2183	220
2184	263
2185	238
2186	225
2187	240
2188	266
2189	251
2190	261
2191	254
2192	240
2193	237
2194	242
2195	223
2196	218
2197	227
2198	221
2199	215
2200	240
2201	239
2202	257
2203	231
2204	231
2205	254
2206	236
2207	255
2208	238
2209	236
2210	257
2211	226
2212	235
2213	226
2214	268
2215	247
2216	239
2217	266
2218	246
2219	250
2220	243
2221	238
2222	230
2223	247
2224	250
2225	222
2226	239
2227	231
2228	247
2229	228
2230	237
2231	254
2232	213
2233	226
2234	256
2235	236
2236	242
2237	244
2238	222
2239	251
2240	248
2241	253
2242	216
2243	235
2244	239
2245	265
2246	249
2247	272
2248	236
2249	258
2250	216
2251	260
2252	243
2253	238
2254	244
2255	249
2256	244
2257	253
2258	257
2259	248
2260	253
2261	225
2262	228
2263	224
2264	222
2265	226
2266	233
2267	242
2268	237
2269	251
2270	192
2271	214
2272	241
2273	229
2274	233
2275	229
2276	262
2277	230
2278	212
2279	242
2280	255
2281	233
2282	229
2283	254
2284	207
2285	224
2286	221
2287	246
2288	240
2289	240
2290	225
2291	234
2292	222
2293	224
2294	263
2295	214
2296	235
2297	223
2298	244
2299	218
2300	243
2301	250
2302	254
2303	245
2304	223
2305	254
2306	237
2307	227
2308	243
2309	247
2310	231
2311	238
2312	240
2313	244
2314	261
2315	213
2316	239
2317	255
2318	211
2319	226
2320	254
2321	243
2322	247
2323	247
2324	225
2325	253
2326	210
2327	200
2328	242
2329	226
2330	228
2331	218
2332	259
2333	275
2334	254
2335	262
2336	241
2337	264
2338	239
2339	235
2340	231
2341	238
2342	248
2343	230
2344	271
2345	231
2346	224
2347	237
2348	215
2349	230
2350	236
2351	232
2352	240
2353	235
2354	268
2355	262
2356	220
2357	228
2358	231
2359	235
2360	233
2361	236
2362	217
2363	241
2364	249
2365	231
2366	220
2367	216
2368	239
2369	237
2370	253
2371	248
2372	236
2373	227
2374	232
2375	248
2376	248
2377	244
2378	235
2379	266
2380	244
2381	250
2382	224
2383	249
2384	212
2385	222
2386	253
2387	233
2388	224
2389	259
2390	260
2391	247
2392	238
2393	234
2394	204
2395	239
2396	237
2397	235
2398	237
2399	251
2400	235
2401	222
2402	231
2403	232
2404	220
2405	227
2406	237
2407	244
2408	248
2409	218
2410	248
2411	222
2412	237
2413	223
2414	262
2415	236
2416	235
2417	230
2418	229
2419	239
2420	244
2421	214
2422	208
2423	254
2424	229
2425	228
2426	230
2427	232
2428	262
2429	223
2430	225
2431	204
2432	238
2433	220
2434	248
2435	251
2436	233
2437	236
2438	258
2439	229
2440	224
2441	222
2442	240
2443	233
2444	232
2445	234
2446	212
2447	226
2448	243
2449	261
2450	239
2451	231
2452	223
2453	228
2454	253
2455	234
2456	222
2457	255
2458	236
2459	230
2460	221
2461	237
2462	246
2463	248
2464	208
2465	225
2466	245
2467	214
2468	216
2469	224
2470	253
2471	230
2472	201
2473	245
2474	216
2475	218
2476	232
2477	196
2478	237
2479	236
2480	241
2481	224
2482	211
2483	258
2484	262
2485	243
2486	238
2487	254
2488	247
2489	211
2490	217
2491	220
2492	247
2493	207
2494	256
2495	236
2496	248
2497	227
2498	223
2499	243
2500	239
2501	242
2502	242
2503	218
2504	233
2505	217
2506	225
2507	210
2508	237
2509	240
2510	245
2511	191
2512	225
2513	227
2514	220
2515	219
2516	239
2517	210
2518	260
2519	220
2520	203
2521	231
2522	223
2523	213
2524	235
2525	226
2526	227
2527	220
2528	225
2529	216
2530	228
2531	235
2532	247
2533	246
2534	245
2535	212
2536	195
2537	219
2538	230
2539	220
2540	218
2541	239
2542	232
2543	203
2544	225
2545	216
2546	208
2547	228
2548	215
2549	208
2550	213
2551	213
2552	213
2553	220
2554	222
2555	239
2556	221
2557	222
2558	216
2559	212
2560	224
2561	213
2562	186
2563	191
2564	216
2565	206
2566	231
2567	238
2568	227
2569	191
2570	197
2571	206
2572	188
2573	202
2574	225
2575	215
2576	208
2577	198
2578	214
2579	197
2580	199
2581	235
2582	209
2583	203
2584	206
2585	183
2586	219
2587	217
2588	177
2589	222
2590	191
2591	203
2592	201
2593	186
2594	193
2595	207
2596	204
2597	182
2598	183
2599	194
2600	195
2601	200
2602	189
2603	191
2604	218
2605	177
2606	192
2607	208
2608	190
2609	193
2610	200
2611	194
2612	175
2613	162
2614	195
2615	202
2616	195
2617	178
2618	185
2619	205
2620	189
2621	161
2622	192
2623	189
2624	200
2625	178
2626	184
2627	205
2628	170
2629	199
2630	195
2631	150
2632	175
2633	189
2634	159
2635	205
2636	166
2637	201
2638	188
2639	170
2640	162
2641	173
2642	150
2643	180
2644	160
2645	192
2646	175
2647	170
2648	173
2649	180
2650	158
2651	168
2652	169
2653	169
2654	175
2655	172
2656	174
2657	167
2658	169
2659	152
2660	164
2661	160
2662	164
2663	170
2664	163
2665	175
2666	152
2667	147
2668	144
2669	153
2670	131
2671	143
2672	137
2673	149
2674	164
2675	146
2676	133
2677	140
2678	161
2679	161
2680	144
2681	146
2682	162
2683	158
2684	126
2685	150
2686	127
2687	145
2688	146
2689	138
2690	142
2691	132
2692	137
2693	128
2694	120
2695	142
2696	127
2697	126
2698	151
2699	110
2700	132
2701	144
2702	136
2703	124
2704	152
2705	122
2706	141
2707	127
2708	118
2709	147
2710	132
2711	111
2712	132
2713	120
2714	125
2715	128
2716	125
2717	103
2718	114
2719	118
2720	140
2721	111
2722	122
2723	115
2724	135
2725	139
2726	120
2727	139
2728	129
2729	107
2730	122
2731	119
2732	120
2733	124
2734	97
2735	117
2736	129
2737	98
2738	113
2739	115
2740	125
2741	99
2742	122
2743	114
2744	86
2745	109
2746	106
2747	94
2748	112
2749	109
2750	92
2751	115
2752	124
2753	115
2754	117
2755	106
2756	98
2757	98
2758	105
2759	97
2760	110
2761	119
2762	90
2763	96
2764	93
2765	97
2766	105
2767	116
2768	100
2769	90
2770	107
2771	94
2772	108
2773	123
2774	78
2775	84
2776	86
2777	90
2778	109
2779	83
2780	85
2781	90
2782	80
2783	97
2784	83
2785	95
2786	99
2787	100
2788	91
2789	81
2790	97
2791	99
2792	86
2793	88
2794	85
2795	82
2796	80
2797	66
2798	95
2799	103
2800	92
2801	77
2802	93
2803	102
2804	102
2805	70
2806	83
2807	87
2808	91
2809	74
2810	78
2811	90
2812	81
2813	91
2814	95
2815	77
2816	92
2817	71
2818	104
2819	96
2820	91
2821	89
2822	76
2823	75
2824	90
2825	76
2826	75
2827	61
2828	104
2829	75
2830	93
2831	79
2832	82
2833	69
2834	76
2835	84
2836	84
2837	76
2838	87
2839	90
2840	80
2841	63
2842	58
2843	88
2844	82
2845	63
2846	70
2847	66
2848	63
2849	71
2850	83
2851	73
2852	59
2853	95
2854	80
2855	51
2856	77
2857	75
2858	50
2859	66
2860	85
2861	63
2862	71
2863	63
2864	60
2865	67
2866	64
2867	80
2868	57
2869	70
2870	72
2871	67
2872	69
2873	62
2874	93
2875	69
2876	69
2877	61
2878	74
2879	76
2880	49
2881	76
2882	78
2883	73
2884	62
2885	73
2886	59
2887	75
2888	63
2889	78
2890	46
2891	68
2892	55
2893	76
2894	67
2895	55
2896	63
2897	58
2898	64
2899	67
2900	78
2901	62
2902	55
2903	75
2904	66
2905	54
2906	63
2907	47
2908	69
2909	89
2910	55
2911	53
2912	50
2913	65
2914	61
2915	64
2916	62
2917	59
2918	62
2919	69
2920	77
2921	74
2922	69
2923	62
2924	63
2925	58
2926	54
2927	67
2928	49
2929	53
2930	68
2931	74
2932	53
2933	61
2934	54
2935	63
2936	52
2937	51
2938	73
2939	57
2940	63
2941	60
2942	69
2943	62
2944	60
2945	63
2946	64
2947	62
2948	54
2949	66
2950	52
2951	55
2952	56
2953	50
2954	54
2955	75
2956	66
2957	59
2958	65
2959	51
2960	67
2961	62
2962	55
2963	43
2964	64
2965	50
2966	51
2967	57
2968	63
2969	52
2970	56
2971	55
2972	67
2973	56
2974	59
2975	50
2976	41
2977	56
2978	48
2979	47
2980	57
2981	51
2982	47
2983	71
2984	55
2985	51
2986	57
2987	42
2988	47
2989	53
2990	44
2991	56
2992	49
2993	45
2994	52
2995	51
2996	51
2997	41
2998	58
2999	53
3000	58
3001	52
3002	45
3003	53
3004	53
3005	48
3006	57
3007	39
3008	41
3009	54
3010	49
3011	54
3012	55
3013	53
3014	44
3015	42
3016	49
3017	55
3018	54
3019	47
3020	51
3021	56
3022	51
3023	59
3024	53
3025	57
3026	48
3027	45
3028	38
3029	36
3030	51
3031	25
3032	36
3033	49
3034	37
3035	49
3036	36
3037	57
3038	48
3039	50
3040	52
3041	33
3042	43
3043	44
3044	50
3045	55
3046	47
3047	50
3048	49
3049	49
3050	54
3051	46
3052	47
3053	55
3054	55
3055	43
3056	49
3057	56
3058	36
3059	33
3060	34
3061	43
3062	26
3063	45
3064	44
3065	52
3066	41
3067	40
3068	45
3069	35
3070	39
3071	44
3072	54
3073	54
3074	45
3075	32
3076	47
3077	55
3078	39
3079	45
3080	41
3081	40
3082	48
3083	50
3084	43
3085	45
3086	45
3087	53
3088	48
3089	42
3090	41
3091	49
3092	41
3093	42
3094	42
3095	46
3096	37
3097	45
3098	38
3099	43
3100	50
3101	55
3102	53
3103	38
3104	47
3105	47
3106	45
3107	30
3108	45
3109	39
3110	39
3111	46
3112	51
3113	43
3114	40
3115	45
3116	41
3117	38
3118	53
3119	36
3120	44
3121	41
3122	46
3123	50
3124	44
3125	35
3126	39
3127	38
3128	35
3129	61
3130	46
3131	43
3132	41
3133	45
3134	35
3135	39
3136	47
3137	26
3138	44
3139	53
3140	40
3141	29
3142	35
3143	53
3144	47
3145	51
3146	49
3147	44
3148	51
3149	48
3150	46
3151	36
3152	39
3153	35
3154	44
3155	51
3156	31
3157	49
3158	47
3159	49
3160	33
3161	44
3162	44
3163	42
3164	37
3165	44
3166	42
3167	37
3168	34
3169	45
3170	47
3171	45
3172	44
3173	56
3174	29
3175	40
3176	41
3177	39
3178	34
3179	41
3180	37
3181	26
3182	36
3183	43
3184	35
3185	43
3186	43
3187	42
3188	53
3189	34
3190	40
3191	47
3192	38
3193	44
3194	43
3195	35
3196	39
3197	49
3198	37
3199	34
3200	30
3201	43
3202	41
3203	44
3204	42
3205	37
3206	48
3207	38
3208	35
3209	45
3210	43
3211	43
3212	41
3213	41
3214	35
3215	38
3216	45
3217	42
3218	44
3219	42
3220	41
3221	37
3222	35
3223	41
3224	32
3225	44
3226	51
3227	45
3228	43
3229	52
3230	42
3231	40
3232	41
3233	32
3234	36
3235	39
3236	36
3237	47
3238	32
3239	44
3240	39
3241	40
3242	40
3243	36
3244	29
3245	37
3246	41
3247	42
3248	44
3249	39
3250	38
3251	30
3252	45
3253	40
3254	41
3255	36
3256	41
3257	36
3258	58
3259	48
3260	30
3261	43
3262	41
3263	48
3264	34
3265	35
3266	41
3267	35
3268	40
3269	47
3270	50
3271	37
3272	40
3273	35
3274	37
3275	56
3276	32
3277	50
3278	37
3279	41
3280	33
3281	41
3282	42
3283	40
3284	47
3285	62
3286	33
3287	49
3288	35
3289	35
3290	38
3291	46
3292	41
3293	53
3294	34
3295	41
3296	53
3297	40
3298	45
3299	38
3300	41
3301	42
3302	45
3303	49
3304	53
3305	38
3306	34
3307	47
3308	38
3309	46
3310	57
3311	43
3312	46
3313	41
3314	47
3315	35
3316	51
3317	45
3318	48
3319	50
3320	52
3321	50
3322	54
3323	34
3324	38
3325	34
3326	45
3327	53
3328	49
3329	42
3330	40
3331	53
3332	47
3333	48
3334	44
3335	39
3336	38
3337	41
3338	34
3339	36
3340	43
3341	43
3342	46
3343	50
3344	46
3345	48
3346	47
3347	38
3348	61
3349	43
3350	31
3351	46
3352	46
3353	46
3354	52
3355	51
3356	50
3357	54
3358	42
3359	38
3360	35
3361	49
3362	54
3363	46
3364	54
3365	44
3366	44
3367	53
3368	56
3369	52
3370	55
3371	58
3372	50
3373	48
3374	46
3375	52
3376	41
3377	46
3378	49
3379	54
3380	47
3381	46
3382	51
3383	62
3384	45
3385	50
3386	54
3387	46
3388	35
3389	63
3390	53
3391	57
3392	63
3393	44
3394	48
3395	45
3396	53
3397	57
3398	52
3399	56
3400	42
3401	55
3402	52
3403	47
3404	55
3405	52
3406	50
3407	40
3408	48
3409	45
3410	45
3411	65
3412	55
3413	45
3414	46
3415	53
3416	50
3417	55
3418	57
3419	68
3420	56
3421	57
3422	59
3423	63
3424	51
3425	52
3426	66
3427	44
3428	61
3429	69
3430	50
3431	64
3432	43
3433	53
3434	53
3435	48
3436	58
3437	47
3438	56
3439	53
3440	48
3441	52
3442	50
3443	56
3444	51
3445	50
3446	47
3447	47
3448	70
3449	62
3450	50
3451	61
3452	52
3453	67
3454	51
3455	50
3456	58
3457	78
3458	68
3459	56
3460	60
3461	42
3462	66
3463	67
3464	66
3465	57
3466	56
3467	57
3468	56
3469	69
3470	61
3471	66
3472	66
3473	64
3474	78
3475	49
3476	64
3477	74
3478	66
3479	86
3480	55
3481	68
3482	78
3483	85
3484	63
3485	76
3486	85
3487	66
3488	69
3489	83
3490	63
3491	69
3492	72
3493	68
3494	79
3495	74
3496	75
3497	61
3498	65
3499	80
3500	65
3501	60
3502	85
3503	90
3504	60
3505	73
3506	62
3507	85
3508	89
3509	77
3510	76
3511	69
3512	88
3513	80
3514	70
3515	93
3516	88
3517	90
3518	84
3519	75
3520	68
3521	87
3522	100
3523	92
3524	90
3525	88
3526	98
3527	85
3528	96
3529	79
3530	93
3531	88
3532	97
3533	84
3534	77
3535	98
3536	103
3537	109
3538	93
3539	84
3540	101
3541	86
3542	89
3543	100
3544	101
3545	81
3546	100
3547	97
3548	107
3549	101
3550	110
3551	104
3552	110
3553	125
3554	115
3555	99
3556	110
3557	118
3558	126
3559	116
3560	111
3561	105
3562	114
3563	116
3564	120
3565	116
3566	124
3567	135
3568	113
3569	142
3570	132
3571	139
3572	133
3573	132
3574	127
3575	141
3576	147
3577	128
3578	158
3579	139
3580	153
3581	149
3582	137
3583	158
3584	155
3585	162
3586	143
3587	169
3588	154
3589	176
3590	171
3591	154
3592	162
3593	173
3594	166
3595	158
3596	168
3597	183
3598	156
3599	180
3600	175
3601	176
3602	168
3603	193
3604	156
3605	170
3606	178
3607	207
3608	196
3609	217
3610	182
3611	204
3612	203
3613	198
3614	214
3615	222
3616	255
3617	234
3618	230
3619	242
3620	213
3621	232
3622	219
3623	209
3624	223
3625	241
3626	228
3627	253
3628	272
3629	239
3630	226
3631	251
3632	248
3633	261
3634	242
3635	267
3636	273
3637	284
3638	279
3639	294
3640	254
3641	293
3642	274
3643	276
3644	284
3645	243
3646	280
3647	314
3648	298
3649	288
3650	326
3651	290
3652	311
3653	301
3654	304
3655	325
3656	344
3657	339
3658	322
3659	325
3660	303
3661	331
3662	340
3663	345
3664	361
3665	371
3666	348
3667	314
3668	353
3669	367
3670	360
3671	369
3672	381
3673	396
3674	388
3675	412
3676	378
3677	394
3678	394
3679	411
3680	409
3681	364
3682	441
3683	432
3684	466
3685	438
3686	444
3687	428
3688	467
3689	427
3690	453
3691	454
3692	478
3693	477
3694	484
3695	495
3696	441
3697	482
3698	495
3699	436
3700	510
3701	507
3702	511
3703	522
3704	537
3705	538
3706	507
3707	523
3708	563
3709	533
3710	557
3711	503
3712	555
3713	589
3714	542
3715	582
3716	579
3717	634
3718	567
3719	585
3720	604
3721	589
3722	639
3723	587
3724	625
3725	634
3726	611
3727	652
3728	615
3729	626
3730	665
3731	692
3732	676
3733	649
3734	634
3735	681
3736	661
3737	676
3738	646
3739	719
3740	676
3741	697
3742	708
3743	719
3744	686
3745	713
3746	697
3747	729
3748	740
3749	752
3750	789
3751	761
3752	799
3753	769
3754	737
3755	742
3756	745
3757	729
3758	811
3759	729
3760	741
3761	796
3762	788
3763	825
3764	792
3765	833
3766	802
3767	804
3768	837
3769	865
3770	810
3771	812
3772	834
3773	844
3774	827
3775	899
3776	913
3777	820
3778	886
3779	890
3780	889
3781	860
3782	874
3783	890
3784	872
3785	875
3786	910
3787	893
3788	931
3789	931
3790	917
3791	961
3792	920
3793	908
3794	930
3795	947
3796	949
3797	1002
3798	986
3799	970
3800	975
3801	996
3802	1001
3803	1001
3804	1044
3805	1018
3806	1022
3807	1009
3808	1011
3809	987
3810	1042
3811	992
3812	965
3813	1059
3814	954
3815	968
3816	1045
3817	1038
3818	1051
3819	1062
3820	1060
3821	1033
3822	1015
3823	1052
3824	1104
3825	1059
3826	1047
3827	1082
3828	996
3829	1047
3830	1049
3831	1101
3832	1062
3833	1099
3834	1074
3835	1066
3836	1047
3837	1036
3838	1004
3839	1071
3840	1080
3841	1079
3842	1041
3843	1072
3844	1116
3845	1047
3846	1064
3847	1137
3848	1151
3849	1056
3850	1069
3851	1091
3852	1109
3853	1126
3854	1068
3855	1074
3856	1090
3857	1023
3858	1214
3859	1045
3860	1156
3861	1076
3862	1078
3863	1012
3864	1070
3865	1047
3866	1059
3867	1071
3868	1137
3869	1101
3870	1060
3871	1054
3872	1119
3873	1048
3874	1092
3875	1044
3876	1135
3877	1082
3878	1093
3879	984
3880	1013
3881	1065
3882	1064
3883	1113
3884	1047
3885	1109
3886	1020
3887	1089
3888	1046
3889	1055
3890	1065
3891	1074
3892	1063
3893	1051
3894	1050
3895	1105
3896	1033
3897	1012
3898	1073
3899	1039
3900	1046
3901	1045
3902	1009
3903	1034
3904	1030
3905	1031
3906	982
3907	983
3908	1009
3909	1039
3910	948
3911	1006
3912	1041
3913	963
3914	910
3915	891
3916	949
3917	954
3918	937
3919	963
3920	968
3921	984
3922	904
3923	921
3924	981
3925	878
3926	920
3927	939
3928	925
3929	937
3930	890
3931	944
3932	921
3933	859
3934	861
3935	842
3936	902
3937	871
3938	855
3939	838
3940	844
3941	849
3942	830
3943	824
3944	869
3945	844
3946	789
3947	798
3948	774
3949	771
3950	770
3951	782
3952	782
3953	742
3954	759
3955	728
3956	729
3957	753
3958	721
3959	708
3960	712
3961	686
3962	706
3963	719
3964	735
3965	694
3966	731
3967	708
3968	697
3969	675
3970	668
3971	644
3972	704
3973	653
3974	660
3975	620
3976	644
3977	637
3978	608
3979	585
3980	609
3981	657
3982	605
3983	580
3984	615
3985	608
3986	579
3987	596
3988	581
3989	558
3990	558
3991	605
3992	510
3993	551
3994	539
3995	484
3996	521
3997	524
3998	499
3999	507
4000	516
4001	551
4002	490
4003	472
4004	488
4005	479
4006	430
4007	459
4008	457
4009	429
4010	423
4011	449
4012	414
4013	397
4014	395
4015	437
4016	404
4017	387
4018	418
4019	373
4020	420
4021	388
4022	393
4023	331
4024	374
4025	340
4026	373
4027	359
4028	357
4029	336
4030	354
4031	360
4032	353
4033	332
4034	373
4035	289
4036	340
4037	311
4038	305
4039	318
4040	301
4041	309
4042	316
4043	288
4044	277
4045	272
4046	276
4047	256
4048	242
4049	270
4050	248
4051	238
4052	255
4053	274
4054	259
4055	253
4056	221
4057	245
4058	242
4059	215
4060	228
4061	219
4062	193
4063	188
4064	214
4065	203
4066	216
4067	165
4068	185
4069	189
4070	187
4071	162
4072	181
4073	166
4074	178
4075	168
4076	165
4077	184
4078	158
4079	169
4080	173
4081	132
4082	143
4083	135
4084	135
4085	151
4086	138
4087	134
4088	135
4089	132
4090	127
4091	141
4092	129
4093	103
4094	109
4095	130
4096	109
4097	121
4098	104
4099	106
4100	97
4101	93
4102	89
4103	85
4104	87
4105	103
4106	95
4107	109
4108	94
4109	87
4110	72
4111	81
4112	79
4113	102
4114	64
4115	89
4116	87
4117	87
4118	87
4119	64
4120	66
4121	61
4122	69
4123	69
4124	70
4125	55
4126	61
4127	51
4128	53
4129	73
4130	60
4131	57
4132	54
4133	60
4134	50
4135	59
4136	59
4137	53
4138	43
4139	35
4140	59
4141	44
4142	54
4143	43
4144	43
4145	39
4146	42
4147	43
4148	45
4149	31
4150	33
4151	31
4152	33
4153	32
4154	34
4155	37
4156	23
4157	31
4158	25
4159	38
4160	23
4161	24
4162	23
4163	30
4164	27
4165	35
4166	37
4167	34
4168	19
4169	30
4170	16
4171	25
4172	19
4173	16
4174	22
4175	17
4176	21
4177	21
4178	14
4179	15
4180	20
4181	27
4182	15
4183	15
4184	17
4185	22
4186	17
4187	13
4188	17
4189	15
4190	13
4191	23
4192	19
4193	12
4194	22
4195	14
4196	14
4197	9
4198	10
4199	20
4200	13
4201	12
4202	7
4203	9
4204	8
4205	12
4206	11
4207	12
4208	13
4209	12
4210	8
4211	6
4212	11
4213	10
4214	7
4215	4
4216	11
4217	5
4218	8
4219	4
4220	6
4221	10
4222	5
4223	7
4224	5
4225	12
4226	6
4227	6
4228	5
4229	10
4230	7
4231	8
4232	4
4233	7
4234	7
4235	4
4236	6
4237	7
4238	4
4239	4
4240	7
4241	2
4242	3
4243	9
4244	5
4245	9
4246	4
4247	4
4248	4
4249	4
4250	6
4251	3
4252	5
4253	4
4254	6
4255	3
4256	7
4257	2
4258	3
4259	5
4260	6
4261	1
4262	2
4263	4
4264	2
4265	2
4266	3
4267	6
4268	7
4269	2
4270	2
4271	0
4272	4
4273	3
4274	6
4275	3
4276	4
4277	4
4278	0
4279	9
4280	1
4281	6
4282	1
4283	3
4284	0
4285	2
4286	7
4287	1
4288	0
4289	1
4290	4
4291	4
4292	3
4293	3
4294	2
4295	2
4296	2
4297	5
4298	2
4299	5
4300	3
4301	2
4302	4
4303	1
4304	1
4305	4
4306	6
4307	3
4308	1
4309	3
4310	1
4311	2
4312	4
4313	2
4314	7
4315	2
4316	2
4317	1
4318	8
4319	2
4320	3
4321	6
4322	4
4323	0
4324	2
4325	3
4326	3
4327	5
4328	2
4329	2
4330	1
4331	4
4332	3
4333	4
4334	2
4335	4
4336	3
4337	1
4338	1
4339	3
4340	1
4341	3
4342	3
4343	0
4344	3
4345	1
4346	0
4347	7
4348	3
4349	4
4350	2
4351	1
4352	3
4353	3
4354	2
4355	2
4356	5
4357	4
4358	4
4359	2
4360	2
4361	2
4362	3
4363	2
4364	2
4365	3
4366	3
4367	2
4368	0
4369	2
4370	3
4371	2
4372	5
4373	2
4374	2
4375	0
4376	2
4377	1
4378	3
4379	4
4380	0
4381	3
4382	3
4383	1
4384	3
4385	4
4386	4
4387	2
4388	6
4389	1
4390	2
4391	3
4392	3
4393	1
4394	3
4395	2
4396	1
4397	3
4398	0
4399	3
4400	3
4401	7
4402	2
4403	3
4404	4
4405	8
4406	1
4407	6
4408	0
4409	3
4410	3
4411	3
4412	3
4413	2
4414	3
4415	2
4416	1
4417	3
4418	4
4419	5
4420	1
4421	3
4422	7
4423	4
4424	1
4425	0
4426	0
4427	4
4428	4
4429	1
4430	3
4431	2
4432	2
4433	3
4434	2
4435	4
4436	3
4437	3
4438	3
4439	2
4440	3
4441	7
4442	2
4443	1
4444	1
4445	1
4446	5
4447	1
4448	2
4449	0
4450	3
4451	2
4452	3
4453	5
4454	1
4455	0
4456	1
4457	1
4458	2
4459	5
4460	2
4461	2
4462	2
4463	1
4464	1
4465	3
4466	5
4467	3
4468	1
4469	1
4470	2
4471	4
4472	4
4473	3
4474	3
4475	3
4476	2
4477	4
4478	5
4479	3
4480	3
4481	1
4482	5
4483	3
4484	4
4485	3
4486	4
4487	5
4488	6
4489	3
4490	2
4491	0
4492	1
4493	6
4494	0
4495	2
4496	3
4497	4
4498	1
4499	1
4500	2
4501	5
4502	1
4503	2
4504	2
4505	2
4506	0
4507	2
4508	3
4509	0
4510	1
4511	0
4512	1
4513	5
4514	5
4515	1
4516	7
4517	2
4518	4
4519	5
4520	4
4521	3
4522	1
4523	5
4524	1
4525	4
4526	5
4527	5
4528	5
4529	1
4530	1
4531	3
4532	2
4533	1
4534	1
4535	3
4536	1
4537	1
4538	2
4539	4
4540	1
4541	2
4542	1
4543	1
4544	4
4545	1
4546	2
4547	0
4548	2
4549	3
4550	5
4551	0
4552	1
4553	5
4554	3
4555	3
4556	3
4557	3
4558	1
4559	5
4560	1
4561	4
4562	7
4563	3
4564	3
4565	3
4566	1
4567	0
4568	2
4569	3
4570	0
4571	1
4572	2
4573	5
4574	5
4575	1
4576	8
4577	2
4578	2
4579	1
4580	1
4581	4
4582	3
4583	2
4584	1
4585	4
4586	3
4587	2
4588	3
4589	0
4590	1
4591	1
4592	3
4593	3
4594	3
4595	2
4596	1
4597	0
4598	2
4599	6
4600	4
4601	3
4602	4
4603	2
4604	3
4605	3
4606	0
4607	2
4608	3
4609	5
4610	4
4611	3
4612	0
4613	2
4614	0
4615	3
4616	1
4617	1
4618	2
4619	2
4620	3
4621	3
4622	2
4623	5
4624	1
4625	4
4626	3
4627	2
4628	4
4629	0
4630	1
4631	2
4632	1
4633	2
4634	3
4635	2
4636	3
4637	5
4638	2
4639	1
4640	3
4641	1
4642	2
4643	1
4644	4
4645	2
4646	2
4647	0
4648	0
4649	2
4650	0
4651	2
4652	1
4653	3
4654	1
4655	1
4656	1
4657	2
4658	2
4659	3
4660	1
4661	3
4662	2
4663	2
4664	3
4665	2
4666	4
4667	4
4668	3
4669	1
4670	0
4671	4
4672	2
4673	2
4674	3
4675	2
4676	2
4677	3
4678	1
4679	6
4680	0
4681	0
4682	1
4683	2
4684	2
4685	4
4686	2
4687	1
4688	3
4689	3
4690	5
4691	3
4692	3
4693	3
4694	2
4695	1
4696	3
4697	1
4698	0
4699	2
4700	6
4701	1
4702	1
4703	0
4704	1
4705	2
4706	1
4707	3
4708	0
4709	4
4710	0
4711	0
4712	4
4713	0
4714	2
4715	0
4716	5
4717	0
4718	0
4719	3
4720	0
4721	4
4722	3
4723	1
4724	2
4725	0
4726	2
4727	2
4728	3
4729	1
4730	1
4731	1
4732	4
4733	2
4734	2
4735	5
4736	2
4737	4
4738	2
4739	2
4740	0
4741	0
4742	5
4743	3
4744	2
4745	6
4746	2
4747	1
4748	0
4749	2
4750	1
4751	3
4752	4
4753	1
4754	1
4755	1
4756	3
4757	0
4758	1
4759	2
4760	5
4761	1
4762	3
4763	1
4764	0
4765	4
4766	5
4767	1
4768	2
4769	0
4770	5
4771	2
4772	0
4773	0
4774	4
4775	1
4776	6
4777	2
4778	3
4779	7
4780	1
4781	2
4782	0
4783	1
4784	3
4785	1
4786	1
4787	1
4788	2
4789	3
4790	1
4791	4
4792	4
4793	1
4794	5
4795	3
4796	2
4797	0
4798	3
4799	2
4800	1
4801	3
4802	1
4803	2
4804	2
4805	1
4806	2
4807	3
4808	2
4809	3
4810	1
4811	0
4812	0
4813	1
4814	2
4815	1
4816	4
4817	4
4818	4
4819	2
4820	1
4821	1
4822	4
4823	3
4824	1
4825	3
4826	4
4827	2
4828	2
4829	3
4830	2
4831	1
4832	3
4833	3
4834	0
4835	2
4836	0
4837	2
4838	5
4839	2
4840	1
4841	3
4842	4
4843	2
4844	1
4845	4
4846	2
4847	3
4848	6
4849	3
4850	5
4851	2
4852	1
4853	3
4854	2
4855	2
4856	1
4857	1
4858	4
4859	2
4860	1
4861	4
4862	4
4863	2
4864	4
4865	3
4866	4
4867	1
4868	3
4869	3
4870	5
4871	4
4872	2
4873	3
4874	1
4875	1
4876	2
4877	3
4878	0
4879	2
4880	2
4881	1
4882	1
4883	1
4884	1
4885	4
4886	3
4887	3
4888	2
4889	6
4890	5
4891	0
4892	1
4893	3
4894	5
4895	1
4896	2
4897	2
4898	2
4899	2
4900	1
4901	2
4902	2
4903	2
4904	3
4905	1
4906	0
4907	2
4908	3
4909	2
4910	0
4911	2
4912	0
4913	1
4914	1
4915	0
4916	2
4917	1
4918	2
4919	2
4920	2
4921	3
4922	2
4923	3
4924	1
4925	0
4926	4
4927	4
4928	3
4929	4
4930	2
4931	1
4932	0
4933	2
4934	2
4935	0
4936	0
4937	2
4938	5
4939	2
4940	1
4941	1
4942	3
4943	2
4944	3
4945	1
4946	2
4947	2
4948	1
4949	2
4950	1
4951	0
4952	2
4953	2
4954	1
4955	0
4956	3
4957	2
4958	3
4959	2
4960	4
4961	1
4962	1
4963	1
4964	4
4965	5
4966	0
4967	2
4968	4
4969	3
4970	2
4971	3
4972	1
4973	2
4974	4
4975	4
4976	3
4977	3
4978	5
4979	0
4980	0
4981	3
4982	1
4983	1
4984	0
4985	1
4986	0
4987	2
4988	3
4989	1
4990	2
4991	0
4992	4
4993	3
4994	2
4995	0
4996	0
4997	1
4998	4
4999	2
5000	3
5001	2
5002	1
5003	2
5004	2
5005	1
5006	5
5007	3
5008	4
5009	1
5010	0
5011	2
5012	2
5013	3
5014	3
5015	1
5016	3
5017	4
5018	0
5019	1
5020	2
5021	1
5022	2
5023	1
5024	5
5025	0
5026	1
5027	2
5028	1
5029	4
5030	0
5031	3
5032	0
5033	0
5034	2
5035	4
5036	2
5037	1
5038	3
5039	0
5040	1
5041	2
5042	2
5043	2
5044	1
5045	1
5046	0
5047	1
5048	6
5049	2
5050	4
5051	3
5052	0
5053	2
5054	1
5055	0
5056	3
5057	1
5058	3
5059	1
5060	1
5061	1
5062	0
5063	1
5064	2
5065	0
5066	2
5067	0
5068	1
5069	1
5070	2
5071	1
5072	3
5073	2
5074	1
5075	2
5076	2
5077	1
5078	2
5079	2
5080	0
5081	1
5082	1
5083	2
5084	2
5085	1
5086	2
5087	2
5088	3
5089	0
5090	0
5091	0
5092	3
5093	0
5094	3
5095	1
5096	2
5097	2
5098	1
5099	0
5100	4
5101	2
5102	0
5103	3
5104	4
5105	3
5106	1
5107	2
5108	2
5109	4
5110	0
5111	1
5112	1
5113	1
5114	1
5115	3
5116	1
5117	2
5118	3
5119	5
5120	2
5121	1
5122	2
5123	1
5124	1
5125	4
5126	2
5127	1
5128	4
5129	4
5130	5
5131	1
5132	3
5133	2
5134	5
5135	0
5136	2
5137	0
5138	1
5139	2
5140	4
5141	1
5142	2
5143	5
5144	1
5145	1
5146	3
5147	4
5148	2
5149	4
5150	1
5151	1
5152	3
5153	1
5154	1
5155	4
5156	1
5157	2
5158	1
5159	2
5160	2
5161	2
5162	0
5163	1
5164	0
5165	0
5166	1
5167	3
5168	0
5169	1
5170	0
5171	3
5172	2
5173	2
5174	1
5175	2
5176	5
5177	1
5178	1
5179	2
5180	2
5181	2
5182	0
5183	2
5184	2
5185	0
5186	2
5187	4
5188	2
5189	0
5190	2
5191	5
5192	1
5193	2
5194	0
5195	2
5196	2
5197	2
5198	1
5199	2
5200	0
5201	2
5202	2
5203	3
5204	3
5205	1
5206	3
5207	1
5208	0
5209	1
5210	4
5211	0
5212	1
5213	1
5214	3
5215	2
5216	4
5217	2
5218	1
5219	2
5220	0
5221	2
5222	6
5223	4
5224	2
5225	1
5226	1
5227	3
5228	0
5229	0
5230	2
5231	2
5232	2
5233	3
5234	3
5235	1
5236	0
5237	2
5238	1
5239	0
5240	3
5241	3
5242	2
5243	2
5244	0
5245	5
5246	3
5247	1
5248	1
5249	0
5250	1
5251	4
5252	3
5253	0
5254	3
5255	3
5256	3
5257	1
5258	3
5259	2
5260	1
5261	1
5262	1
5263	2
5264	2
5265	0
5266	0
5267	2
5268	2
5269	0
5270	3
5271	2
5272	1
5273	1
5274	1
5275	4
5276	0
5277	3
5278	3
5279	2
5280	0
5281	0
5282	4
5283	3
5284	1
5285	4
5286	2
5287	4
5288	1
5289	1
5290	1
5291	1
5292	2
5293	1
5294	1
5295	3
5296	2
5297	3
5298	3
5299	2
5300	3
5301	1
5302	3
5303	2
5304	1
5305	2
5306	2
5307	4
5308	2
5309	1
5310	2
5311	1
5312	4
5313	2
5314	2
5315	6
5316	4
5317	3
5318	0
5319	2
5320	4
5321	4
5322	2
5323	1
5324	3
5325	1
5326	0
5327	1
5328	3
5329	3
5330	1
5331	0
5332	0
5333	2
5334	0
5335	1
5336	0
5337	3
5338	1
5339	3
5340	0
5341	1
5342	1
5343	0
5344	1
5345	2
5346	2
5347	0
5348	3
5349	0
5350	0
5351	1
5352	3
5353	2
5354	3
5355	3
5356	0
5357	1
5358	5
5359	0
5360	2
5361	2
5362	2
5363	1
5364	0
5365	2
5366	0
5367	4
5368	4
5369	1
5370	1
5371	0
5372	0
5373	2
5374	2
5375	2
5376	1
5377	0
5378	0
5379	2
5380	2
5381	2
5382	2
5383	0
5384	3
5385	2
5386	0
5387	4
5388	1
5389	0
5390	1
5391	0
5392	1
5393	2
5394	1
5395	3
5396	2
5397	4
5398	1
5399	2
5400	0
5401	0
5402	2
5403	1
5404	3
5405	3
5406	1
5407	0
5408	2
5409	2
5410	4
5411	4
5412	3
5413	2
5414	2
5415	1
5416	2
5417	6
5418	3
5419	3
5420	0
5421	1
5422	1
5423	1
5424	3
5425	1
5426	1
5427	1
5428	2
5429	2
5430	3
5431	1
5432	3
5433	1
5434	2
5435	1
5436	3
5437	1
5438	2
5439	5
5440	2
5441	4
5442	1
5443	0
5444	3
5445	2
5446	2
5447	1
5448	2
5449	1
5450	3
5451	5
5452	0
5453	2
5454	4
5455	3
5456	3
5457	2
5458	2
5459	3
5460	1
5461	4
5462	0
5463	3
5464	0
5465	1
5466	1
5467	2
5468	1
5469	2
5470	3
5471	3
5472	5
5473	2
5474	5
5475	2
5476	1
5477	3
5478	3
5479	2
5480	1
5481	0
5482	1
5483	2
5484	1
5485	3
5486	3
5487	1
5488	2
5489	1
5490	2
5491	0
5492	3
5493	3
5494	2
5495	3
5496	4
5497	1
5498	4
5499	3
5500	1
5501	2
5502	2
5503	3
5504	2
5505	4
5506	3
5507	0
5508	3
5509	3
5510	1
5511	0
5512	1
5513	4
5514	2
5515	2
5516	3
5517	1
5518	6
5519	3
5520	5
5521	2
5522	4
5523	2
5524	2
5525	1
5526	0
5527	2
5528	5
5529	0
5530	2
5531	2
5532	0
5533	3
5534	1
5535	3
5536	1
5537	2
5538	4
5539	3
5540	4
5541	1
5542	2
5543	3
5544	2
5545	1
5546	1
5547	2
5548	1
5549	2
5550	4
5551	1
5552	2
5553	2
5554	1
5555	3
5556	2
5557	2
5558	2
5559	3
5560	3
5561	1
5562	3
5563	1
5564	3
5565	3
5566	2
5567	0
5568	2
5569	2
5570	0
5571	2
5572	2
5573	1
5574	1
5575	2
5576	2
5577	8
5578	0
5579	2
5580	1
5581	2
5582	1
5583	3
5584	1
5585	0
5586	2
5587	1
5588	0
5589	3
5590	0
5591	4
5592	1
5593	3
5594	2
5595	0
5596	2
5597	4
5598	5
5599	2
5600	2
5601	1
5602	1
5603	2
5604	1
5605	1
5606	2
5607	1
5608	0
5609	0
5610	1
5611	2
5612	1
5613	2
5614	1
5615	4
5616	0
5617	4
5618	2
5619	0
5620	2
5621	4
5622	1
5623	0
5624	2
5625	0
5626	3
5627	1
5628	3
5629	3
5630	3
5631	0
5632	4
5633	3
5634	1
5635	2
5636	2
5637	2
5638	1
5639	1
5640	0
5641	0
5642	1
5643	0
5644	3
5645	1
5646	5
5647	2
5648	1
5649	5
5650	5
5651	0
5652	2
5653	1
5654	3
5655	2
5656	1
5657	4
5658	1
5659	0
5660	0
5661	0
5662	4
5663	0
5664	2
5665	2
5666	0
5667	0
5668	1
5669	2
5670	3
5671	0
5672	2
5673	0
5674	1
5675	0
5676	2
5677	1
5678	0
5679	2
5680	1
5681	3
5682	3
5683	3
5684	1
5685	1
5686	3
5687	2
5688	6
5689	0
5690	0
5691	1
5692	3
5693	2
5694	3
5695	4
5696	4
5697	1
5698	1
5699	1
5700	0
5701	1
5702	2
5703	1
5704	1
5705	0
5706	5
5707	0
5708	1
5709	2
5710	1
5711	1
5712	2
5713	2
5714	3
5715	4
5716	3
5717	1
5718	4
5719	1
5720	0
5721	1
5722	0
5723	2
5724	3
5725	3
5726	4
5727	1
5728	2
5729	2
5730	2
5731	1
5732	1
5733	1
5734	2
5735	1
5736	2
5737	0
5738	0
5739	4
5740	2
5741	2
5742	3
5743	2
5744	1
5745	2
5746	5
5747	3
5748	4
5749	1
5750	1
5751	0
5752	0
5753	0
5754	2
5755	1
5756	3
5757	1
5758	1
5759	1
5760	0
5761	0
5762	3
5763	5
5764	1
5765	0
5766	1
5767	1
5768	2
5769	2
5770	1
5771	4
5772	5
5773	0
5774	1
5775	2
5776	2
5777	0
5778	0
5779	0
5780	1
5781	1
5782	0
5783	0
5784	1
5785	0
5786	1
5787	2
5788	1
5789	1
5790	1
5791	4
5792	1
5793	0
5794	0
5795	0
5796	2
5797	0
5798	0
5799	1
5800	2
5801	1
5802	2
5803	0
5804	3
5805	0
5806	1
5807	2
5808	0
5809	1
5810	2
5811	2
5812	0
5813	3
5814	1
5815	2
5816	3
5817	1
5818	1
5819	0
5820	1
5821	5
5822	1
5823	0
5824	1
5825	0
5826	1
5827	1
5828	1
5829	3
5830	1
5831	4
5832	5
5833	0
5834	1
5835	6
5836	2
5837	2
5838	1
5839	3
5840	1
5841	2
5842	5
5843	0
5844	2
5845	1
5846	2
5847	2
5848	1
5849	1
5850	1
5851	3
5852	2
5853	0
5854	2
5855	2
5856	1
5857	1
5858	1
5859	3
5860	1
5861	2
5862	3
5863	1
5864	1
5865	1
5866	0
5867	3
5868	2
5869	2
5870	2
5871	4
5872	2
5873	1
5874	0
5875	0
5876	1
5877	2
5878	0
5879	0
5880	1
5881	3
5882	3
5883	0
5884	2
5885	3
5886	2
5887	1
5888	0
5889	2
5890	2
5891	4
5892	2
5893	1
5894	1
5895	1
5896	1
5897	5
5898	4
5899	1
5900	0
5901	0
5902	2
5903	4
5904	3
5905	2
5906	1
5907	1
5908	1
5909	1
5910	2
5911	4
5912	1
5913	3
5914	2
5915	0
5916	1
5917	1
5918	1
5919	2
5920	1
5921	0
5922	4
5923	3
5924	2
5925	1
5926	1
5927	1
5928	1
5929	2
5930	2
5931	0
5932	0
5933	4
5934	4
5935	1
5936	1
5937	0
5938	0
5939	4
5940	2
5941	3
5942	2
5943	2
5944	0
5945	1
5946	5
5947	1
5948	2
5949	4
5950	0
5951	4
5952	3
5953	3
5954	3
5955	2
5956	0
5957	0
5958	0
5959	3
5960	1
5961	1
5962	2
5963	4
5964	0
5965	0
5966	3
5967	3
5968	5
5969	1
5970	5
5971	1
5972	3
5973	3
5974	3
5975	1
5976	6
5977	5
5978	1
5979	3
5980	4
5981	1
5982	0
5983	3
5984	7
5985	3
5986	4
5987	0
5988	2
5989	0
5990	5
5991	2
5992	0
5993	2
5994	3
5995	3
5996	2
5997	2
5998	2
5999	1
6000	4
6001	1
6002	2
6003	1
6004	2
6005	2
6006	1
6007	1
6008	1
6009	3
6010	2
6011	1
6012	2
6013	2
6014	1
6015	2
6016	4
6017	0
6018	3
6019	5
6020	1
6021	0
6022	1
6023	4
6024	1
6025	3
6026	3
6027	0
6028	4
6029	3
6030	1
6031	2
6032	3
6033	2
6034	2
6035	3
6036	2
6037	0
6038	1
6039	1
6040	0
6041	1
6042	2
6043	4
6044	1
6045	2
6046	2
6047	2
6048	5
6049	2
6050	2
6051	0
6052	1
6053	2
6054	0
6055	2
6056	1
6057	2
6058	3
6059	2
6060	4
6061	2
6062	1
6063	1
6064	5
6065	2
6066	3
6067	2
6068	2
6069	4
6070	3
6071	1
6072	4
6073	4
6074	5
6075	2
6076	2
6077	0
6078	0
6079	2
6080	4
6081	3
6082	1
6083	1
6084	3
6085	1
6086	1
6087	1
6088	1
6089	2
6090	4
6091	3
6092	0
6093	2
6094	2
6095	4
6096	2
6097	0
6098	2
6099	2
6100	2
6101	1
6102	0
6103	1
6104	5
6105	1
6106	3
6107	3
6108	4
6109	0
6110	0
6111	0
6112	2
6113	3
6114	2
6115	3
6116	5
6117	1
6118	3
6119	4
6120	1
6121	2
6122	3
6123	3
6124	2
6125	1
6126	3
6127	3
6128	3
6129	2
6130	5
6131	4
6132	2
6133	1
6134	3
6135	1
6136	2
6137	1
6138	2
6139	1
6140	1
6141	4
6142	4
6143	3
6144	1
6145	2
6146	3
6147	3
6148	3
6149	2
6150	3
6151	5
6152	3
6153	1
6154	4
6155	3
6156	1
6157	3
6158	1
6159	2
6160	0
6161	3
6162	5
6163	0
6164	1
6165	2
6166	3
6167	4
6168	6
6169	2
6170	2
6171	2
6172	3
6173	0
6174	0
6175	1
6176	0
6177	2
6178	3
6179	2
6180	4
6181	2
6182	1
6183	3
6184	4
6185	1
6186	0
6187	2
6188	2
6189	2
6190	3
6191	4
6192	2
6193	2
6194	3
6195	2
6196	1
6197	4
6198	5
6199	2
6200	0
6201	2
6202	1
6203	2
6204	0
6205	1
6206	9
6207	1
6208	3
6209	2
6210	3
6211	2
6212	2
6213	4
6214	1
6215	1
6216	8
6217	6
6218	1
6219	1
6220	3
6221	3
6222	1
6223	4
6224	2
6225	2
6226	3
6227	2
6228	2
6229	1
6230	2
6231	1
6232	1
6233	2
6234	1
6235	1
6236	3
6237	0
6238	2
6239	2
6240	5
6241	3
6242	4
6243	0
6244	0
6245	3
6246	0
6247	6
6248	0
6249	3
6250	1
6251	3
6252	4
6253	3
6254	0
6255	2
6256	3
6257	4
6258	0
6259	1
6260	3
6261	1
6262	0
6263	4
6264	0
6265	7
6266	3
6267	2
6268	6
6269	1
6270	3
6271	1
6272	2
6273	2
6274	3
6275	0
6276	4
6277	1
6278	3
6279	3
6280	4
6281	1
6282	2
6283	2
6284	0
6285	0
6286	0
6287	2
6288	1
6289	4
6290	2
6291	1
6292	1
6293	4
6294	3
6295	4
6296	4
6297	3
6298	4
6299	1
6300	3
6301	3
6302	3
6303	1
6304	1
6305	5
6306	1
6307	2
6308	1
6309	1
6310	3
6311	5
6312	2
6313	1
6314	0
6315	1
6316	1
6317	1
6318	2
6319	0
6320	0
6321	1
6322	6
6323	7
6324	6
6325	3
6326	1
6327	3
6328	4
6329	2
6330	1
6331	2
6332	2
6333	4
6334	8
6335	3
6336	0
6337	3
6338	3
6339	0
6340	3
6341	4
6342	3
6343	1
6344	3
6345	2
6346	2
6347	0
6348	2
6349	3
6350	1
6351	0
6352	2
6353	2
6354	4
6355	0
6356	3
6357	2
6358	2
6359	3
6360	2
6361	1
6362	0
6363	2
6364	1
6365	0
6366	1
6367	2
6368	1
6369	2
6370	0
6371	0
6372	2
6373	2
6374	3
6375	0
6376	1
6377	2
6378	2
6379	2
6380	2
6381	2
6382	3
6383	2
6384	4
6385	1
6386	2
6387	2
6388	2
6389	2
6390	2
6391	1
6392	3
6393	2
6394	0
6395	5
6396	2
6397	3
6398	0
6399	1
6400	4
6401	1
6402	0
6403	0
6404	1
6405	0
6406	2
6407	3
6408	3
6409	0
6410	2
6411	4
6412	1
6413	1
6414	0
6415	3
6416	1
6417	2
6418	2
6419	0
6420	4
6421	3
6422	2
6423	0
6424	2
6425	1
6426	1
6427	2
6428	1
6429	1
6430	4
6431	1
6432	2
6433	1
6434	0
6435	0
6436	1
6437	1
6438	0
6439	4
6440	2
6441	0
6442	1
6443	2
6444	2
6445	3
6446	2
6447	6
6448	1
6449	0
6450	0
6451	0
6452	2
6453	0
6454	0
6455	1
6456	1
6457	1
6458	1
6459	1
6460	0
6461	3
6462	3
6463	3
6464	2
6465	0
6466	1
6467	6
6468	2
6469	1
6470	5
6471	0
6472	2
6473	4
6474	0
6475	2
6476	2
6477	1
6478	0
6479	2
6480	0
6481	3
6482	2
6483	4
6484	1
6485	1
6486	2
6487	1
6488	2
6489	1
6490	3
6491	1
6492	0
6493	1
6494	2
6495	0
6496	1
6497	0
6498	3
6499	2
6500	2
6501	1
6502	1
6503	2
6504	3
6505	1
6506	2
6507	1
6508	2
6509	1
6510	0
6511	3
6512	1
6513	0
6514	1
6515	4
6516	3
6517	0
6518	1
6519	1
6520	2
6521	0
6522	1
6523	1
6524	2
6525	0
6526	2
6527	2
6528	3
6529	3
6530	0
6531	1
6532	2
6533	4
6534	2
6535	0
6536	1
6537	1
6538	1
6539	3
6540	0
6541	3
6542	3
6543	1
6544	1
6545	1
6546	1
6547	3
6548	1
6549	3
6550	1
6551	0
6552	3
6553	5
6554	1
6555	4
6556	2
6557	1
6558	2
6559	1
6560	1
6561	5
6562	0
6563	1
6564	2
6565	4
6566	4
6567	3
6568	2
6569	2
6570	2
6571	4
6572	2
6573	2
6574	2
6575	4
6576	1
6577	3
6578	2
6579	1
6580	2
6581	4
6582	5
6583	1
6584	1
6585	1
6586	0
6587	3
6588	1
6589	5
6590	2
6591	5
6592	0
6593	2
6594	0
6595	0
6596	0
6597	1
6598	2
6599	3
6600	1
6601	2
6602	6
6603	4
6604	2
6605	5
6606	0
6607	3
6608	2
6609	2
6610	3
6611	1
6612	2
6613	3
6614	2
6615	3
6616	2
6617	2
6618	2
6619	2
6620	5
6621	0
6622	0
6623	2
6624	3
6625	3
6626	0
6627	5
6628	2
6629	2
6630	2
6631	4
6632	6
6633	4
6634	2
6635	1
6636	2
6637	4
6638	2
6639	3
6640	2
6641	5
6642	5
6643	1
6644	3
6645	2
6646	1
6647	1
6648	2
6649	3
6650	5
6651	3
6652	1
6653	6
6654	5
6655	2
6656	5
6657	4
6658	3
6659	4
6660	2
6661	2
6662	4
6663	4
6664	0
6665	6
6666	3
6667	4
6668	2
6669	5
6670	10
6671	5
6672	5
6673	7
6674	8
6675	5
6676	5
6677	3
6678	4
6679	3
6680	3
6681	4
6682	3
6683	6
6684	7
6685	6
6686	7
6687	7
6688	5
6689	4
6690	2
6691	4
6692	8
6693	5
6694	4
6695	3
6696	10
6697	3
6698	4
6699	2
6700	7
6701	7
6702	7
6703	4
6704	5
6705	6
6706	3
6707	5
6708	2
6709	7
6710	4
6711	3
6712	9
6713	8
6714	6
6715	7
6716	6
6717	8
6718	7
6719	5
6720	2
6721	3
6722	8
6723	5
6724	6
6725	6
6726	11
6727	4
6728	7
6729	5
6730	8
6731	3
6732	2
6733	6
6734	3
6735	4
6736	7
6737	10
6738	7
6739	3
6740	5
6741	7
6742	5
6743	4
6744	4
6745	4
6746	8
6747	4
6748	0
6749	7
6750	3
6751	1
6752	3
6753	3
6754	3
6755	3
6756	6
6757	2
6758	3
6759	2
6760	1
6761	3
6762	4
6763	6
6764	10
6765	1
6766	2
6767	3
6768	5
6769	0
6770	4
6771	2
6772	3
6773	3
6774	1
6775	1
6776	1
6777	0
6778	2
6779	2
6780	3
6781	1
6782	7
6783	3
6784	0
6785	4
6786	4
6787	3
6788	4
6789	1
6790	4
6791	1
6792	2
6793	2
6794	2
6795	4
6796	3
6797	0
6798	1
6799	2
6800	3
6801	4
6802	4
6803	2
6804	1
6805	1
6806	2
6807	2
6808	0
6809	3
6810	5
6811	1
6812	1
6813	0
6814	3
6815	4
6816	2
6817	1
6818	3
6819	1
6820	2
6821	1
6822	1
6823	3
6824	1
6825	2
6826	2
6827	0
6828	1
6829	2
6830	1
6831	0
6832	1
6833	3
6834	5
6835	0
6836	1
6837	1
6838	2
6839	4
6840	0
6841	2
6842	2
6843	3
6844	3
6845	1
6846	0
6847	2
6848	0
6849	1
6850	1
6851	0
6852	1
6853	1
6854	0
6855	0
6856	4
6857	2
6858	1
6859	2
6860	0
6861	0
6862	2
6863	5
6864	0
6865	2
6866	1
6867	3
6868	2
6869	1
6870	2
6871	1
6872	0
6873	0
6874	0
6875	1
6876	1
6877	1
6878	3
6879	2
6880	0
6881	2
6882	3
6883	2
6884	4
6885	0
6886	1
6887	2
6888	0
6889	2
6890	0
6891	0
6892	2
6893	2
6894	0
6895	0
6896	4
6897	0
6898	0
6899	1
6900	0
6901	1
6902	1
6903	1
6904	1
6905	0
6906	0
6907	0
6908	3
6909	2
6910	4
6911	2
6912	1
6913	1
6914	1
6915	1
6916	5
6917	1
6918	0
6919	1
6920	3
6921	3
6922	0
6923	1
6924	2
6925	1
6926	2
6927	1
6928	1
6929	2
6930	0
6931	3
6932	0
6933	4
6934	2
6935	2
6936	0
6937	1
6938	2
6939	0
6940	2
6941	1
6942	1
6943	0
6944	0
6945	1
6946	0
6947	1
6948	0
6949	1
6950	0
6951	2
6952	0
6953	0
6954	0
6955	2
6956	1
6957	1
6958	3
6959	6
6960	1
6961	0
6962	1
6963	0
6964	2
6965	3
6966	1
6967	2
6968	1
6969	1
6970	4
6971	1
6972	2
6973	1
6974	3
6975	1
6976	1
6977	0
6978	1
6979	0
6980	1
6981	1
6982	2
6983	1
6984	3
6985	3
6986	1
6987	3
6988	0
6989	1
6990	1
6991	1
6992	2
6993	3
6994	1
6995	0
6996	0
6997	2
6998	0
6999	0
7000	2
7001	1
7002	3
7003	0
7004	1
7005	3
7006	3
7007	0
7008	3
7009	1
7010	1
7011	3
7012	3
7013	2
7014	0
7015	4
7016	1
7017	3
7018	1
7019	2
7020	1
7021	0
7022	0
7023	1
7024	1
7025	1
7026	1
7027	0
7028	1
7029	2
7030	3
7031	1
7032	2
7033	1
7034	1
7035	3
7036	0
7037	1
7038	1
7039	1
7040	1
7041	1
7042	0
7043	1
7044	1
7045	1
7046	2
7047	0
7048	3
7049	2
7050	0
7051	3
7052	1
7053	2
7054	0
7055	1
7056	1
7057	0
7058	1
7059	1
7060	0
7061	1
7062	1
7063	2
7064	2
7065	1
7066	3
7067	2
7068	1
7069	0
7070	2
7071	1
7072	1
7073	1
7074	1
7075	1
7076	3
7077	5
7078	1
7079	1
7080	2
7081	2
7082	1
7083	0
7084	2
7085	3
7086	2
7087	3
7088	1
7089	3
7090	1
7091	2
7092	1
7093	2
7094	3
7095	1
7096	0
7097	0
7098	4
7099	3
7100	1
7101	0
7102	2
7103	3
7104	1
7105	1
7106	3
7107	2
7108	1
7109	0
7110	1
7111	1
7112	2
7113	1
7114	0
7115	2
7116	2
7117	2
7118	0
7119	1
7120	3
7121	1
7122	0
7123	1
7124	3
7125	1
7126	2
7127	3
7128	2
7129	1
7130	0
7131	2
7132	1
7133	3
7134	0
7135	0
7136	0
7137	3
7138	0
7139	1
7140	1
7141	0
7142	1
7143	1
7144	0
7145	3
7146	2
7147	1
7148	0
7149	2
7150	0
7151	1
7152	2
7153	2
7154	1
7155	3
7156	2
7157	2
7158	2
7159	2
7160	0
7161	3
7162	0
7163	1
7164	2
7165	1
7166	2
7167	2
7168	1
7169	2
7170	0
7171	0
7172	0
7173	1
7174	3
7175	2
7176	0
7177	1
7178	3
7179	1
7180	1
7181	1
7182	1
7183	1
7184	1
7185	3
7186	2
7187	2
7188	1
7189	0
7190	3
7191	3
7192	0
7193	2
7194	1
7195	1
7196	2
7197	1
7198	2
7199	1
7200	0
7201	1
7202	5
7203	3
7204	1
7205	3
7206	0
7207	0
7208	2
7209	2
7210	0
7211	1
7212	2
7213	2
7214	1
7215	2
7216	0
7217	2
7218	2
7219	3
7220	0
7221	5
7222	3
7223	1
7224	2
7225	2
7226	3
7227	3
7228	3
7229	3
7230	5
7231	4
7232	1
7233	4
7234	3
7235	2
7236	4
7237	1
7238	1
7239	1
7240	2
7241	4
7242	1
7243	6
7244	0
7245	4
7246	2
7247	3
7248	2
7249	2
7250	1
7251	2
7252	1
7253	2
7254	5
7255	3
7256	0
7257	3
7258	3
7259	3
7260	5
7261	1
7262	2
7263	5
7264	4
7265	4
7266	3
7267	0
7268	3
7269	7
7270	3
7271	6
7272	5
7273	3
7274	6
7275	4
7276	3
7277	0
7278	2
7279	6
7280	2
7281	5
7282	6
7283	3
7284	0
7285	2
7286	3
7287	1
7288	1
7289	4
7290	2
7291	4
7292	3
7293	1
7294	5
7295	2
7296	2
7297	4
7298	5
7299	2
7300	1
7301	3
7302	3
7303	6
7304	3
7305	2
7306	1
7307	1
7308	1
7309	4
7310	0
7311	6
7312	3
7313	0
7314	3
7315	4
7316	4
7317	2
7318	0
7319	2
7320	3
7321	3
7322	4
7323	3
7324	1
7325	0
7326	5
7327	1
7328	2
7329	5
7330	3
7331	1
7332	1
7333	2
7334	0
7335	1
7336	1
7337	3
7338	0
7339	3
7340	1
7341	1
7342	1
7343	1
7344	1
7345	2
7346	0
7347	0
7348	1
7349	0
7350	0
7351	0
7352	2
7353	0
7354	0
7355	0
7356	0
7357	0
7358	0
7359	1
7360	0
7361	0
7362	1
7363	1
7364	0
7365	0
7366	0
7367	0
7368	2
7369	1
7370	0
7371	0
7372	1
7373	0
7374	0
7375	0
7376	0
7377	0
7378	1
7379	0
7380	0
7381	0
7382	0
7383	0
7384	1
7385	0
7386	0
7387	0
7388	0
7389	0
7390	0
7391	0
7392	0
7393	0
7394	0
7395	0
7396	0
7397	0
7398	0
7399	0
7400	0
7401	0
7402	0
7403	0
7404	1
7405	0
7406	1
7407	0
7408	0
7409	0
7410	1
7411	0
7412	0
7413	0
7414	0
7415	0
7416	0
7417	0
7418	0
7419	1
7420	0
7421	0
7422	0
7423	0
7424	0
7425	0
7426	0
7427	0
7428	0
7429	0
7430	0
7431	0
7432	0
7433	0
7434	0
7435	0
7436	0
7437	0
7438	0
7439	0
7440	0
7441	0
7442	0
7443	0
7444	0
7445	0
7446	0
7447	0
7448	0
7449	0
7450	0
7451	0
7452	0
7453	0
7454	0
7455	0
7456	0
7457	0
7458	0
7459	0
7460	0
7461	0
7462	0
7463	0
7464	0
7465	0
7466	0
7467	0
7468	0
7469	1
7470	0
7471	0
7472	0
7473	0
7474	0
7475	0
7476	0
7477	0
7478	0
7479	0
7480	0
7481	0
7482	0
7483	0
7484	0
7485	0
7486	0
7487	0
7488	0
7489	0
7490	0
7491	0
7492	0
7493	0
7494	0
7495	0
7496	0
7497	0
7498	0
7499	0
7500	0
7501	0
7502	0
7503	0
7504	0
7505	0
7506	0
7507	0
7508	0
7509	0
7510	0
7511	0
7512	0
7513	0
7514	0
7515	0
7516	0
7517	0
7518	0
7519	0
7520	0
7521	0
7522	1
7523	1
7524	0
7525	0
7526	0
7527	0
7528	0
7529	0
7530	0
7531	0
7532	0
7533	0
7534	0
7535	0
7536	0
7537	0
7538	0
7539	0
7540	0
7541	0
7542	0
7543	0
7544	0
7545	0
7546	0
7547	0
7548	0
7549	0
7550	0
7551	0
7552	0
7553	0
7554	0
7555	1
7556	0
7557	0
7558	0
7559	0
7560	0
7561	0
7562	0
7563	0
7564	0
7565	0
7566	0
7567	0
7568	0
7569	0
7570	0
7571	0
7572	0
7573	0
7574	0
7575	0
7576	0
7577	0
7578	0
7579	0
7580	0
7581	0
7582	0
7583	0
7584	1
7585	0
7586	0
7587	0
7588	0
7589	0
7590	0
7591	0
7592	0
7593	0
7594	0
7595	0
7596	0
7597	0
7598	0
7599	1
7600	0
7601	0
7602	0
7603	0
7604	0
7605	0
7606	0
7607	0
7608	0
7609	0
7610	0
7611	0
7612	0
7613	0
7614	0
7615	0
7616	0
7617	0
7618	0
7619	0
7620	0
7621	0
7622	0
7623	0
7624	0
7625	0
7626	0
7627	0
7628	0
7629	0
7630	0
7631	0
7632	0
7633	0
7634	0
7635	0
7636	0
7637	0
7638	0
7639	0
7640	0
7641	0
7642	0
7643	0
7644	0
7645	0
7646	0
7647	0
7648	0
7649	0
7650	0
7651	0
7652	0
7653	0
7654	0
7655	0
7656	0
7657	0
7658	0
7659	0
7660	0
7661	0
7662	0
7663	0
7664	0
7665	0
7666	0
7667	0
7668	0
7669	0
7670	0
7671	0
7672	0
7673	0
7674	0
7675	0
7676	0
7677	0
7678	0
7679	0
7680	0
7681	0
7682	0
7683	0
7684	0
7685	0
7686	0
7687	0
7688	0
7689	0
7690	0
7691	0
7692	0
7693	0
7694	0
7695	0
7696	0
7697	0
7698	0
7699	0
7700	0
7701	0
7702	0
7703	0
7704	0
7705	0
7706	0
7707	0
7708	1
7709	0
7710	0
7711	0
7712	0
7713	0
7714	0
7715	0
7716	0
7717	0
7718	0
7719	0
7720	0
7721	0
7722	0
7723	0
7724	0
7725	0
7726	0
7727	0
7728	0
7729	0
7730	0
7731	0
7732	0
7733	0
7734	0
7735	0
7736	0
7737	0
7738	0
7739	0
7740	0
7741	0
7742	0
7743	0
7744	0
7745	0
7746	0
7747	0
7748	0
7749	0
7750	0
7751	0
7752	0
7753	0
7754	0
7755	0
7756	0
7757	0
7758	0
7759	0
7760	0
7761	0
7762	0
7763	0
7764	0
7765	0
7766	0
7767	0
7768	0
7769	0
7770	0
7771	0
7772	0
7773	0
7774	0
7775	0
7776	0
7777	0
7778	0
7779	0
7780	0
7781	0
7782	0
7783	0
7784	0
7785	0
7786	0
7787	0
7788	0
7789	0
7790	0
7791	0
7792	0
7793	0
7794	0
7795	0
7796	1
7797	0
7798	0
7799	0
7800	0
7801	0
7802	0
7803	0
7804	0
7805	0
7806	0
7807	0
7808	0
7809	0
7810	0
7811	0
7812	0
7813	0
7814	0
7815	1
7816	1
7817	0
7818	0
7819	0
7820	0
7821	0
7822	0
7823	0
7824	0
7825	0
7826	0
7827	0
7828	0
7829	0
7830	0
7831	0
7832	0
7833	0
7834	0
7835	0
7836	0
7837	0
7838	1
7839	0
7840	0
7841	0
7842	0
7843	0
7844	0
7845	0
7846	0
7847	0
7848	0
7849	0
7850	0
7851	0
7852	0
7853	0
7854	0
7855	0
7856	0
7857	0
7858	0
7859	0
7860	0
7861	0
7862	0
7863	0
7864	0
7865	0
7866	0
7867	0
7868	0
7869	0
7870	0
7871	1
7872	0
7873	0
7874	0
7875	0
7876	0
7877	0
7878	0
7879	0
7880	0
7881	0
7882	0
7883	0
7884	0
7885	0
7886	0
7887	0
7888	0
7889	0
7890	0
7891	0
7892	0
7893	0
7894	0
7895	0
7896	0
7897	0
7898	0
7899	0
7900	0
7901	0
7902	0
7903	0
7904	0
7905	0
7906	0
7907	0
7908	0
7909	0
7910	0
7911	0
7912	0
7913	0
7914	0
7915	0
7916	1
7917	0
7918	0
7919	0
7920	0
7921	0
7922	0
7923	0
7924	0
7925	0
7926	0
7927	0
7928	0
7929	0
7930	0
7931	0
7932	0
7933	0
7934	0
7935	0
7936	0
7937	0
7938	0
7939	1
7940	0
7941	0
7942	0
7943	0
7944	0
7945	0
7946	0
7947	1
7948	0
7949	0
7950	0
7951	0
7952	0
7953	0
7954	0
7955	0
7956	0
7957	0
7958	0
7959	0
7960	0
7961	0
7962	0
7963	0
7964	0
7965	0
7966	0
7967	0
7968	0
7969	0
7970	0
7971	0
7972	0
7973	0
7974	0
7975	0
7976	0
7977	0
7978	0
7979	0
7980	0
7981	0
7982	0
7983	1
7984	0
7985	0
7986	0
7987	0
7988	0
7989	0
7990	0
7991	0
7992	0
7993	0
7994	0
7995	0
7996	0
7997	0
7998	0
7999	0
8000	0
8001	0
8002	0
8003	0
8004	0
8005	0
8006	0
8007	0
8008	0
8009	0
8010	0
8011	0
8012	0
8013	0
8014	0
8015	0
8016	0
8017	0
8018	0
8019	0
8020	0
8021	0
8022	0
8023	0
8024	0
8025	0
8026	0
8027	0
8028	0
8029	0
8030	0
8031	0
8032	0
8033	0
8034	0
8035	0
8036	0
8037	0
8038	0
8039	0
8040	0
8041	0
8042	0
8043	0
8044	0
8045	0
8046	0
8047	0
8048	0
8049	0
8050	0
8051	0
8052	0
8053	0
8054	0
8055	0
8056	0
8057	0
8058	0
8059	0
8060	0
8061	0
8062	0
8063	0
8064	0
8065	0
8066	0
8067	0
8068	0
8069	0
8070	0
8071	0
8072	0
8073	0
8074	0
8075	0
8076	0
8077	0
8078	0
8079	0
8080	0
8081	0
8082	0
8083	0
8084	0
8085	0
8086	0
8087	0
8088	0
8089	0
8090	0
8091	0
8092	0
8093	0
8094	0
8095	0
8096	0
8097	0
8098	0
8099	0
8100	0
8101	0
8102	0
8103	0
8104	0
8105	0
8106	0
8107	0
8108	0
8109	0
8110	0
8111	0
8112	0
8113	0
8114	0
8115	0
8116	0
8117	0
8118	0
8119	0
8120	0
8121	0
8122	0
8123	0
8124	0
8125	0
8126	0
8127	0
8128	0
8129	0
8130	0
8131	0
8132	0
8133	0
8134	0
8135	0
8136	0
8137	0
8138	0
8139	0
8140	0
8141	0
8142	0
8143	0
8144	0
8145	0
8146	0
8147	0
8148	0
8149	0
8150	0
8151	0
8152	0
8153	0
8154	0
8155	0
8156	0
8157	0
8158	0
8159	0
8160	0
8161	0
8162	0
8163	0
8164	0
8165	0
8166	0
8167	0
8168	0
8169	0
8170	0
8171	0
8172	0
8173	0
8174	0
8175	0
8176	0
8177	0
8178	0
8179	0
8180	0
8181	0
8182	0
8183	0
8184	0
8185	0
8186	0
8187	0
8188	0
8189	0
8190	0
8191	0
