0	0
1	0
2	0
3	0
4	0
5	0
6	0
7	0
8	0
9	0
10	0
11	0
12	0
13	0
14	0
15	0
16	0
17	0
18	0
19	0
20	0
21	0
22	0
23	1
24	0
25	0
26	1
27	0
28	0
29	3
30	0
31	1
32	0
33	0
34	1
35	1
36	2
37	2
38	0
39	1
40	0
41	0
42	0
43	2
44	2
45	1
46	2
47	0
48	3
49	3
50	1
51	8
52	32
53	99
54	116
55	153
56	168
57	157
58	154
59	159
60	171
61	147
62	122
63	134
64	163
65	154
66	179
67	170
68	165
69	169
70	174
71	145
72	154
73	157
74	161
75	151
76	174
77	167
78	184
79	149
80	173
81	161
82	183
83	177
84	174
85	164
86	180
87	164
88	180
89	159
90	173
91	164
92	151
93	180
94	144
95	149
96	164
97	169
98	176
99	188
100	177
101	160
102	142
103	161
104	153
105	202
106	168
107	181
108	169
109	189
110	175
111	170
112	181
113	181
114	175
115	185
116	153
117	147
118	169
119	158
120	186
121	190
122	173
123	181
124	181
125	162
126	189
127	158
128	178
129	196
130	167
131	190
132	193
133	189
134	145
135	198
136	195
137	181
138	188
139	178
140	179
141	169
142	159
143	189
144	189
145	181
146	203
147	176
148	173
149	187
150	170
151	208
152	185
153	172
154	203
155	175
156	199
157	185
158	194
159	207
160	170
161	202
162	195
163	181
164	181
165	175
166	206
167	179
168	151
169	185
170	203
171	170
172	191
173	179
174	206
175	189
176	208
177	206
178	198
179	207
180	224
181	167
182	177
183	206
184	233
185	203
186	176
187	190
188	182
189	211
190	192
191	177
192	187
193	201
194	192
195	207
196	207
197	203
198	215
199	184
200	187
201	177
202	200
203	207
204	190
205	199
206	197
207	202
208	205
209	198
210	187
211	195
212	199
213	215
214	162
215	190
216	173
217	186
218	196
219	199
220	194
221	184
222	168
223	188
224	214
225	201
226	220
227	188
228	202
229	214
230	200
231	198
232	190
233	186
234	208
235	217
236	210
237	206
238	177
239	190
240	238
241	221
242	209
243	210
244	187
245	201
246	192
247	217
248	227
249	200
250	196
251	202
252	210
253	199
254	188
255	205
256	198
257	214
258	187
259	193
260	231
261	234
262	188
263	186
264	185
265	219
266	211
267	201
268	198
269	216
270	199
271	219
272	216
273	184
274	184
275	191
276	201
277	206
278	214
279	220
280	220
281	192
282	223
283	217
284	237
285	196
286	220
287	214
288	217
289	230
290	221
291	194
292	211
293	204
294	198
295	219
296	203
297	212
298	199
299	231
300	216
301	201
302	217
303	192
304	221
305	204
306	236
307	217
308	202
309	208
310	222
311	210
312	224
313	213
314	217
315	222
316	223
317	202
318	218
319	196
320	233
321	229
322	189
323	199
324	220
325	234
326	236
327	207
328	227
329	243
330	211
331	225
332	208
333	228
334	220
335	191
336	231
337	226
338	218
339	243
340	220
341	221
342	219
343	222
344	213
345	222
346	233
347	219
348	264
349	216
350	226
351	193
352	211
353	233
354	257
355	228
356	219
357	252
358	260
359	236
360	228
361	215
362	249
363	206
364	245
365	234
366	243
367	248
368	241
369	250
370	236
371	218
372	232
373	236
374	236
375	232
376	219
377	248
378	249
379	228
380	274
381	263
382	235
383	248
384	269
385	217
386	238
387	243
388	253
389	216
390	217
391	244
392	264
393	236
394	234
395	249
396	252
397	255
398	253
399	253
400	229
401	235
402	244
403	218
404	261
405	265
406	213
407	243
408	227
409	249
410	241
411	250
412	252
413	257
414	252
415	250
416	229
417	247
418	248
419	251
420	261
421	254
422	226
423	264
424	228
425	253
426	226
427	260
428	261
429	255
430	262
431	303
432	260
433	254
434	270
435	251
436	259
437	262
438	252
439	233
440	273
441	281
442	261
443	252
444	272
445	281
446	271
447	251
448	259
449	255
450	257
451	253
452	263
453	253
454	264
455	298
456	290
457	254
458	271
459	232
460	255
461	253
462	317
463	264
464	265
465	256
466	252
467	258
468	260
469	256
470	287
471	276
472	276
473	277
474	263
475	271
476	272
477	252
478	309
479	280
480	281
481	287
482	283
483	281
484	253
485	286
486	263
487	272
488	263
489	292
490	290
491	242
492	274
493	268
494	265
495	274
496	273
497	266
498	278
499	268
500	256
501	260
502	264
503	284
504	273
505	279
506	275
507	266
508	269
509	280
510	284
511	258
512	272
513	270
514	284
515	269
516	287
517	263
518	260
519	283
520	270
521	271
522	288
523	263
524	286
525	252
526	225
527	274
528	265
529	256
530	270
531	280
532	265
533	266
534	251
535	285
536	216
537	276
538	282
539	267
540	267
541	270
542	268
543	260
544	267
545	279
546	269
547	291
548	314
549	313
550	279
551	285
552	269
553	259
554	288
555	259
556	255
557	265
558	262
559	275
560	276
561	303
562	277
563	285
564	281
565	247
566	261
567	252
568	268
569	294
570	324
571	281
572	288
573	283
574	287
575	276
576	291
577	265
578	262
579	257
580	275
581	242
582	277
583	254
584	257
585	272
586	287
587	257
588	295
589	274
590	266
591	319
592	230
593	270
594	247
595	278
596	257
597	259
598	267
599	285
600	265
601	261
602	282
603	268
604	257
605	281
606	291
607	258
608	237
609	281
610	243
611	295
612	273
613	256
614	281
615	314
616	269
617	267
618	277
619	257
620	300
621	268
622	240
623	283
624	284
625	269
626	267
627	254
628	297
629	283
630	302
631	276
632	242
633	277
634	304
635	258
636	285
637	299
638	289
639	280
640	304
641	256
642	275
643	262
644	264
645	300
646	294
647	288
648	279
649	247
650	255
651	258
652	264
653	270
654	289
655	270
656	290
657	239
658	245
659	257
660	244
661	292
662	251
663	283
664	274
665	253
666	271
667	283
668	234
669	273
670	263
671	243
672	271
673	249
674	266
675	255
676	272
677	252
678	274
679	280
680	270
681	275
682	281
683	249
684	321
685	295
686	264
687	243
688	241
689	280
690	291
691	263
692	259
693	260
694	274
695	277
696	259
697	298
698	253
699	278
700	288
701	241
702	310
703	279
704	299
705	263
706	286
707	275
708	277
709	281
710	266
711	276
712	305
713	243
714	291
715	269
716	276
717	241
718	232
719	240
720	254
721	290
722	263
723	266
724	276
725	270
726	260
727	290
728	284
729	274
730	289
731	264
732	276
733	252
734	288
735	264
736	269
737	267
738	301
739	294
740	266
741	282
742	278
743	317
744	272
745	285
746	278
747	297
748	261
749	252
750	288
751	279
752	303
753	298
754	254
755	262
756	281
757	282
758	274
759	242
760	272
761	303
762	275
763	298
764	262
765	254
766	245
767	261
768	240
769	272
770	266
771	285
772	265
773	290
774	245
775	263
776	245
777	290
778	276
779	308
780	289
781	276
782	264
783	293
784	267
785	290
786	263
787	251
788	275
789	263
790	278
791	272
792	267
793	276
794	271
795	274
796	285
797	263
798	264
799	249
800	309
801	250
802	301
803	287
804	255
805	302
806	285
807	268
808	279
809	287
810	291
811	273
812	298
813	267
814	278
815	278
816	248
817	266
818	278
819	249
820	292
821	258
822	271
823	278
824	256
825	283
826	256
827	293
828	275
829	281
830	294
831	284
832	274
833	293
834	286
835	293
836	276
837	267
838	269
839	279
840	266
841	284
842	286
843	278
844	299
845	281
846	280
847	278
848	252
849	256
850	279
851	271
852	292
853	255
854	309
855	297
856	273
857	266
858	284
859	288
860	278
861	253
862	284
863	300
864	268
865	280
866	270
867	288
868	275
869	260
870	248
871	271
872	277
873	260
874	267
875	290
876	283
877	276
878	300
879	260
880	286
881	289
882	258
883	285
884	285
885	257
886	290
887	288
888	258
889	242
890	285
891	231
892	278
893	303
894	244
895	275
896	273
897	272
898	285
899	302
900	244
901	268
902	281
903	247
904	272
905	256
906	281
907	266
908	272
909	283
910	298
911	266
912	263
913	310
914	261
915	286
916	243
917	302
918	268
919	252
920	322
921	293
922	278
923	288
924	283
925	285
926	252
927	261
928	244
929	275
930	269
931	283
932	278
933	272
934	285
935	275
936	290
937	241
938	286
939	244
940	253
941	272
942	275
943	253
944	288
945	279
946	254
947	281
948	229
949	295
950	264
951	279
952	283
953	289
954	296
955	267
956	271
957	259
958	284
959	255
960	267
961	285
962	275
963	264
964	261
965	270
966	270
967	288
968	262
969	256
970	262
971	259
972	265
973	284
974	244
975	237
976	260
977	248
978	294
979	265
980	240
981	274
982	260
983	248
984	261
985	252
986	229
987	264
988	242
989	271
990	262
991	244
992	285
993	247
994	275
995	261
996	262
997	240
998	247
999	253
1000	264
1001	258
1002	270
1003	277
1004	241
1005	254
1006	268
1007	260
1008	247
1009	238
1010	270
1011	267
1012	285
1013	272
1014	260
1015	266
1016	246
1017	259
1018	240
1019	226
1020	246
1021	245
1022	275
1023	287
1024	241
1025	264
1026	247
1027	270
1028	245
1029	278
1030	258
1031	248
1032	277
1033	237
1034	244
1035	232
1036	272
1037	236
1038	272
1039	271
1040	247
1041	259
1042	261
1043	277
1044	239
1045	266
1046	232
1047	238
1048	266
1049	217
1050	277
1051	287
1052	251
1053	252
1054	288
1055	267
1056	251
1057	267
1058	242
1059	241
1060	262
1061	269
1062	285
1063	247
1064	274
1065	270
1066	249
1067	241
1068	235
1069	273
1070	242
1071	251
1072	285
1073	271
1074	255
1075	264
1076	286
1077	262
1078	262
1079	245
1080	276
1081	255
1082	250
1083	280
1084	256
1085	245
1086	216
1087	263
1088	244
1089	230
1090	276
1091	247
1092	239
1093	254
1094	245
1095	270
1096	238
1097	259
1098	267
1099	259
1100	219
1101	280
1102	259
1103	262
1104	251
1105	244
1106	231
1107	257
1108	246
1109	239
1110	248
1111	250
1112	231
1113	245
1114	264
1115	295
1116	268
1117	256
1118	259
1119	264
1120	260
1121	285
1122	249
1123	247
1124	281
1125	232
1126	240
1127	258
1128	248
1129	239
1130	250
1131	244
1132	240
1133	253
1134	269
1135	271
1136	276
1137	271
1138	244
1139	261
1140	271
1141	283
1142	268
1143	255
1144	252
1145	266
1146	258
1147	275
1148	269
1149	260
1150	250
1151	253
1152	282
1153	257
1154	238
1155	259
1156	267
1157	285
1158	239
1159	265
1160	272
1161	260
1162	282
1163	255
1164	270
1165	273
1166	259
1167	262
1168	261
1169	253
1170	256
1171	282
1172	265
1173	310
1174	253
1175	261
1176	283
1177	265
1178	236
1179	253
1180	285
1181	281
1182	272
1183	243
1184	283
1185	268
1186	271
1187	258
1188	282
1189	287
1190	293
1191	253
1192	278
1193	277
1194	282
1195	279
1196	272
1197	287
1198	253
1199	245
1200	307
1201	300
1202	304
1203	298
1204	271
1205	283
1206	295
1207	305
1208	244
1209	250
1210	288
1211	307
1212	292
1213	270
1214	289
1215	283
1216	293
1217	300
1218	307
1219	289
1220	292
1221	294
1222	282
1223	278
1224	289
1225	321
1226	283
1227	307
1228	294
1229	287
1230	316
1231	290
1232	312
1233	295
1234	297
1235	314
1236	297
1237	304
1238	318
1239	321
1240	330
1241	305
1242	301
1243	324
1244	311
1245	309
1246	309
1247	345
1248	309
1249	325
1250	321
1251	248
1252	305
1253	301
1254	316
1255	309
1256	317
1257	289
1258	335
1259	297
1260	307
1261	356
1262	340
1263	325
1264	294
1265	346
1266	322
1267	330
1268	338
1269	314
1270	352
1271	313
1272	308
1273	331
1274	318
1275	349
1276	307
1277	340
1278	320
1279	313
1280	374
1281	318
1282	355
1283	340
1284	344
1285	332
1286	341
1287	370
1288	292
1289	343
1290	323
1291	308
1292	366
1293	345
1294	310
1295	311
1296	317
1297	319
1298	346
1299	345
1300	359
1301	346
1302	352
1303	333
1304	331
1305	361
1306	345
1307	338
1308	352
1309	350
1310	326
1311	345
1312	366
1313	351
1314	341
1315	331
1316	342
1317	329
1318	332
1319	320
1320	353
1321	366
1322	358
1323	328
1324	343
1325	326
1326	296
1327	316
1328	344
1329	310
1330	349
1331	352
1332	326
1333	339
1334	346
1335	336
1336	337
1337	322
1338	349
1339	337
1340	317
1341	320
1342	322
1343	323
1344	307
1345	339
1346	350
1347	346
1348	313
1349	334
1350	329
1351	319
1352	319
1353	364
1354	371
1355	353
1356	332
1357	316
1358	295
1359	336
1360	336
1361	320
1362	326
1363	357
1364	332
1365	345
1366	317
1367	328
1368	349
1369	319
1370	313
1371	304
1372	312
1373	321
1374	317
1375	297
1376	313
1377	351
1378	388
1379	346
1380	290
1381	311
1382	326
1383	335
1384	358
1385	349
1386	352
1387	322
1388	324
1389	365
1390	315
1391	377
1392	361
1393	335
1394	280
1395	368
1396	334
1397	305
1398	356
1399	349
1400	304
1401	337
1402	295
1403	337
1404	340
1405	327
1406	293
1407	301
1408	308
1409	316
1410	309
1411	340
1412	299
1413	343
1414	297
1415	369
1416	315
1417	305
1418	308
1419	325
1420	312
1421	318
1422	315
1423	326
1424	349
1425	328
1426	319
1427	327
1428	312
1429	319
1430	302
1431	335
1432	323
1433	323
1434	330
1435	337
1436	300
1437	293
1438	288
1439	314
1440	326
1441	335
1442	314
1443	297
1444	346
1445	301
1446	323
1447	340
1448	344
1449	287
1450	293
1451	335
1452	325
1453	310
1454	285
1455	314
1456	289
1457	314
1458	299
1459	315
1460	293
1461	323
1462	278
1463	303
1464	297
1465	323
1466	321
1467	312
1468	293
1469	304
1470	278
1471	284
1472	286
1473	285
1474	307
1475	303
1476	321
1477	309
1478	294
1479	274
1480	318
1481	319
1482	312
1483	272
1484	289
1485	262
1486	310
1487	285
1488	335
1489	303
1490	290
1491	300
1492	305
1493	303
1494	296
1495	273
1496	293
1497	315
1498	277
1499	305
1500	277
1501	296
1502	274
1503	302
1504	271
1505	294
1506	264
1507	296
1508	276
1509	273
1510	318
1511	296
1512	293
1513	301
1514	282
1515	299
1516	300
1517	297
1518	294
1519	276
1520	288
1521	267
1522	299
1523	280
1524	261
1525	305
1526	278
1527	294
1528	299
1529	273
1530	286
1531	265
1532	287
1533	272
1534	304
1535	275
1536	290
1537	292
1538	262
1539	255
1540	313
1541	280
1542	311
1543	307
1544	270
1545	287
1546	288
1547	285
1548	273
1549	311
1550	247
1551	259
1552	268
1553	258
1554	282
1555	289
1556	261
1557	264
1558	307
1559	258
1560	274
1561	260
1562	284
1563	254
1564	281
1565	258
1566	297
1567	267
1568	280
1569	310
1570	253
1571	300
1572	280
1573	307
1574	291
1575	321
1576	268
1577	260
1578	277
1579	270
1580	300
1581	263
1582	282
1583	258
1584	287
1585	255
1586	261
1587	246
1588	254
1589	270
1590	269
1591	265
1592	283
1593	275
1594	248
1595	286
1596	256
1597	280
1598	252
1599	264
1600	262
1601	251
1602	255
1603	245
1604	291
1605	266
1606	279
1607	252
1608	243
1609	274
1610	287
1611	264
1612	267
1613	277
1614	235
1615	252
1616	244
1617	244
1618	290
1619	264
1620	241
1621	259
1622	261
1623	282
1624	286
1625	241
1626	248
1627	259
1628	239
1629	244
1630	252
1631	246
1632	251
1633	246
1634	235
1635	280
1636	264
1637	256
1638	267
1639	265
1640	239
1641	273
1642	255
1643	260
1644	265
1645	249
1646	246
1647	241
1648	268
1649	248
1650	253
1651	270
1652	228
1653	241
1654	264
1655	268
1656	257
1657	227
1658	227
1659	238
1660	269
1661	273
1662	249
1663	250
1664	243
1665	244
1666	250
1667	264
1668	260
1669	263
1670	266
1671	226
1672	250
1673	274
1674	237
1675	244
1676	274
1677	239
1678	242
1679	264
1680	254
1681	230
1682	249
1683	238
1684	266
1685	250
1686	245
1687	237
1688	224
1689	233
1690	227
1691	240
1692	231
1693	226
1694	231
1695	263
1696	232
1697	242
1698	254
1699	245
1700	236
1701	213
1702	237
1703	233
1704	230
1705	260
1706	234
1707	253
1708	233
1709	245
1710	236
1711	245
1712	250
1713	236
1714	246
1715	233
1716	231
1717	254
1718	206
1719	246
1720	230
1721	181
1722	227
1723	246
1724	267
1725	226
1726	256
1727	258
1728	231
1729	238
1730	205
1731	211
1732	238
1733	218
1734	234
1735	221
1736	241
1737	252
1738	260
1739	227
1740	256
1741	245
1742	237
1743	208
1744	238
1745	217
1746	212
1747	240
1748	266
1749	224
1750	254
1751	217
1752	244
1753	218
1754	239
1755	251
1756	217
1757	251
1758	223
1759	226
1760	263
1761	226
1762	246
1763	241
1764	212
1765	236
1766	240
1767	225
1768	235
1769	217
1770	223
1771	206
1772	214
1773	214
1774	220
1775	227
1776	239
1777	210
1778	228
1779	234
1780	210
1781	236
1782	255
1783	256
1784	219
1785	245
1786	181
1787	234
1788	212
1789	185
1790	229
1791	210
1792	231
1793	226
1794	204
1795	208
1796	225
1797	223
1798	212
1799	207
1800	185
1801	196
1802	236
1803	229
1804	243
1805	232
1806	252
1807	245
1808	216
1809	215
1810	221
1811	223
1812	219
1813	206
1814	210
1815	224
1816	204
1817	215
1818	211
1819	215
1820	222
1821	230
1822	227
1823	226
1824	211
1825	221
1826	225
1827	228
1828	197
1829	237
1830	202
1831	196
1832	241
1833	189
1834	222
1835	216
1836	212
1837	202
1838	221
1839	233
1840	225
1841	215
1842	215
1843	208
1844	223
1845	211
1846	211
1847	231
1848	228
1849	220
1850	206
1851	212
1852	213
1853	210
1854	192
1855	202
1856	225
1857	198
1858	223
1859	221
1860	240
1861	218
1862	200
1863	209
1864	220
1865	198
1866	230
1867	220
1868	224
1869	205
1870	227
1871	202
1872	210
1873	206
1874	235
1875	202
1876	187
1877	201
1878	212
1879	205
1880	216
1881	207
1882	210
1883	174
1884	219
1885	199
1886	185
1887	218
1888	199
1889	210
1890	207
1891	187
1892	203
1893	234
1894	207
1895	194
1896	203
1897	197
1898	185
1899	190
1900	186
1901	201
1902	208
1903	196
1904	187
1905	205
1906	200
1907	190
1908	179
1909	200
1910	209
1911	223
1912	179
1913	196
1914	194
1915	220
1916	189
1917	178
1918	190
1919	206
1920	197
1921	205
1922	201
1923	185
1924	199
1925	174
1926	216
1927	195
1928	211
1929	195
1930	188
1931	221
1932	192
1933	185
1934	193
1935	184
1936	188
1937	182
1938	184
1939	202
1940	192
1941	190
1942	180
1943	189
1944	182
1945	161
1946	225
1947	178
1948	220
1949	206
1950	193
1951	191
1952	195
1953	209
1954	188
1955	193
1956	185
1957	187
1958	200
1959	200
1960	189
1961	178
1962	200
1963	210
1964	210
1965	218
1966	166
1967	199
1968	171
1969	191
1970	194
1971	204
1972	207
1973	213
1974	182
1975	202
1976	165
1977	205
1978	177
1979	205
1980	186
1981	196
1982	211
1983	214
1984	186
1985	190
1986	189
1987	173
1988	214
1989	189
1990	172
1991	184
1992	180
1993	183
1994	195
1995	178
1996	189
1997	181
1998	168
1999	194
2000	195
2001	181
2002	190
2003	188
2004	204
2005	197
2006	173
2007	199
2008	215
2009	205
2010	172
2011	177
2012	168
2013	185
2014	199
2015	181
2016	202
2017	183
2018	189
2019	188
2020	161
2021	207
2022	188
2023	196
2024	170
2025	166
2026	172
2027	206
2028	155
2029	209
2030	196
2031	169
2032	176
2033	151
2034	183
2035	191
2036	182
2037	175
2038	190
2039	179
2040	188
2041	218
2042	179
2043	180
2044	162
2045	172
2046	187
2047	186
2048	177
2049	181
2050	179
2051	176
2052	188
2053	187
2054	166
2055	171
2056	172
2057	201
2058	188
2059	175
2060	195
2061	183
2062	179
2063	181
2064	169
2065	172
2066	183
2067	209
2068	194
2069	202
2070	169
2071	166
2072	176
2073	175
2074	172
2075	181
2076	177
2077	185
2078	195
2079	177
2080	153
2081	174
2082	172
2083	170
2084	159
2085	203
2086	159
2087	173
2088	169
2089	194
2090	175
2091	179
2092	182
2093	177
2094	190
2095	168
2096	182
2097	165
2098	186
2099	171
2100	179
2101	147
2102	188
2103	151
2104	179
2105	163
2106	182
2107	181
2108	180
2109	181
2110	174
2111	198
2112	163
2113	178
2114	173
2115	157
2116	172
2117	178
2118	188
2119	189
2120	180
2121	188
2122	177
2123	198
2124	165
2125	168
2126	181
2127	165
2128	192
2129	178
2130	166
2131	182
2132	133
2133	192
2134	180
2135	167
2136	150
2137	178
2138	144
2139	185
2140	185
2141	176
2142	186
2143	174
2144	174
2145	181
2146	172
2147	146
2148	151
2149	155
2150	165
2151	165
2152	169
2153	156
2154	178
2155	159
2156	170
2157	156
2158	162
2159	177
2160	194
2161	176
2162	178
2163	178
2164	178
2165	175
2166	161
2167	182
2168	195
2169	160
2170	168
2171	179
2172	175
2173	154
2174	185
2175	177
2176	172
2177	138
2178	151
2179	166
2180	167
2181	159
2182	185
2183	167
2184	175
2185	170
2186	150
2187	168
2188	178
2189	171
2190	164
2191	174
2192	173
2193	154
2194	136
2195	176
2196	160
2197	162
2198	164
2199	185
2200	155
2201	157
2202	162
2203	187
2204	171
2205	179
2206	171
2207	161
2208	170
2209	149
2210	184
2211	148
2212	182
2213	179
2214	160
2215	162
2216	144
2217	167
2218	165
2219	161
2220	155
2221	149
2222	166
2223	153
2224	170
2225	154
2226	158
2227	196
2228	147
2229	163
2230	175
2231	161
2232	151
2233	161
2234	142
2235	167
2236	164
2237	166
2238	169
2239	150
2240	156
2241	155
2242	161
2243	159
2244	184
2245	158
2246	151
2247	182
2248	145
2249	163
2250	170
2251	152
2252	145
2253	178
2254	158
2255	145
2256	179
2257	160
2258	177
2259	166
2260	163
2261	156
2262	166
2263	177
2264	178
2265	156
2266	166
2267	147
2268	169
2269	159
2270	151
2271	141
2272	150
2273	165
2274	143
2275	170
2276	156
2277	149
2278	152
2279	149
2280	169
2281	153
2282	157
2283	148
2284	171
2285	128
2286	163
2287	175
2288	190
2289	168
2290	151
2291	165
2292	165
2293	159
2294	155
2295	156
2296	160
2297	146
2298	155
2299	178
2300	145
2301	137
2302	156
2303	177
2304	193
2305	159
2306	165
2307	152
2308	159
2309	168
2310	153
2311	169
2312	169
2313	172
2314	154
2315	178
2316	134
2317	163
2318	162
2319	178
2320	141
2321	138
2322	148
2323	145
2324	174
2325	166
2326	167
2327	137
2328	153
2329	155
2330	156
2331	152
2332	158
2333	156
2334	142
2335	145
2336	160
2337	157
2338	152
2339	153
2340	143
2341	148
2342	163
2343	131
2344	161
2345	151
2346	161
2347	156
2348	125
2349	145
2350	123
2351	142
2352	177
2353	183
2354	142
2355	137
2356	148
2357	138
2358	161
2359	153
2360	153
2361	173
2362	142
2363	150
2364	160
2365	176
2366	150
2367	191
2368	154
2369	140
2370	142
2371	166
2372	142
2373	143
2374	144
2375	156
2376	154
2377	141
2378	163
2379	161
2380	141
2381	151
2382	160
2383	147
2384	151
2385	156
2386	146
2387	140
2388	131
2389	143
2390	155
2391	162
2392	139
2393	143
2394	168
2395	142
2396	138
2397	140
2398	171
2399	150
2400	156
2401	164
2402	152
2403	181
2404	145
2405	168
2406	165
2407	155
2408	165
2409	145
2410	142
2411	132
2412	155
2413	160
2414	141
2415	169
2416	147
2417	159
2418	159
2419	166
2420	162
2421	136
2422	157
2423	156
2424	151
2425	140
2426	152
2427	143
2428	149
2429	142
2430	155
2431	169
2432	151
2433	150
2434	150
2435	164
2436	159
2437	159
2438	149
2439	149
2440	169
2441	159
2442	155
2443	146
2444	135
2445	166
2446	126
2447	133
2448	164
2449	160
2450	133
2451	131
2452	143
2453	142
2454	158
2455	154
2456	164
2457	131
2458	179
2459	173
2460	147
2461	163
2462	146
2463	151
2464	164
2465	147
2466	164
2467	140
2468	146
2469	129
2470	172
2471	163
2472	131
2473	152
2474	158
2475	116
2476	131
2477	150
2478	144
2479	146
2480	168
2481	147
2482	169
2483	144
2484	159
2485	132
2486	159
2487	172
2488	141
2489	133
2490	144
2491	145
2492	137
2493	149
2494	152
2495	120
2496	146
2497	137
2498	152
2499	159
2500	155
2501	154
2502	153
2503	150
2504	165
2505	144
2506	158
2507	135
2508	158
2509	140
2510	163
2511	137
2512	161
2513	135
2514	140
2515	155
2516	142
2517	157
2518	149
2519	150
2520	142
2521	147
2522	129
2523	161
2524	153
2525	132
2526	136
2527	144
2528	136
2529	168
2530	163
2531	162
2532	144
2533	170
2534	137
2535	125
2536	156
2537	159
2538	149
2539	158
2540	161
2541	134
2542	145
2543	135
2544	152
2545	150
2546	157
2547	135
2548	162
2549	159
2550	153
2551	131
2552	160
2553	148
2554	127
2555	129
2556	125
2557	143
2558	145
2559	157
2560	135
2561	149
2562	147
2563	159
2564	159
2565	141
2566	143
2567	142
2568	142
2569	145
2570	153
2571	151
2572	137
2573	148
2574	138
2575	163
2576	150
2577	138
2578	150
2579	152
2580	166
2581	145
2582	127
2583	125
2584	153
2585	138
2586	161
2587	146
2588	143
2589	158
2590	153
2591	149
2592	132
2593	145
2594	148
2595	161
2596	166
2597	162
2598	171
2599	162
2600	148
2601	143
2602	153
2603	133
2604	143
2605	157
2606	142
2607	166
2608	128
2609	144
2610	129
2611	164
2612	146
2613	161
2614	156
2615	149
2616	127
2617	160
2618	159
2619	147
2620	155
2621	136
2622	141
2623	142
2624	153
2625	135
2626	141
2627	136
2628	159
2629	170
2630	156
2631	143
2632	127
2633	127
2634	167
2635	147
2636	165
2637	139
2638	144
2639	152
2640	154
2641	158
2642	129
2643	142
2644	157
2645	132
2646	147
2647	152
2648	164
2649	147
2650	143
2651	142
2652	149
2653	146
2654	150
2655	154
2656	147
2657	135
2658	172
2659	151
2660	146
2661	148
2662	134
2663	133
2664	134
2665	149
2666	128
2667	146
2668	139
2669	140
2670	128
2671	128
2672	119
2673	129
2674	166
2675	155
2676	139
2677	142
2678	126
2679	153
2680	139
2681	152
2682	161
2683	126
2684	137
2685	151
2686	132
2687	150
2688	153
2689	151
2690	140
2691	161
2692	136
2693	136
2694	155
2695	164
2696	160
2697	155
2698	154
2699	136
2700	137
2701	143
2702	156
2703	136
2704	142
2705	136
2706	143
2707	132
2708	121
2709	148
2710	137
2711	167
2712	125
2713	145
2714	159
2715	135
2716	136
2717	129
2718	164
2719	138
2720	138
2721	152
2722	141
2723	131
2724	142
2725	155
2726	125
2727	150
2728	125
2729	127
2730	136
2731	151
2732	152
2733	147
2734	162
2735	145
2736	147
2737	149
2738	121
2739	152
2740	142
2741	135
2742	125
2743	123
2744	140
2745	140
2746	143
2747	143
2748	138
2749	151
2750	146
2751	125
2752	134
2753	139
2754	141
2755	123
2756	160
2757	123
2758	153
2759	141
2760	134
2761	163
2762	162
2763	128
2764	132
2765	106
2766	137
2767	117
2768	140
2769	135
2770	138
2771	137
2772	138
2773	137
2774	137
2775	125
2776	141
2777	128
2778	152
2779	152
2780	133
2781	153
2782	143
2783	134
2784	120
2785	130
2786	132
2787	137
2788	133
2789	139
2790	137
2791	156
2792	159
2793	153
2794	143
2795	131
2796	138
2797	134
2798	146
2799	121
2800	139
2801	142
2802	136
2803	140
2804	137
2805	143
2806	121
2807	164
2808	148
2809	128
2810	139
2811	137
2812	127
2813	133
2814	162
2815	123
2816	134
2817	132
2818	107
2819	136
2820	146
2821	117
2822	128
2823	128
2824	115
2825	140
2826	144
2827	129
2828	142
2829	147
2830	137
2831	145
2832	133
2833	142
2834	116
2835	127
2836	121
2837	131
2838	134
2839	111
2840	110
2841	124
2842	127
2843	123
2844	113
2845	135
2846	133
2847	135
2848	136
2849	146
2850	122
2851	135
2852	135
2853	145
2854	123
2855	130
2856	137
2857	139
2858	159
2859	143
2860	127
2861	137
2862	151
2863	154
2864	143
2865	155
2866	152
2867	118
2868	141
2869	146
2870	119
2871	135
2872	118
2873	137
2874	138
2875	121
2876	133
2877	115
2878	134
2879	152
2880	129
2881	137
2882	121
2883	135
2884	139
2885	136
2886	120
2887	145
2888	118
2889	141
2890	132
2891	129
2892	143
2893	150
2894	145
2895	119
2896	115
2897	128
2898	112
2899	114
2900	159
2901	137
2902	116
2903	117
2904	117
2905	144
2906	146
2907	125
2908	135
2909	119
2910	127
2911	116
2912	133
2913	125
2914	114
2915	126
2916	118
2917	108
2918	151
2919	118
2920	135
2921	134
2922	163
2923	143
2924	132
2925	123
2926	124
2927	115
2928	140
2929	128
2930	128
2931	136
2932	138
2933	126
2934	127
2935	133
2936	107
2937	131
2938	121
2939	128
2940	110
2941	128
2942	142
2943	132
2944	135
2945	120
2946	131
2947	114
2948	103
2949	135
2950	121
2951	140
2952	118
2953	131
2954	132
2955	131
2956	128
2957	126
2958	117
2959	132
2960	134
2961	88
2962	133
2963	147
2964	135
2965	150
2966	127
2967	134
2968	122
2969	117
2970	141
2971	157
2972	109
2973	99
2974	116
2975	110
2976	152
2977	138
2978	119
2979	130
2980	112
2981	134
2982	102
2983	111
2984	122
2985	123
2986	120
2987	140
2988	118
2989	121
2990	110
2991	140
2992	145
2993	113
2994	131
2995	137
2996	154
2997	142
2998	140
2999	132
3000	138
3001	105
3002	156
3003	123
3004	110
3005	113
3006	120
3007	140
3008	156
3009	111
3010	121
3011	143
3012	106
3013	138
3014	149
3015	128
3016	128
3017	119
3018	122
3019	116
3020	129
3021	121
3022	126
3023	142
3024	125
3025	124
3026	136
3027	127
3028	118
3029	123
3030	116
3031	125
3032	144
3033	121
3034	136
3035	121
3036	122
3037	118
3038	128
3039	136
3040	113
3041	122
3042	128
3043	123
3044	123
3045	127
3046	108
3047	125
3048	129
3049	140
3050	140
3051	138
3052	111
3053	123
3054	143
3055	128
3056	135
3057	126
3058	125
3059	125
3060	126
3061	118
3062	126
3063	119
3064	146
3065	142
3066	118
3067	127
3068	120
3069	126
3070	140
3071	123
3072	131
3073	99
3074	124
3075	118
3076	109
3077	117
3078	146
3079	108
3080	132
3081	135
3082	125
3083	120
3084	96
3085	123
3086	129
3087	131
3088	122
3089	107
3090	118
3091	120
3092	128
3093	117
3094	103
3095	127
3096	146
3097	113
3098	116
3099	130
3100	151
3101	128
3102	119
3103	148
3104	136
3105	100
3106	120
3107	138
3108	127
3109	124
3110	143
3111	127
3112	107
3113	121
3114	130
3115	129
3116	122
3117	118
3118	141
3119	102
3120	127
3121	119
3122	124
3123	110
3124	110
3125	152
3126	111
3127	129
3128	131
3129	124
3130	101
3131	128
3132	146
3133	93
3134	129
3135	123
3136	136
3137	97
3138	133
3139	99
3140	117
3141	131
3142	118
3143	103
3144	130
3145	101
3146	123
3147	125
3148	122
3149	117
3150	124
3151	113
3152	124
3153	136
3154	120
3155	100
3156	144
3157	124
3158	115
3159	119
3160	124
3161	124
3162	112
3163	119
3164	126
3165	130
3166	119
3167	137
3168	105
3169	122
3170	128
3171	124
3172	110
3173	112
3174	123
3175	122
3176	106
3177	115
3178	124
3179	117
3180	133
3181	127
3182	129
3183	133
3184	131
3185	120
3186	137
3187	130
3188	138
3189	111
3190	119
3191	122
3192	122
3193	132
3194	121
3195	137
3196	118
3197	121
3198	143
3199	112
3200	127
3201	104
3202	114
3203	108
3204	136
3205	133
3206	114
3207	127
3208	133
3209	132
3210	142
3211	136
3212	132
3213	132
3214	116
3215	133
3216	127
3217	124
3218	151
3219	127
3220	123
3221	108
3222	128
3223	131
3224	119
3225	129
3226	122
3227	132
3228	129
3229	138
3230	134
3231	139
3232	151
3233	114
3234	125
3235	106
3236	126
3237	115
3238	117
3239	103
3240	125
3241	124
3242	125
3243	127
3244	99
3245	142
3246	126
3247	109
3248	118
3249	102
3250	108
3251	129
3252	119
3253	121
3254	128
3255	126
3256	124
3257	108
3258	149
3259	99
3260	107
3261	106
3262	134
3263	132
3264	104
3265	139
3266	142
3267	109
3268	135
3269	139
3270	108
3271	128
3272	122
3273	123
3274	125
3275	140
3276	144
3277	125
3278	112
3279	128
3280	131
3281	116
3282	132
3283	140
3284	118
3285	135
3286	118
3287	123
3288	129
3289	126
3290	125
3291	125
3292	157
3293	132
3294	125
3295	123
3296	144
3297	129
3298	107
3299	130
3300	155
3301	119
3302	113
3303	124
3304	147
3305	136
3306	133
3307	140
3308	133
3309	117
3310	129
3311	134
3312	107
3313	115
3314	130
3315	129
3316	116
3317	113
3318	144
3319	123
3320	114
3321	102
3322	109
3323	139
3324	119
3325	147
3326	136
3327	132
3328	108
3329	134
3330	121
3331	125
3332	143
3333	133
3334	135
3335	129
3336	128
3337	140
3338	117
3339	106
3340	133
3341	118
3342	116
3343	120
3344	134
3345	142
3346	131
3347	117
3348	143
3349	127
3350	128
3351	124
3352	126
3353	131
3354	115
3355	127
3356	110
3357	137
3358	135
3359	126
3360	122
3361	117
3362	123
3363	124
3364	144
3365	125
3366	155
3367	124
3368	143
3369	128
3370	117
3371	135
3372	107
3373	125
3374	145
3375	130
3376	141
3377	133
3378	117
3379	129
3380	137
3381	142
3382	135
3383	122
3384	163
3385	144
3386	131
3387	140
3388	119
3389	133
3390	112
3391	122
3392	138
3393	120
3394	125
3395	126
3396	132
3397	127
3398	130
3399	135
3400	125
3401	137
3402	121
3403	130
3404	119
3405	134
3406	117
3407	144
3408	120
3409	113
3410	109
3411	119
3412	126
3413	134
3414	130
3415	125
3416	118
3417	127
3418	138
3419	142
3420	139
3421	129
3422	138
3423	118
3424	135
3425	131
3426	132
3427	137
3428	121
3429	153
3430	146
3431	132
3432	126
3433	114
3434	122
3435	122
3436	148
3437	120
3438	142
3439	124
3440	113
3441	149
3442	119
3443	135
3444	128
3445	128
3446	140
3447	120
3448	152
3449	110
3450	125
3451	120
3452	122
3453	120
3454	107
3455	117
3456	124
3457	127
3458	137
3459	151
3460	122
3461	144
3462	125
3463	155
3464	144
3465	141
3466	134
3467	140
3468	158
3469	118
3470	124
3471	108
3472	136
3473	126
3474	118
3475	145
3476	130
3477	136
3478	146
3479	107
3480	126
3481	131
3482	124
3483	113
3484	139
3485	122
3486	112
3487	126
3488	111
3489	132
3490	146
3491	117
3492	117
3493	141
3494	134
3495	138
3496	163
3497	124
3498	149
3499	135
3500	135
3501	144
3502	111
3503	126
3504	132
3505	124
3506	129
3507	138
3508	133
3509	139
3510	124
3511	134
3512	117
3513	148
3514	157
3515	116
3516	127
3517	135
3518	136
3519	122
3520	116
3521	128
3522	136
3523	137
3524	133
3525	136
3526	143
3527	137
3528	133
3529	139
3530	125
3531	131
3532	124
3533	126
3534	144
3535	144
3536	135
3537	95
3538	131
3539	124
3540	120
3541	129
3542	121
3543	115
3544	116
3545	143
3546	155
3547	141
3548	140
3549	128
3550	146
3551	126
3552	135
3553	139
3554	124
3555	130
3556	132
3557	155
3558	135
3559	148
3560	131
3561	132
3562	135
3563	142
3564	136
3565	116
3566	145
3567	122
3568	124
3569	134
3570	117
3571	128
3572	148
3573	144
3574	133
3575	123
3576	133
3577	136
3578	131
3579	134
3580	125
3581	103
3582	147
3583	117
3584	154
3585	134
3586	131
3587	131
3588	150
3589	123
3590	135
3591	117
3592	129
3593	130
3594	121
3595	116
3596	118
3597	119
3598	148
3599	132
3600	130
3601	125
3602	132
3603	122
3604	150
3605	152
3606	127
3607	125
3608	124
3609	127
3610	126
3611	158
3612	151
3613	121
3614	104
3615	118
3616	125
3617	125
3618	123
3619	139
3620	139
3621	131
3622	113
3623	125
3624	157
3625	116
3626	136
3627	110
3628	148
3629	131
3630	123
3631	117
3632	130
3633	148
3634	135
3635	108
3636	133
3637	129
3638	115
3639	139
3640	126
3641	118
3642	126
3643	140
3644	121
3645	128
3646	147
3647	144
3648	134
3649	128
3650	123
3651	148
3652	131
3653	128
3654	131
3655	135
3656	112
3657	127
3658	145
3659	130
3660	148
3661	124
3662	120
3663	140
3664	139
3665	135
3666	151
3667	160
3668	117
3669	134
3670	136
3671	135
3672	144
3673	131
3674	139
3675	137
3676	138
3677	139
3678	145
3679	111
3680	131
3681	131
3682	135
3683	136
3684	149
3685	125
3686	143
3687	132
3688	118
3689	139
3690	126
3691	140
3692	149
3693	124
3694	116
3695	127
3696	151
3697	138
3698	117
3699	128
3700	120
3701	141
3702	154
3703	140
3704	118
3705	127
3706	152
3707	115
3708	117
3709	122
3710	131
3711	133
3712	147
3713	145
3714	127
3715	117
3716	136
3717	147
3718	121
3719	130
3720	134
3721	116
3722	124
3723	131
3724	129
3725	140
3726	142
3727	117
3728	127
3729	130
3730	148
3731	118
3732	116
3733	110
3734	138
3735	130
3736	132
3737	135
3738	134
3739	128
3740	165
3741	118
3742	123
3743	150
3744	148
3745	124
3746	133
3747	127
3748	137
3749	129
3750	145
3751	157
3752	134
3753	146
3754	129
3755	151
3756	125
3757	115
3758	147
3759	137
3760	138
3761	141
3762	148
3763	150
3764	134
3765	120
3766	115
3767	125
3768	139
3769	120
3770	129
3771	112
3772	130
3773	132
3774	132
3775	126
3776	121
3777	114
3778	142
3779	144
3780	125
3781	133
3782	118
3783	119
3784	162
3785	124
3786	129
3787	143
3788	145
3789	134
3790	130
3791	148
3792	139
3793	122
3794	136
3795	133
3796	132
3797	135
3798	135
3799	145
3800	130
3801	124
3802	129
3803	132
3804	137
3805	138
3806	142
3807	131
3808	126
3809	144
3810	131
3811	125
3812	131
3813	134
3814	123
3815	129
3816	140
3817	131
3818	118
3819	131
3820	138
3821	124
3822	118
3823	130
3824	125
3825	136
3826	131
3827	126
3828	135
3829	127
3830	125
3831	147
3832	142
3833	145
3834	138
3835	139
3836	135
3837	130
3838	127
3839	137
3840	138
3841	140
3842	128
3843	120
3844	153
3845	130
3846	149
3847	119
3848	129
3849	145
3850	156
3851	107
3852	144
3853	137
3854	136
3855	135
3856	133
3857	129
3858	148
3859	156
3860	130
3861	132
3862	115
3863	147
3864	135
3865	123
3866	123
3867	120
3868	140
3869	142
3870	146
3871	134
3872	133
3873	145
3874	131
3875	138
3876	137
3877	118
3878	130
3879	131
3880	135
3881	118
3882	138
3883	110
3884	128
3885	131
3886	137
3887	142
3888	133
3889	128
3890	125
3891	135
3892	133
3893	124
3894	124
3895	138
3896	135
3897	130
3898	136
3899	134
3900	133
3901	110
3902	133
3903	126
3904	133
3905	148
3906	156
3907	152
3908	145
3909	128
3910	96
3911	128
3912	159
3913	137
3914	119
3915	124
3916	136
3917	128
3918	118
3919	128
3920	122
3921	131
3922	132
3923	133
3924	144
3925	139
3926	132
3927	124
3928	133
3929	143
3930	134
3931	142
3932	125
3933	141
3934	142
3935	120
3936	142
3937	139
3938	127
3939	144
3940	131
3941	118
3942	128
3943	122
3944	125
3945	144
3946	133
3947	135
3948	129
3949	165
3950	133
3951	112
3952	142
3953	119
3954	135
3955	141
3956	139
3957	143
3958	143
3959	126
3960	143
3961	151
3962	128
3963	126
3964	120
3965	126
3966	137
3967	127
3968	143
3969	122
3970	157
3971	129
3972	146
3973	129
3974	120
3975	135
3976	139
3977	140
3978	129
3979	127
3980	132
3981	136
3982	139
3983	137
3984	134
3985	139
3986	155
3987	147
3988	131
3989	151
3990	138
3991	153
3992	173
3993	130
3994	154
3995	152
3996	142
3997	140
3998	127
3999	141
4000	146
4001	150
4002	154
4003	109
4004	124
4005	140
4006	151
4007	126
4008	113
4009	133
4010	145
4011	124
4012	145
4013	144
4014	122
4015	138
4016	156
4017	150
4018	122
4019	133
4020	124
4021	135
4022	138
4023	145
4024	133
4025	134
4026	146
4027	131
4028	155
4029	129
4030	134
4031	150
4032	121
4033	122
4034	137
4035	154
4036	139
4037	126
4038	140
4039	131
4040	142
4041	142
4042	133
4043	152
4044	125
4045	157
4046	128
4047	133
4048	151
4049	131
4050	132
4051	120
4052	133
4053	125
4054	140
4055	112
4056	148
4057	121
4058	136
4059	136
4060	127
4061	128
4062	137
4063	132
4064	152
4065	151
4066	112
4067	120
4068	124
4069	144
4070	141
4071	148
4072	122
4073	134
4074	134
4075	146
4076	120
4077	133
4078	141
4079	145
4080	131
4081	140
4082	136
4083	141
4084	150
4085	146
4086	131
4087	140
4088	123
4089	130
4090	132
4091	132
4092	132
4093	132
4094	134
4095	149
4096	124
4097	129
4098	146
4099	148
4100	132
4101	126
4102	120
4103	126
4104	134
4105	121
4106	127
4107	145
4108	126
4109	128
4110	161
4111	124
4112	138
4113	134
4114	135
4115	139
4116	152
4117	128
4118	133
4119	130
4120	134
4121	135
4122	145
4123	120
4124	119
4125	122
4126	115
4127	131
4128	143
4129	157
4130	140
4131	137
4132	123
4133	133
4134	138
4135	149
4136	142
4137	144
4138	122
4139	127
4140	132
4141	132
4142	127
4143	129
4144	117
4145	124
4146	116
4147	129
4148	144
4149	142
4150	125
4151	143
4152	132
4153	144
4154	144
4155	129
4156	114
4157	135
4158	142
4159	139
4160	126
4161	132
4162	141
4163	132
4164	141
4165	140
4166	135
4167	135
4168	137
4169	136
4170	133
4171	118
4172	135
4173	151
4174	128
4175	136
4176	137
4177	122
4178	131
4179	131
4180	136
4181	136
4182	117
4183	143
4184	146
4185	141
4186	142
4187	140
4188	137
4189	130
4190	141
4191	146
4192	128
4193	114
4194	133
4195	126
4196	123
4197	139
4198	125
4199	124
4200	136
4201	155
4202	124
4203	145
4204	141
4205	135
4206	116
4207	146
4208	126
4209	133
4210	132
4211	137
4212	130
4213	144
4214	110
4215	158
4216	138
4217	134
4218	125
4219	124
4220	126
4221	148
4222	136
4223	136
4224	157
4225	139
4226	128
4227	149
4228	153
4229	162
4230	132
4231	143
4232	137
4233	140
4234	132
4235	145
4236	127
4237	143
4238	129
4239	149
4240	117
4241	131
4242	136
4243	151
4244	128
4245	122
4246	137
4247	129
4248	141
4249	152
4250	132
4251	133
4252	151
4253	117
4254	130
4255	158
4256	127
4257	112
4258	125
4259	139
4260	137
4261	147
4262	119
4263	135
4264	137
4265	145
4266	151
4267	140
4268	149
4269	139
4270	129
4271	123
4272	148
4273	141
4274	126
4275	107
4276	117
4277	162
4278	137
4279	143
4280	141
4281	130
4282	147
4283	154
4284	124
4285	131
4286	135
4287	147
4288	155
4289	118
4290	152
4291	120
4292	158
4293	153
4294	144
4295	122
4296	151
4297	145
4298	149
4299	147
4300	124
4301	144
4302	148
4303	138
4304	140
4305	149
4306	132
4307	150
4308	129
4309	131
4310	154
4311	162
4312	148
4313	143
4314	139
4315	141
4316	135
4317	133
4318	145
4319	146
4320	130
4321	146
4322	134
4323	158
4324	148
4325	133
4326	135
4327	157
4328	110
4329	123
4330	136
4331	131
4332	163
4333	129
4334	134
4335	135
4336	143
4337	141
4338	128
4339	150
4340	149
4341	156
4342	149
4343	164
4344	139
4345	139
4346	135
4347	137
4348	129
4349	146
4350	140
4351	152
4352	127
4353	162
4354	149
4355	128
4356	144
4357	134
4358	142
4359	140
4360	146
4361	135
4362	150
4363	146
4364	141
4365	136
4366	149
4367	151
4368	135
4369	136
4370	130
4371	138
4372	142
4373	134
4374	118
4375	117
4376	133
4377	134
4378	129
4379	130
4380	131
4381	137
4382	164
4383	134
4384	151
4385	148
4386	149
4387	127
4388	142
4389	139
4390	152
4391	145
4392	147
4393	157
4394	129
4395	139
4396	163
4397	142
4398	141
4399	159
4400	146
4401	149
4402	142
4403	137
4404	141
4405	131
4406	148
4407	153
4408	137
4409	146
4410	142
4411	115
4412	158
4413	131
4414	138
4415	141
4416	141
4417	141
4418	128
4419	127
4420	159
4421	128
4422	134
4423	119
4424	137
4425	135
4426	152
4427	155
4428	144
4429	157
4430	146
4431	151
4432	138
4433	135
4434	158
4435	139
4436	149
4437	132
4438	137
4439	145
4440	144
4441	147
4442	160
4443	140
4444	153
4445	157
4446	137
4447	179
4448	130
4449	145
4450	149
4451	152
4452	120
4453	147
4454	152
4455	129
4456	159
4457	157
4458	125
4459	140
4460	157
4461	127
4462	152
4463	153
4464	136
4465	133
4466	139
4467	161
4468	146
4469	153
4470	151
4471	144
4472	140
4473	146
4474	162
4475	141
4476	161
4477	144
4478	117
4479	144
4480	166
4481	134
4482	143
4483	159
4484	138
4485	155
4486	149
4487	130
4488	145
4489	136
4490	160
4491	157
4492	146
4493	162
4494	147
4495	148
4496	152
4497	139
4498	136
4499	158
4500	141
4501	150
4502	130
4503	167
4504	138
4505	142
4506	143
4507	166
4508	154
4509	135
4510	154
4511	136
4512	174
4513	163
4514	144
4515	151
4516	147
4517	146
4518	152
4519	161
4520	156
4521	128
4522	153
4523	159
4524	133
4525	145
4526	143
4527	137
4528	168
4529	135
4530	150
4531	157
4532	141
4533	162
4534	142
4535	144
4536	160
4537	132
4538	149
4539	173
4540	142
4541	151
4542	140
4543	140
4544	147
4545	154
4546	146
4547	142
4548	135
4549	155
4550	145
4551	137
4552	129
4553	152
4554	134
4555	137
4556	146
4557	150
4558	161
4559	147
4560	126
4561	160
4562	152
4563	167
4564	150
4565	131
4566	149
4567	136
4568	142
4569	151
4570	128
4571	122
4572	177
4573	163
4574	143
4575	153
4576	145
4577	133
4578	144
4579	117
4580	155
4581	135
4582	173
4583	142
4584	133
4585	143
4586	134
4587	142
4588	147
4589	119
4590	149
4591	143
4592	132
4593	134
4594	141
4595	142
4596	133
4597	130
4598	138
4599	140
4600	149
4601	144
4602	142
4603	133
4604	145
4605	153
4606	152
4607	129
4608	142
4609	125
4610	152
4611	161
4612	143
4613	130
4614	132
4615	173
4616	149
4617	170
4618	171
4619	143
4620	150
4621	172
4622	143
4623	166
4624	154
4625	161
4626	155
4627	162
4628	149
4629	135
4630	142
4631	146
4632	176
4633	149
4634	143
4635	130
4636	155
4637	174
4638	150
4639	159
4640	145
4641	169
4642	136
4643	147
4644	143
4645	124
4646	152
4647	155
4648	155
4649	126
4650	162
4651	145
4652	153
4653	130
4654	146
4655	115
4656	149
4657	169
4658	159
4659	139
4660	148
4661	147
4662	150
4663	149
4664	140
4665	136
4666	153
4667	182
4668	125
4669	160
4670	148
4671	115
4672	170
4673	167
4674	151
4675	155
4676	156
4677	157
4678	148
4679	168
4680	129
4681	147
4682	152
4683	168
4684	157
4685	162
4686	166
4687	123
4688	152
4689	171
4690	144
4691	155
4692	154
4693	121
4694	139
4695	144
4696	149
4697	142
4698	162
4699	167
4700	139
4701	140
4702	164
4703	150
4704	164
4705	165
4706	159
4707	131
4708	143
4709	146
4710	129
4711	138
4712	159
4713	153
4714	164
4715	127
4716	143
4717	140
4718	135
4719	181
4720	136
4721	172
4722	147
4723	179
4724	133
4725	140
4726	145
4727	141
4728	150
4729	159
4730	139
4731	160
4732	138
4733	141
4734	135
4735	126
4736	174
4737	149
4738	161
4739	173
4740	167
4741	167
4742	127
4743	156
4744	149
4745	150
4746	156
4747	150
4748	147
4749	145
4750	162
4751	150
4752	166
4753	145
4754	153
4755	159
4756	170
4757	172
4758	182
4759	161
4760	145
4761	170
4762	178
4763	138
4764	151
4765	144
4766	163
4767	163
4768	158
4769	156
4770	176
4771	168
4772	165
4773	155
4774	142
4775	161
4776	176
4777	156
4778	170
4779	145
4780	178
4781	174
4782	156
4783	144
4784	186
4785	153
4786	165
4787	163
4788	178
4789	161
4790	178
4791	154
4792	139
4793	144
4794	167
4795	141
4796	139
4797	165
4798	175
4799	162
4800	163
4801	128
4802	155
4803	191
4804	167
4805	138
4806	159
4807	156
4808	162
4809	161
4810	165
4811	166
4812	143
4813	124
4814	178
4815	156
4816	159
4817	141
4818	153
4819	147
4820	143
4821	178
4822	161
4823	155
4824	172
4825	189
4826	154
4827	146
4828	131
4829	166
4830	150
4831	173
4832	155
4833	153
4834	179
4835	157
4836	159
4837	171
4838	149
4839	178
4840	165
4841	136
4842	163
4843	136
4844	152
4845	169
4846	149
4847	155
4848	154
4849	157
4850	145
4851	165
4852	140
4853	158
4854	176
4855	153
4856	170
4857	162
4858	177
4859	179
4860	156
4861	162
4862	175
4863	147
4864	192
4865	153
4866	154
4867	145
4868	148
4869	154
4870	154
4871	164
4872	153
4873	148
4874	172
4875	141
4876	150
4877	171
4878	165
4879	168
4880	168
4881	128
4882	163
4883	155
4884	154
4885	152
4886	153
4887	174
4888	166
4889	173
4890	167
4891	184
4892	155
4893	139
4894	165
4895	152
4896	160
4897	167
4898	140
4899	161
4900	181
4901	147
4902	171
4903	163
4904	173
4905	142
4906	157
4907	154
4908	148
4909	164
4910	174
4911	151
4912	165
4913	177
4914	164
4915	174
4916	167
4917	151
4918	162
4919	163
4920	166
4921	172
4922	160
4923	152
4924	160
4925	147
4926	181
4927	145
4928	156
4929	161
4930	156
4931	168
4932	149
4933	170
4934	171
4935	177
4936	202
4937	157
4938	168
4939	165
4940	143
4941	153
4942	172
4943	162
4944	157
4945	198
4946	171
4947	156
4948	162
4949	140
4950	168
4951	168
4952	179
4953	193
4954	187
4955	171
4956	197
4957	154
4958	165
4959	160
4960	174
4961	189
4962	166
4963	177
4964	146
4965	157
4966	173
4967	166
4968	166
4969	166
4970	149
4971	162
4972	181
4973	179
4974	163
4975	164
4976	175
4977	172
4978	175
4979	167
4980	168
4981	170
4982	177
4983	160
4984	168
4985	175
4986	163
4987	136
4988	181
4989	169
4990	159
4991	165
4992	166
4993	146
4994	160
4995	156
4996	183
4997	181
4998	154
4999	163
5000	174
5001	168
5002	181
5003	183
5004	164
5005	174
5006	164
5007	146
5008	161
5009	172
5010	154
5011	147
5012	155
5013	160
5014	180
5015	177
5016	165
5017	164
5018	154
5019	173
5020	185
5021	159
5022	148
5023	153
5024	171
5025	172
5026	197
5027	157
5028	168
5029	171
5030	172
5031	175
5032	170
5033	167
5034	172
5035	177
5036	167
5037	166
5038	163
5039	173
5040	167
5041	175
5042	148
5043	161
5044	166
5045	164
5046	183
5047	169
5048	183
5049	172
5050	157
5051	157
5052	176
5053	164
5054	152
5055	173
5056	158
5057	144
5058	160
5059	161
5060	166
5061	176
5062	176
5063	158
5064	183
5065	172
5066	157
5067	161
5068	169
5069	169
5070	169
5071	170
5072	184
5073	186
5074	176
5075	176
5076	171
5077	175
5078	158
5079	165
5080	166
5081	170
5082	178
5083	149
5084	159
5085	150
5086	184
5087	171
5088	156
5089	153
5090	172
5091	181
5092	155
5093	173
5094	167
5095	180
5096	131
5097	186
5098	145
5099	168
5100	187
5101	161
5102	160
5103	188
5104	180
5105	174
5106	182
5107	166
5108	182
5109	168
5110	165
5111	153
5112	173
5113	158
5114	173
5115	159
5116	181
5117	165
5118	163
5119	167
5120	168
5121	157
5122	170
5123	163
5124	190
5125	157
5126	192
5127	195
5128	170
5129	156
5130	157
5131	183
5132	155
5133	183
5134	165
5135	175
5136	177
5137	179
5138	172
5139	177
5140	183
5141	141
5142	174
5143	189
5144	138
5145	167
5146	176
5147	171
5148	163
5149	164
5150	174
5151	156
5152	187
5153	185
5154	165
5155	183
5156	153
5157	192
5158	168
5159	188
5160	164
5161	154
5162	163
5163	175
5164	170
5165	173
5166	177
5167	181
5168	168
5169	145
5170	160
5171	173
5172	151
5173	190
5174	174
5175	180
5176	176
5177	164
5178	161
5179	157
5180	175
5181	166
5182	172
5183	170
5184	172
5185	160
5186	174
5187	176
5188	190
5189	177
5190	172
5191	175
5192	187
5193	206
5194	165
5195	178
5196	169
5197	202
5198	168
5199	173
5200	168
5201	179
5202	178
5203	156
5204	185
5205	171
5206	174
5207	180
5208	180
5209	152
5210	200
5211	167
5212	182
5213	173
5214	164
5215	166
5216	165
5217	188
5218	185
5219	171
5220	150
5221	174
5222	185
5223	158
5224	178
5225	149
5226	169
5227	178
5228	179
5229	169
5230	181
5231	193
5232	173
5233	199
5234	165
5235	177
5236	157
5237	178
5238	167
5239	176
5240	186
5241	149
5242	182
5243	165
5244	176
5245	164
5246	174
5247	165
5248	167
5249	176
5250	185
5251	187
5252	172
5253	181
5254	162
5255	177
5256	176
5257	176
5258	184
5259	166
5260	158
5261	162
5262	176
5263	181
5264	154
5265	170
5266	177
5267	148
5268	170
5269	180
5270	159
5271	178
5272	152
5273	180
5274	190
5275	186
5276	161
5277	190
5278	170
5279	148
5280	163
5281	194
5282	181
5283	167
5284	159
5285	147
5286	153
5287	169
5288	163
5289	141
5290	170
5291	151
5292	185
5293	171
5294	138
5295	165
5296	155
5297	160
5298	148
5299	153
5300	166
5301	173
5302	168
5303	159
5304	180
5305	161
5306	160
5307	174
5308	181
5309	171
5310	152
5311	189
5312	158
5313	169
5314	169
5315	165
5316	159
5317	165
5318	173
5319	145
5320	185
5321	156
5322	167
5323	172
5324	154
5325	167
5326	163
5327	164
5328	163
5329	172
5330	167
5331	156
5332	147
5333	160
5334	176
5335	165
5336	170
5337	178
5338	169
5339	167
5340	153
5341	164
5342	148
5343	191
5344	171
5345	158
5346	154
5347	167
5348	184
5349	171
5350	173
5351	157
5352	177
5353	164
5354	172
5355	161
5356	168
5357	154
5358	171
5359	158
5360	155
5361	157
5362	152
5363	149
5364	158
5365	180
5366	168
5367	168
5368	160
5369	173
5370	162
5371	163
5372	162
5373	157
5374	178
5375	164
5376	153
5377	147
5378	190
5379	181
5380	174
5381	177
5382	158
5383	151
5384	178
5385	154
5386	180
5387	163
5388	153
5389	186
5390	166
5391	159
5392	155
5393	165
5394	190
5395	165
5396	155
5397	191
5398	160
5399	179
5400	160
5401	179
5402	125
5403	159
5404	176
5405	149
5406	161
5407	172
5408	162
5409	169
5410	178
5411	178
5412	182
5413	153
5414	179
5415	178
5416	190
5417	179
5418	184
5419	171
5420	183
5421	181
5422	176
5423	176
5424	172
5425	200
5426	170
5427	206
5428	180
5429	170
5430	200
5431	163
5432	146
5433	182
5434	198
5435	172
5436	195
5437	169
5438	187
5439	194
5440	174
5441	179
5442	179
5443	177
5444	166
5445	189
5446	177
5447	191
5448	160
5449	166
5450	170
5451	175
5452	180
5453	166
5454	194
5455	178
5456	199
5457	183
5458	193
5459	183
5460	199
5461	191
5462	201
5463	143
5464	193
5465	155
5466	169
5467	180
5468	167
5469	179
5470	168
5471	176
5472	158
5473	198
5474	156
5475	163
5476	185
5477	192
5478	189
5479	174
5480	186
5481	173
5482	175
5483	185
5484	177
5485	184
5486	170
5487	171
5488	202
5489	165
5490	173
5491	180
5492	211
5493	186
5494	190
5495	165
5496	191
5497	186
5498	181
5499	168
5500	182
5501	160
5502	200
5503	181
5504	181
5505	163
5506	171
5507	197
5508	171
5509	153
5510	182
5511	166
5512	180
5513	170
5514	169
5515	168
5516	177
5517	174
5518	180
5519	166
5520	167
5521	176
5522	165
5523	185
5524	176
5525	171
5526	185
5527	157
5528	165
5529	171
5530	177
5531	162
5532	138
5533	151
5534	165
5535	180
5536	178
5537	169
5538	144
5539	167
5540	185
5541	176
5542	163
5543	163
5544	148
5545	170
5546	153
5547	171
5548	177
5549	153
5550	158
5551	172
5552	171
5553	178
5554	163
5555	186
5556	161
5557	178
5558	153
5559	152
5560	160
5561	173
5562	165
5563	160
5564	166
5565	141
5566	145
5567	170
5568	168
5569	171
5570	151
5571	157
5572	142
5573	150
5574	159
5575	172
5576	145
5577	160
5578	166
5579	166
5580	165
5581	168
5582	152
5583	172
5584	154
5585	169
5586	157
5587	164
5588	151
5589	164
5590	167
5591	162
5592	159
5593	161
5594	169
5595	169
5596	158
5597	173
5598	134
5599	152
5600	153
5601	144
5602	162
5603	171
5604	146
5605	154
5606	155
5607	151
5608	143
5609	167
5610	146
5611	182
5612	176
5613	159
5614	147
5615	154
5616	153
5617	158
5618	160
5619	162
5620	151
5621	154
5622	140
5623	143
5624	150
5625	145
5626	157
5627	138
5628	143
5629	160
5630	144
5631	154
5632	151
5633	150
5634	146
5635	166
5636	128
5637	152
5638	156
5639	144
5640	157
5641	151
5642	166
5643	137
5644	148
5645	154
5646	172
5647	157
5648	138
5649	142
5650	165
5651	166
5652	163
5653	147
5654	161
5655	173
5656	158
5657	157
5658	156
5659	172
5660	157
5661	150
5662	154
5663	137
5664	161
5665	161
5666	140
5667	141
5668	120
5669	170
5670	140
5671	173
5672	169
5673	164
5674	149
5675	135
5676	145
5677	162
5678	139
5679	133
5680	142
5681	162
5682	133
5683	149
5684	159
5685	163
5686	155
5687	145
5688	144
5689	170
5690	142
5691	151
5692	149
5693	159
5694	159
5695	142
5696	161
5697	151
5698	152
5699	140
5700	157
5701	146
5702	143
5703	149
5704	163
5705	158
5706	148
5707	145
5708	145
5709	163
5710	163
5711	151
5712	136
5713	145
5714	143
5715	173
5716	153
5717	134
5718	134
5719	137
5720	151
5721	146
5722	146
5723	124
5724	158
5725	140
5726	154
5727	153
5728	154
5729	154
5730	147
5731	137
5732	135
5733	169
5734	134
5735	158
5736	152
5737	147
5738	175
5739	154
5740	153
5741	147
5742	138
5743	156
5744	169
5745	166
5746	138
5747	139
5748	159
5749	170
5750	147
5751	140
5752	154
5753	166
5754	150
5755	153
5756	152
5757	132
5758	123
5759	163
5760	160
5761	154
5762	171
5763	171
5764	151
5765	147
5766	150
5767	150
5768	160
5769	157
5770	143
5771	147
5772	144
5773	133
5774	138
5775	165
5776	136
5777	176
5778	181
5779	158
5780	161
5781	139
5782	146
5783	151
5784	172
5785	147
5786	144
5787	175
5788	165
5789	145
5790	158
5791	137
5792	145
5793	155
5794	178
5795	152
5796	143
5797	159
5798	178
5799	149
5800	154
5801	159
5802	127
5803	145
5804	157
5805	156
5806	134
5807	126
5808	154
5809	146
5810	137
5811	163
5812	154
5813	160
5814	183
5815	149
5816	140
5817	151
5818	167
5819	136
5820	165
5821	148
5822	155
5823	148
5824	145
5825	153
5826	166
5827	146
5828	155
5829	156
5830	158
5831	154
5832	165
5833	164
5834	157
5835	181
5836	148
5837	175
5838	154
5839	186
5840	161
5841	182
5842	173
5843	192
5844	169
5845	165
5846	185
5847	173
5848	140
5849	166
5850	165
5851	182
5852	165
5853	166
5854	163
5855	177
5856	164
5857	138
5858	171
5859	166
5860	155
5861	148
5862	164
5863	185
5864	149
5865	159
5866	167
5867	165
5868	178
5869	180
5870	166
5871	172
5872	173
5873	195
5874	176
5875	165
5876	174
5877	153
5878	182
5879	162
5880	170
5881	154
5882	172
5883	188
5884	162
5885	176
5886	174
5887	169
5888	178
5889	191
5890	167
5891	151
5892	168
5893	182
5894	163
5895	162
5896	170
5897	165
5898	177
5899	172
5900	188
5901	153
5902	182
5903	174
5904	169
5905	192
5906	155
5907	177
5908	185
5909	161
5910	157
5911	174
5912	199
5913	196
5914	194
5915	197
5916	188
5917	165
5918	192
5919	175
5920	172
5921	159
5922	167
5923	197
5924	183
5925	171
5926	186
5927	180
5928	193
5929	159
5930	192
5931	188
5932	187
5933	178
5934	184
5935	194
5936	192
5937	178
5938	205
5939	169
5940	176
5941	163
5942	177
5943	178
5944	142
5945	182
5946	180
5947	180
5948	157
5949	173
5950	188
5951	191
5952	157
5953	194
5954	212
5955	173
5956	206
5957	170
5958	166
5959	182
5960	180
5961	183
5962	183
5963	181
5964	176
5965	176
5966	182
5967	170
5968	190
5969	178
5970	178
5971	174
5972	158
5973	196
5974	169
5975	163
5976	164
5977	184
5978	174
5979	196
5980	181
5981	172
5982	175
5983	194
5984	177
5985	166
5986	176
5987	180
5988	186
5989	194
5990	205
5991	171
5992	168
5993	180
5994	166
5995	169
5996	179
5997	186
5998	178
5999	199
6000	186
6001	177
6002	168
6003	189
6004	165
6005	169
6006	173
6007	191
6008	157
6009	184
6010	164
6011	163
6012	177
6013	168
6014	173
6015	183
6016	174
6017	158
6018	172
6019	206
6020	169
6021	185
6022	181
6023	185
6024	167
6025	176
6026	174
6027	186
6028	185
6029	175
6030	184
6031	177
6032	190
6033	170
6034	197
6035	196
6036	164
6037	197
6038	184
6039	165
6040	188
6041	201
6042	169
6043	180
6044	167
6045	175
6046	161
6047	188
6048	192
6049	186
6050	167
6051	168
6052	185
6053	156
6054	171
6055	174
6056	196
6057	175
6058	174
6059	176
6060	189
6061	182
6062	200
6063	187
6064	206
6065	220
6066	199
6067	192
6068	221
6069	216
6070	193
6071	213
6072	205
6073	200
6074	190
6075	188
6076	229
6077	207
6078	218
6079	211
6080	195
6081	242
6082	212
6083	215
6084	227
6085	196
6086	236
6087	239
6088	227
6089	233
6090	243
6091	275
6092	236
6093	222
6094	268
6095	272
6096	294
6097	274
6098	260
6099	237
6100	280
6101	267
6102	282
6103	328
6104	294
6105	297
6106	277
6107	282
6108	295
6109	309
6110	339
6111	305
6112	290
6113	326
6114	345
6115	315
6116	355
6117	332
6118	328
6119	330
6120	376
6121	353
6122	393
6123	364
6124	389
6125	333
6126	389
6127	419
6128	374
6129	366
6130	415
6131	417
6132	417
6133	412
6134	410
6135	434
6136	424
6137	449
6138	447
6139	457
6140	430
6141	462
6142	484
6143	477
6144	471
6145	499
6146	480
6147	487
6148	506
6149	504
6150	528
6151	495
6152	540
6153	563
6154	520
6155	562
6156	568
6157	600
6158	582
6159	630
6160	609
6161	588
6162	558
6163	628
6164	623
6165	619
6166	601
6167	628
6168	645
6169	660
6170	665
6171	671
6172	642
6173	650
6174	718
6175	694
6176	654
6177	686
6178	715
6179	693
6180	745
6181	728
6182	723
6183	725
6184	785
6185	756
6186	766
6187	766
6188	788
6189	828
6190	800
6191	774
6192	803
6193	795
6194	804
6195	764
6196	827
6197	827
6198	803
6199	804
6200	817
6201	832
6202	858
6203	872
6204	839
6205	829
6206	829
6207	887
6208	844
6209	844
6210	911
6211	816
6212	907
6213	884
6214	889
6215	843
6216	888
6217	869
6218	903
6219	852
6220	886
6221	893
6222	913
6223	921
6224	850
6225	899
6226	876
6227	933
6228	911
6229	878
6230	925
6231	874
6232	880
6233	856
6234	915
6235	844
6236	885
6237	915
6238	916
6239	903
6240	902
6241	883
6242	850
6243	878
6244	825
6245	860
6246	893
6247	848
6248	811
6249	805
6250	906
6251	849
6252	837
6253	821
6254	822
6255	772
6256	819
6257	801
6258	759
6259	782
6260	803
6261	713
6262	791
6263	826
6264	774
6265	761
6266	737
6267	806
6268	703
6269	692
6270	711
6271	754
6272	684
6273	718
6274	675
6275	702
6276	631
6277	620
6278	655
6279	662
6280	608
6281	595
6282	642
6283	631
6284	596
6285	572
6286	556
6287	559
6288	483
6289	541
6290	495
6291	525
6292	486
6293	552
6294	479
6295	484
6296	457
6297	452
6298	494
6299	448
6300	450
6301	455
6302	426
6303	462
6304	432
6305	399
6306	427
6307	393
6308	408
6309	359
6310	373
6311	336
6312	341
6313	355
6314	360
6315	328
6316	316
6317	346
6318	314
6319	306
6320	321
6321	283
6322	263
6323	268
6324	248
6325	252
6326	267
6327	245
6328	250
6329	229
6330	232
6331	223
6332	208
6333	216
6334	219
6335	206
6336	208
6337	198
6338	214
6339	193
6340	185
6341	179
6342	155
6343	174
6344	191
6345	147
6346	168
6347	153
6348	147
6349	135
6350	151
6351	150
6352	146
6353	125
6354	138
6355	134
6356	117
6357	114
6358	165
6359	135
6360	116
6361	127
6362	125
6363	131
6364	115
6365	119
6366	98
6367	126
6368	111
6369	116
6370	115
6371	104
6372	118
6373	114
6374	123
6375	107
6376	109
6377	92
6378	110
6379	106
6380	111
6381	105
6382	108
6383	108
6384	104
6385	116
6386	98
6387	118
6388	95
6389	113
6390	100
6391	117
6392	110
6393	112
6394	104
6395	128
6396	135
6397	121
6398	124
6399	123
6400	124
6401	99
6402	141
6403	134
6404	133
6405	127
6406	148
6407	135
6408	139
6409	144
6410	136
6411	159
6412	153
6413	152
6414	165
6415	180
6416	191
6417	173
6418	173
6419	159
6420	186
6421	198
6422	169
6423	212
6424	180
6425	201
6426	212
6427	214
6428	192
6429	239
6430	198
6431	233
6432	242
6433	219
6434	243
6435	250
6436	234
6437	250
6438	278
6439	282
6440	299
6441	280
6442	301
6443	298
6444	285
6445	307
6446	297
6447	318
6448	347
6449	329
6450	343
6451	367
6452	359
6453	347
6454	336
6455	391
6456	355
6457	415
6458	441
6459	427
6460	405
6461	435
6462	424
6463	437
6464	408
6465	460
6466	480
6467	468
6468	480
6469	470
6470	539
6471	518
6472	515
6473	567
6474	572
6475	546
6476	576
6477	590
6478	580
6479	579
6480	654
6481	605
6482	639
6483	634
6484	649
6485	648
6486	626
6487	690
6488	682
6489	692
6490	706
6491	683
6492	707
6493	720
6494	664
6495	767
6496	737
6497	833
6498	736
6499	789
6500	828
6501	734
6502	793
6503	798
6504	829
6505	845
6506	756
6507	828
6508	816
6509	852
6510	861
6511	848
6512	790
6513	873
6514	847
6515	820
6516	912
6517	853
6518	890
6519	896
6520	885
6521	917
6522	919
6523	898
6524	957
6525	884
6526	901
6527	909
6528	935
6529	949
6530	867
6531	886
6532	863
6533	888
6534	898
6535	882
6536	909
6537	917
6538	866
6539	902
6540	877
6541	891
6542	884
6543	810
6544	851
6545	847
6546	877
6547	837
6548	807
6549	839
6550	818
6551	828
6552	834
6553	820
6554	797
6555	754
6556	755
6557	784
6558	792
6559	771
6560	800
6561	715
6562	744
6563	708
6564	736
6565	729
6566	728
6567	705
6568	716
6569	668
6570	646
6571	683
6572	658
6573	623
6574	615
6575	638
6576	565
6577	575
6578	586
6579	574
6580	506
6581	545
6582	557
6583	543
6584	545
6585	497
6586	470
6587	486
6588	439
6589	459
6590	376
6591	403
6592	391
6593	380
6594	374
6595	404
6596	383
6597	388
6598	373
6599	361
6600	341
6601	337
6602	331
6603	324
6604	309
6605	283
6606	246
6607	265
6608	269
6609	253
6610	240
6611	235
6612	252
6613	218
6614	215
6615	211
6616	177
6617	205
6618	185
6619	162
6620	182
6621	169
6622	209
6623	161
6624	180
6625	164
6626	153
6627	136
6628	130
6629	136
6630	121
6631	120
6632	107
6633	105
6634	94
6635	113
6636	98
6637	83
6638	88
6639	100
6640	75
6641	82
6642	73
6643	74
6644	71
6645	74
6646	61
6647	72
6648	57
6649	47
6650	65
6651	55
6652	49
6653	50
6654	47
6655	48
6656	35
6657	48
6658	41
6659	43
6660	50
6661	46
6662	37
6663	31
6664	33
6665	29
6666	24
6667	36
6668	33
6669	34
6670	22
6671	26
6672	37
6673	26
6674	36
6675	23
6676	38
6677	24
6678	23
6679	29
6680	20
6681	25
6682	16
6683	22
6684	22
6685	22
6686	18
6687	22
6688	24
6689	20
6690	22
6691	19
6692	14
6693	17
6694	24
6695	21
6696	16
6697	28
6698	24
6699	12
6700	15
6701	19
6702	11
6703	23
6704	15
6705	19
6706	18
6707	21
6708	21
6709	21
6710	21
6711	16
6712	24
6713	20
6714	20
6715	19
6716	21
6717	16
6718	17
6719	19
6720	24
6721	29
6722	22
6723	14
6724	17
6725	17
6726	17
6727	30
6728	17
6729	22
6730	14
6731	18
6732	14
6733	15
6734	19
6735	21
6736	17
6737	18
6738	12
6739	16
6740	18
6741	9
6742	20
6743	19
6744	17
6745	14
6746	14
6747	13
6748	17
6749	20
6750	25
6751	23
6752	26
6753	18
6754	18
6755	19
6756	18
6757	14
6758	26
6759	14
6760	21
6761	13
6762	22
6763	16
6764	16
6765	12
6766	13
6767	25
6768	13
6769	23
6770	15
6771	14
6772	14
6773	19
6774	19
6775	13
6776	13
6777	14
6778	16
6779	18
6780	16
6781	12
6782	12
6783	20
6784	19
6785	13
6786	18
6787	15
6788	7
6789	11
6790	13
6791	16
6792	13
6793	9
6794	23
6795	19
6796	17
6797	14
6798	19
6799	15
6800	9
6801	21
6802	7
6803	15
6804	20
6805	17
6806	14
6807	15
6808	14
6809	12
6810	14
6811	18
6812	11
6813	15
6814	12
6815	17
6816	14
6817	9
6818	8
6819	17
6820	19
6821	18
6822	17
6823	13
6824	21
6825	14
6826	16
6827	11
6828	17
6829	16
6830	11
6831	13
6832	16
6833	15
6834	15
6835	14
6836	15
6837	14
6838	16
6839	12
6840	11
6841	14
6842	13
6843	21
6844	20
6845	6
6846	17
6847	14
6848	16
6849	9
6850	10
6851	17
6852	17
6853	14
6854	26
6855	16
6856	17
6857	21
6858	18
6859	16
6860	7
6861	19
6862	17
6863	18
6864	16
6865	20
6866	13
6867	11
6868	10
6869	11
6870	9
6871	20
6872	11
6873	13
6874	22
6875	12
6876	16
6877	6
6878	16
6879	18
6880	13
6881	8
6882	17
6883	7
6884	20
6885	15
6886	19
6887	10
6888	22
6889	12
6890	15
6891	15
6892	23
6893	9
6894	9
6895	14
6896	20
6897	14
6898	16
6899	13
6900	17
6901	18
6902	18
6903	11
6904	22
6905	13
6906	15
6907	17
6908	14
6909	17
6910	12
6911	11
6912	17
6913	12
6914	13
6915	14
6916	11
6917	11
6918	13
6919	10
6920	10
6921	15
6922	12
6923	16
6924	11
6925	13
6926	10
6927	7
6928	13
6929	18
6930	11
6931	16
6932	22
6933	10
6934	15
6935	21
6936	14
6937	16
6938	9
6939	9
6940	20
6941	17
6942	12
6943	12
6944	8
6945	15
6946	10
6947	12
6948	15
6949	12
6950	11
6951	10
6952	14
6953	20
6954	13
6955	8
6956	13
6957	19
6958	18
6959	12
6960	7
6961	6
6962	11
6963	14
6964	10
6965	12
6966	14
6967	9
6968	15
6969	14
6970	11
6971	20
6972	13
6973	12
6974	18
6975	17
6976	14
6977	13
6978	10
6979	14
6980	18
6981	9
6982	7
6983	17
6984	19
6985	14
6986	14
6987	18
6988	18
6989	15
6990	15
6991	12
6992	11
6993	16
6994	18
6995	10
6996	17
6997	11
6998	8
6999	16
7000	17
7001	13
7002	10
7003	14
7004	11
7005	16
7006	14
7007	16
7008	18
7009	16
7010	20
7011	8
7012	11
7013	11
7014	15
7015	15
7016	15
7017	11
7018	17
7019	16
7020	16
7021	11
7022	11
7023	11
7024	12
7025	11
7026	17
7027	10
7028	16
7029	12
7030	10
7031	16
7032	14
7033	14
7034	13
7035	12
7036	13
7037	13
7038	19
7039	10
7040	12
7041	16
7042	26
7043	15
7044	20
7045	12
7046	12
7047	11
7048	11
7049	13
7050	11
7051	11
7052	15
7053	17
7054	10
7055	14
7056	19
7057	12
7058	17
7059	20
7060	11
7061	13
7062	16
7063	9
7064	23
7065	21
7066	12
7067	10
7068	11
7069	14
7070	15
7071	13
7072	7
7073	19
7074	17
7075	7
7076	8
7077	11
7078	10
7079	20
7080	20
7081	19
7082	12
7083	20
7084	17
7085	13
7086	16
7087	18
7088	7
7089	20
7090	18
7091	13
7092	14
7093	14
7094	15
7095	19
7096	17
7097	15
7098	11
7099	12
7100	18
7101	18
7102	15
7103	17
7104	17
7105	15
7106	13
7107	15
7108	18
7109	24
7110	15
7111	14
7112	16
7113	9
7114	20
7115	12
7116	23
7117	17
7118	14
7119	14
7120	16
7121	11
7122	21
7123	19
7124	17
7125	26
7126	14
7127	15
7128	20
7129	10
7130	15
7131	16
7132	12
7133	14
7134	19
7135	14
7136	25
7137	21
7138	24
7139	15
7140	17
7141	15
7142	11
7143	12
7144	13
7145	11
7146	15
7147	17
7148	12
7149	26
7150	16
7151	14
7152	12
7153	21
7154	14
7155	21
7156	17
7157	17
7158	11
7159	18
7160	21
7161	8
7162	13
7163	15
7164	18
7165	16
7166	23
7167	13
7168	24
7169	13
7170	17
7171	17
7172	20
7173	21
7174	12
7175	20
7176	16
7177	16
7178	24
7179	27
7180	20
7181	20
7182	19
7183	8
7184	16
7185	25
7186	12
7187	19
7188	21
7189	21
7190	12
7191	16
7192	27
7193	15
7194	19
7195	19
7196	20
7197	19
7198	30
7199	19
7200	23
7201	22
7202	17
7203	17
7204	20
7205	22
7206	18
7207	19
7208	12
7209	22
7210	14
7211	19
7212	18
7213	23
7214	24
7215	23
7216	18
7217	21
7218	24
7219	20
7220	25
7221	25
7222	33
7223	18
7224	18
7225	37
7226	24
7227	31
7228	16
7229	27
7230	39
7231	20
7232	36
7233	21
7234	25
7235	32
7236	24
7237	21
7238	19
7239	22
7240	30
7241	37
7242	25
7243	39
7244	30
7245	23
7246	23
7247	23
7248	31
7249	28
7250	29
7251	32
7252	31
7253	33
7254	19
7255	36
7256	27
7257	47
7258	32
7259	29
7260	25
7261	25
7262	30
7263	33
7264	31
7265	22
7266	33
7267	31
7268	29
7269	34
7270	33
7271	30
7272	36
7273	33
7274	26
7275	39
7276	28
7277	39
7278	37
7279	26
7280	33
7281	42
7282	42
7283	43
7284	28
7285	27
7286	32
7287	31
7288	27
7289	19
7290	30
7291	37
7292	30
7293	27
7294	24
7295	29
7296	23
7297	30
7298	28
7299	28
7300	22
7301	33
7302	22
7303	18
7304	26
7305	32
7306	19
7307	24
7308	21
7309	28
7310	18
7311	23
7312	25
7313	28
7314	27
7315	27
7316	29
7317	27
7318	28
7319	21
7320	28
7321	26
7322	17
7323	13
7324	20
7325	22
7326	16
7327	17
7328	11
7329	20
7330	20
7331	15
7332	19
7333	13
7334	8
7335	13
7336	18
7337	13
7338	18
7339	15
7340	11
7341	12
7342	9
7343	9
7344	10
7345	11
7346	9
7347	14
7348	12
7349	12
7350	5
7351	15
7352	9
7353	11
7354	8
7355	5
7356	9
7357	6
7358	11
7359	4
7360	4
7361	5
7362	10
7363	9
7364	5
7365	4
7366	4
7367	3
7368	3
7369	4
7370	6
7371	3
7372	5
7373	2
7374	4
7375	1
7376	4
7377	1
7378	4
7379	1
7380	2
7381	8
7382	1
7383	1
7384	0
7385	1
7386	7
7387	3
7388	0
7389	1
7390	0
7391	0
7392	3
7393	2
7394	0
7395	1
7396	4
7397	2
7398	4
7399	1
7400	1
7401	2
7402	1
7403	4
7404	0
7405	0
7406	1
7407	1
7408	0
7409	4
7410	1
7411	1
7412	1
7413	0
7414	2
7415	0
7416	2
7417	3
7418	0
7419	1
7420	0
7421	1
7422	0
7423	0
7424	1
7425	1
7426	2
7427	0
7428	0
7429	1
7430	2
7431	1
7432	1
7433	1
7434	1
7435	0
7436	2
7437	0
7438	1
7439	0
7440	0
7441	0
7442	0
7443	0
7444	1
7445	1
7446	0
7447	1
7448	0
7449	0
7450	0
7451	0
7452	1
7453	0
7454	1
7455	0
7456	0
7457	0
7458	1
7459	1
7460	0
7461	0
7462	1
7463	2
7464	0
7465	0
7466	2
7467	1
7468	0
7469	0
7470	1
7471	0
7472	1
7473	0
7474	0
7475	0
7476	0
7477	2
7478	0
7479	0
7480	1
7481	3
7482	1
7483	2
7484	0
7485	1
7486	1
7487	0
7488	0
7489	0
7490	1
7491	0
7492	0
7493	0
7494	0
7495	0
7496	2
7497	0
7498	0
7499	0
7500	0
7501	0
7502	1
7503	1
7504	1
7505	1
7506	0
7507	1
7508	0
7509	1
7510	0
7511	2
7512	2
7513	2
7514	1
7515	0
7516	1
7517	1
7518	2
7519	0
7520	1
7521	1
7522	0
7523	2
7524	2
7525	0
7526	0
7527	0
7528	0
7529	1
7530	0
7531	0
7532	0
7533	1
7534	1
7535	1
7536	1
7537	0
7538	0
7539	1
7540	2
7541	0
7542	0
7543	0
7544	0
7545	0
7546	1
7547	2
7548	0
7549	0
7550	0
7551	0
7552	2
7553	1
7554	2
7555	1
7556	0
7557	0
7558	0
7559	1
7560	1
7561	0
7562	0
7563	0
7564	0
7565	1
7566	1
7567	0
7568	2
7569	1
7570	0
7571	0
7572	0
7573	2
7574	0
7575	0
7576	0
7577	1
7578	1
7579	0
7580	0
7581	2
7582	1
7583	1
7584	0
7585	2
7586	1
7587	0
7588	1
7589	1
7590	2
7591	1
7592	0
7593	1
7594	0
7595	0
7596	1
7597	0
7598	2
7599	0
7600	1
7601	0
7602	0
7603	1
7604	0
7605	0
7606	0
7607	1
7608	2
7609	0
7610	1
7611	1
7612	0
7613	1
7614	1
7615	0
7616	1
7617	2
7618	0
7619	1
7620	0
7621	2
7622	0
7623	0
7624	1
7625	1
7626	0
7627	2
7628	3
7629	1
7630	0
7631	1
7632	0
7633	1
7634	0
7635	0
7636	1
7637	0
7638	1
7639	0
7640	0
7641	0
7642	0
7643	0
7644	0
7645	0
7646	0
7647	1
7648	1
7649	1
7650	0
7651	0
7652	0
7653	1
7654	2
7655	0
7656	0
7657	0
7658	3
7659	0
7660	0
7661	0
7662	0
7663	0
7664	1
7665	0
7666	0
7667	1
7668	0
7669	1
7670	0
7671	0
7672	1
7673	0
7674	1
7675	3
7676	1
7677	1
7678	0
7679	0
7680	1
7681	1
7682	0
7683	1
7684	1
7685	2
7686	2
7687	0
7688	0
7689	0
7690	0
7691	1
7692	2
7693	0
7694	0
7695	1
7696	0
7697	1
7698	0
7699	1
7700	0
7701	1
7702	1
7703	0
7704	0
7705	0
7706	0
7707	0
7708	1
7709	0
7710	0
7711	1
7712	0
7713	1
7714	1
7715	0
7716	0
7717	0
7718	3
7719	1
7720	1
7721	0
7722	0
7723	1
7724	0
7725	0
7726	0
7727	0
7728	1
7729	1
7730	0
7731	2
7732	0
7733	0
7734	1
7735	0
7736	1
7737	1
7738	0
7739	0
7740	0
7741	1
7742	0
7743	2
7744	1
7745	2
7746	1
7747	0
7748	0
7749	0
7750	1
7751	1
7752	0
7753	2
7754	0
7755	1
7756	0
7757	3
7758	0
7759	1
7760	1
7761	0
7762	0
7763	1
7764	0
7765	0
7766	1
7767	0
7768	2
7769	1
7770	1
7771	0
7772	1
7773	1
7774	1
7775	0
7776	0
7777	0
7778	0
7779	1
7780	0
7781	1
7782	1
7783	1
7784	0
7785	1
7786	0
7787	0
7788	1
7789	1
7790	1
7791	0
7792	1
7793	1
7794	1
7795	1
7796	0
7797	1
7798	0
7799	1
7800	1
7801	1
7802	0
7803	0
7804	0
7805	0
7806	2
7807	0
7808	1
7809	0
7810	0
7811	0
7812	0
7813	0
7814	1
7815	1
7816	0
7817	0
7818	2
7819	1
7820	1
7821	1
7822	0
7823	0
7824	1
7825	0
7826	2
7827	0
7828	0
7829	0
7830	0
7831	1
7832	0
7833	0
7834	0
7835	0
7836	3
7837	0
7838	0
7839	1
7840	0
7841	0
7842	2
7843	0
7844	0
7845	0
7846	0
7847	3
7848	0
7849	1
7850	2
7851	0
7852	0
7853	1
7854	0
7855	0
7856	0
7857	0
7858	0
7859	0
7860	0
7861	0
7862	0
7863	0
7864	2
7865	0
7866	0
7867	1
7868	0
7869	0
7870	0
7871	0
7872	2
7873	3
7874	0
7875	0
7876	0
7877	1
7878	0
7879	1
7880	1
7881	1
7882	1
7883	2
7884	0
7885	0
7886	1
7887	3
7888	0
7889	0
7890	0
7891	0
7892	0
7893	0
7894	1
7895	1
7896	2
7897	1
7898	0
7899	0
7900	1
7901	2
7902	0
7903	3
7904	0
7905	0
7906	0
7907	0
7908	2
7909	0
7910	1
7911	0
7912	1
7913	2
7914	0
7915	0
7916	1
7917	1
7918	0
7919	0
7920	0
7921	0
7922	0
7923	2
7924	1
7925	0
7926	0
7927	1
7928	0
7929	0
7930	0
7931	2
7932	0
7933	1
7934	2
7935	1
7936	1
7937	1
7938	1
7939	0
7940	1
7941	0
7942	0
7943	2
7944	1
7945	1
7946	1
7947	1
7948	0
7949	0
7950	0
7951	1
7952	0
7953	1
7954	2
7955	0
7956	1
7957	2
7958	0
7959	1
7960	1
7961	2
7962	1
7963	0
7964	4
7965	0
7966	0
7967	0
7968	1
7969	0
7970	1
7971	0
7972	0
7973	1
7974	0
7975	0
7976	0
7977	1
7978	2
7979	1
7980	0
7981	0
7982	0
7983	0
7984	0
7985	0
7986	0
7987	1
7988	0
7989	2
7990	0
7991	0
7992	2
7993	0
7994	0
7995	0
7996	0
7997	1
7998	1
7999	0
8000	0
8001	0
8002	0
8003	0
8004	1
8005	1
8006	0
8007	0
8008	1
8009	0
8010	0
8011	0
8012	1
8013	0
8014	1
8015	0
8016	0
8017	1
8018	0
8019	0
8020	0
8021	1
8022	0
8023	0
8024	0
8025	0
8026	0
8027	0
8028	0
8029	0
8030	0
8031	0
8032	0
8033	0
8034	0
8035	0
8036	0
8037	0
8038	0
8039	0
8040	0
8041	1
8042	1
8043	0
8044	0
8045	0
8046	0
8047	0
8048	0
8049	0
8050	0
8051	0
8052	0
8053	0
8054	1
8055	0
8056	0
8057	0
8058	0
8059	0
8060	0
8061	0
8062	0
8063	0
8064	0
8065	0
8066	0
8067	0
8068	0
8069	0
8070	0
8071	0
8072	0
8073	0
8074	0
8075	0
8076	0
8077	0
8078	0
8079	0
8080	0
8081	0
8082	0
8083	0
8084	0
8085	0
8086	1
8087	0
8088	0
8089	0
8090	0
8091	0
8092	0
8093	0
8094	0
8095	0
8096	0
8097	0
8098	0
8099	0
8100	0
8101	0
8102	0
8103	0
8104	0
8105	0
8106	0
8107	0
8108	0
8109	0
8110	0
8111	0
8112	0
8113	0
8114	0
8115	0
8116	0
8117	0
8118	0
8119	0
8120	0
8121	0
8122	0
8123	0
8124	0
8125	0
8126	0
8127	0
8128	0
8129	0
8130	0
8131	0
8132	0
8133	0
8134	0
8135	0
8136	0
8137	0
8138	0
8139	0
8140	0
8141	0
8142	0
8143	0
8144	0
8145	0
8146	0
8147	0
8148	0
8149	0
8150	0
8151	0
8152	0
8153	0
8154	0
8155	0
8156	0
8157	0
8158	0
8159	0
8160	0
8161	0
8162	0
8163	0
8164	0
8165	0
8166	0
8167	0
8168	0
8169	0
8170	0
8171	0
8172	0
8173	0
8174	0
8175	0
8176	0
8177	0
8178	0
8179	0
8180	0
8181	0
8182	0
8183	0
8184	0
8185	0
8186	0
8187	0
8188	0
8189	0
8190	0
8191	0
