0	0
1	0
2	0
3	0
4	0
5	0
6	0
7	0
8	0
9	0
10	0
11	0
12	0
13	0
14	0
15	0
16	0
17	0
18	0
19	0
20	0
21	0
22	0
23	0
24	0
25	0
26	0
27	0
28	0
29	0
30	0
31	0
32	1
33	0
34	0
35	0
36	0
37	1
38	1
39	0
40	2
41	0
42	2
43	1
44	1
45	0
46	3
47	1
48	5
49	8
50	10
51	10
52	74
53	335
54	715
55	916
56	913
57	944
58	899
59	795
60	763
61	697
62	638
63	591
64	570
65	549
66	496
67	489
68	416
69	416
70	404
71	432
72	400
73	414
74	410
75	395
76	369
77	350
78	382
79	383
80	436
81	412
82	409
83	414
84	418
85	407
86	399
87	389
88	403
89	388
90	405
91	357
92	400
93	327
94	338
95	339
96	335
97	324
98	299
99	288
100	267
101	246
102	279
103	235
104	264
105	219
106	223
107	203
108	221
109	215
110	199
111	184
112	233
113	210
114	180
115	184
116	182
117	187
118	194
119	222
120	219
121	166
122	191
123	185
124	203
125	210
126	187
127	197
128	185
129	213
130	209
131	214
132	212
133	198
134	202
135	225
136	222
137	219
138	242
139	238
140	217
141	245
142	242
143	234
144	291
145	246
146	253
147	255
148	247
149	276
150	302
151	281
152	283
153	279
154	286
155	293
156	291
157	325
158	326
159	300
160	352
161	356
162	370
163	347
164	344
165	365
166	418
167	404
168	441
169	446
170	460
171	465
172	490
173	500
174	507
175	548
176	526
177	567
178	588
179	635
180	637
181	662
182	670
183	684
184	741
185	737
186	759
187	799
188	832
189	879
190	927
191	912
192	973
193	1001
194	1069
195	1073
196	1204
197	1171
198	1238
199	1293
200	1362
201	1424
202	1511
203	1509
204	1574
205	1674
206	1792
207	1847
208	1912
209	2025
210	2141
211	2235
212	2252
213	2412
214	2493
215	2609
216	2726
217	2825
218	2996
219	2969
220	3130
221	3184
222	3397
223	3486
224	3619
225	3583
226	3634
227	3682
228	3780
229	3927
230	3951
231	3892
232	4067
233	3935
234	3966
235	3962
236	3835
237	3932
238	3832
239	3792
240	3694
241	3662
242	3565
243	3597
244	3358
245	3381
246	3307
247	3195
248	3062
249	2979
250	3072
251	2918
252	2658
253	2666
254	2633
255	2506
256	2437
257	2327
258	2187
259	2125
260	2191
261	2019
262	1976
263	1938
264	1952
265	1798
266	1836
267	1674
268	1725
269	1664
270	1576
271	1533
272	1487
273	1394
274	1411
275	1446
276	1392
277	1396
278	1306
279	1315
280	1311
281	1269
282	1159
283	1125
284	1078
285	1073
286	1060
287	1005
288	964
289	958
290	860
291	882
292	839
293	879
294	748
295	713
296	701
297	708
298	599
299	546
300	626
301	589
302	565
303	492
304	466
305	483
306	457
307	427
308	451
309	434
310	382
311	386
312	374
313	387
314	390
315	392
316	314
317	348
318	337
319	318
320	330
321	336
322	289
323	281
324	307
325	321
326	357
327	326
328	320
329	321
330	335
331	322
332	292
333	334
334	303
335	314
336	328
337	310
338	292
339	334
340	303
341	358
342	301
343	330
344	302
345	313
346	299
347	304
348	349
349	343
350	337
351	290
352	333
353	348
354	330
355	305
356	359
357	320
358	356
359	360
360	350
361	345
362	372
363	339
364	368
365	366
366	364
367	373
368	340
369	360
370	381
371	359
372	378
373	394
374	373
375	364
376	394
377	400
378	347
379	394
380	346
381	389
382	378
383	374
384	409
385	360
386	414
387	396
388	398
389	404
390	394
391	360
392	441
393	420
394	426
395	449
396	418
397	424
398	410
399	423
400	401
401	429
402	445
403	459
404	449
405	448
406	456
407	427
408	479
409	454
410	491
411	466
412	460
413	477
414	437
415	450
416	488
417	514
418	516
419	480
420	472
421	481
422	508
423	494
424	491
425	516
426	514
427	528
428	515
429	490
430	528
431	538
432	512
433	532
434	548
435	511
436	514
437	547
438	584
439	573
440	542
441	540
442	558
443	567
444	578
445	575
446	590
447	589
448	591
449	635
450	588
451	593
452	571
453	583
454	606
455	621
456	603
457	547
458	603
459	578
460	615
461	615
462	561
463	590
464	607
465	611
466	624
467	600
468	618
469	641
470	609
471	739
472	654
473	621
474	620
475	623
476	612
477	648
478	656
479	654
480	596
481	652
482	652
483	687
484	618
485	654
486	684
487	650
488	683
489	667
490	632
491	688
492	719
493	676
494	674
495	675
496	711
497	673
498	699
499	723
500	699
501	710
502	751
503	715
504	750
505	713
506	752
507	719
508	723
509	733
510	723
511	759
512	783
513	713
514	753
515	748
516	785
517	750
518	750
519	780
520	765
521	804
522	803
523	783
524	751
525	792
526	807
527	794
528	799
529	843
530	778
531	772
532	777
533	759
534	780
535	790
536	770
537	835
538	805
539	832
540	864
541	758
542	786
543	800
544	794
545	803
546	780
547	782
548	789
549	771
550	783
551	807
552	773
553	849
554	752
555	801
556	800
557	742
558	782
559	708
560	776
561	765
562	760
563	762
564	780
565	744
566	764
567	754
568	779
569	791
570	756
571	735
572	734
573	725
574	765
575	744
576	736
577	773
578	729
579	768
580	742
581	766
582	779
583	714
584	774
585	752
586	743
587	789
588	742
589	701
590	722
591	706
592	709
593	696
594	709
595	759
596	726
597	722
598	713
599	741
600	721
601	714
602	735
603	749
604	663
605	751
606	689
607	723
608	705
609	723
610	739
611	693
612	705
613	704
614	712
615	711
616	709
617	712
618	710
619	725
620	681
621	679
622	701
623	683
624	695
625	712
626	774
627	723
628	737
629	696
630	709
631	697
632	684
633	674
634	740
635	701
636	695
637	668
638	687
639	734
640	679
641	742
642	734
643	724
644	668
645	749
646	690
647	704
648	730
649	719
650	702
651	716
652	762
653	698
654	694
655	667
656	685
657	734
658	734
659	808
660	737
661	795
662	753
663	786
664	775
665	781
666	817
667	876
668	866
669	845
670	843
671	823
672	846
673	888
674	866
675	881
676	876
677	950
678	1011
679	942
680	988
681	1032
682	1017
683	1044
684	1017
685	1034
686	1138
687	1108
688	1124
689	1179
690	1221
691	1243
692	1257
693	1256
694	1359
695	1380
696	1350
697	1360
698	1372
699	1416
700	1468
701	1540
702	1454
703	1562
704	1599
705	1655
706	1611
707	1679
708	1670
709	1711
710	1694
711	1751
712	1691
713	1799
714	1791
715	1884
716	1850
717	1912
718	1933
719	1883
720	1932
721	1979
722	1939
723	2038
724	2008
725	2050
726	2113
727	2085
728	1993
729	1991
730	2026
731	2099
732	2041
733	1977
734	2057
735	2032
736	1946
737	2042
738	1886
739	2030
740	2005
741	1946
742	1899
743	1994
744	1855
745	1857
746	1836
747	1815
748	1854
749	1828
750	1757
751	1770
752	1734
753	1726
754	1679
755	1635
756	1586
757	1646
758	1492
759	1498
760	1471
761	1462
762	1406
763	1389
764	1366
765	1337
766	1324
767	1241
768	1285
769	1162
770	1176
771	1197
772	1131
773	1101
774	1114
775	1039
776	1076
777	988
778	1015
779	980
780	934
781	901
782	882
783	877
784	854
785	863
786	748
787	767
788	766
789	767
790	716
791	724
792	664
793	694
794	669
795	670
796	599
797	575
798	668
799	553
800	572
801	573
802	573
803	543
804	546
805	510
806	522
807	490
808	469
809	457
810	496
811	468
812	471
813	458
814	448
815	497
816	481
817	449
818	454
819	442
820	455
821	424
822	408
823	391
824	433
825	417
826	441
827	451
828	402
829	382
830	411
831	435
832	416
833	427
834	421
835	376
836	411
837	407
838	418
839	393
840	430
841	404
842	397
843	378
844	401
845	402
846	409
847	457
848	405
849	378
850	394
851	411
852	410
853	368
854	426
855	423
856	419
857	371
858	431
859	393
860	423
861	407
862	411
863	403
864	398
865	406
866	401
867	408
868	456
869	427
870	405
871	409
872	419
873	406
874	398
875	425
876	404
877	424
878	419
879	399
880	379
881	401
882	425
883	376
884	407
885	406
886	444
887	414
888	445
889	444
890	422
891	450
892	381
893	438
894	449
895	440
896	420
897	431
898	451
899	433
900	407
901	403
902	433
903	428
904	394
905	427
906	391
907	442
908	407
909	422
910	405
911	399
912	384
913	411
914	442
915	367
916	436
917	406
918	430
919	410
920	416
921	398
922	405
923	403
924	434
925	400
926	432
927	390
928	418
929	420
930	402
931	403
932	381
933	386
934	418
935	393
936	403
937	416
938	432
939	436
940	385
941	397
942	360
943	408
944	396
945	431
946	391
947	392
948	403
949	408
950	446
951	439
952	400
953	436
954	370
955	379
956	378
957	415
958	410
959	381
960	442
961	375
962	403
963	402
964	405
965	412
966	395
967	358
968	399
969	403
970	416
971	391
972	398
973	357
974	395
975	376
976	378
977	414
978	399
979	364
980	397
981	343
982	374
983	420
984	367
985	387
986	389
987	413
988	409
989	372
990	382
991	372
992	357
993	376
994	389
995	399
996	368
997	356
998	354
999	340
1000	391
1001	355
1002	360
1003	382
1004	421
1005	384
1006	381
1007	364
1008	395
1009	352
1010	383
1011	425
1012	406
1013	343
1014	371
1015	394
1016	355
1017	361
1018	365
1019	389
1020	356
1021	373
1022	346
1023	350
1024	350
1025	355
1026	332
1027	374
1028	386
1029	341
1030	370
1031	366
1032	365
1033	331
1034	366
1035	367
1036	362
1037	365
1038	356
1039	374
1040	344
1041	365
1042	362
1043	353
1044	354
1045	349
1046	379
1047	344
1048	372
1049	382
1050	374
1051	337
1052	391
1053	382
1054	332
1055	336
1056	387
1057	387
1058	334
1059	341
1060	351
1061	335
1062	322
1063	382
1064	372
1065	356
1066	340
1067	341
1068	340
1069	312
1070	389
1071	344
1072	374
1073	362
1074	340
1075	323
1076	357
1077	341
1078	318
1079	343
1080	369
1081	371
1082	339
1083	354
1084	315
1085	317
1086	368
1087	347
1088	335
1089	341
1090	332
1091	370
1092	341
1093	386
1094	386
1095	320
1096	351
1097	357
1098	368
1099	345
1100	315
1101	334
1102	359
1103	344
1104	348
1105	325
1106	341
1107	332
1108	338
1109	358
1110	358
1111	346
1112	328
1113	353
1114	314
1115	351
1116	319
1117	357
1118	310
1119	332
1120	323
1121	308
1122	370
1123	343
1124	330
1125	341
1126	338
1127	319
1128	316
1129	350
1130	343
1131	312
1132	304
1133	324
1134	343
1135	359
1136	344
1137	309
1138	351
1139	348
1140	306
1141	336
1142	344
1143	333
1144	344
1145	320
1146	316
1147	351
1148	327
1149	300
1150	343
1151	280
1152	304
1153	321
1154	349
1155	309
1156	326
1157	325
1158	335
1159	355
1160	305
1161	311
1162	329
1163	321
1164	331
1165	330
1166	313
1167	322
1168	331
1169	299
1170	334
1171	332
1172	331
1173	295
1174	373
1175	324
1176	338
1177	316
1178	289
1179	343
1180	334
1181	307
1182	312
1183	333
1184	353
1185	315
1186	328
1187	299
1188	312
1189	311
1190	346
1191	317
1192	348
1193	301
1194	353
1195	348
1196	338
1197	347
1198	329
1199	339
1200	311
1201	293
1202	338
1203	314
1204	318
1205	309
1206	306
1207	311
1208	307
1209	336
1210	317
1211	358
1212	313
1213	337
1214	281
1215	312
1216	337
1217	328
1218	288
1219	306
1220	350
1221	307
1222	321
1223	306
1224	304
1225	323
1226	307
1227	320
1228	344
1229	309
1230	311
1231	305
1232	310
1233	327
1234	303
1235	278
1236	306
1237	314
1238	321
1239	339
1240	321
1241	308
1242	342
1243	310
1244	306
1245	296
1246	317
1247	338
1248	301
1249	327
1250	308
1251	318
1252	292
1253	288
1254	311
1255	328
1256	342
1257	292
1258	328
1259	348
1260	302
1261	293
1262	310
1263	323
1264	263
1265	312
1266	298
1267	295
1268	291
1269	318
1270	298
1271	314
1272	315
1273	326
1274	293
1275	306
1276	326
1277	280
1278	319
1279	334
1280	324
1281	312
1282	292
1283	303
1284	275
1285	292
1286	294
1287	310
1288	274
1289	292
1290	282
1291	308
1292	268
1293	282
1294	302
1295	276
1296	315
1297	305
1298	299
1299	303
1300	290
1301	287
1302	285
1303	302
1304	301
1305	273
1306	297
1307	291
1308	279
1309	282
1310	280
1311	294
1312	303
1313	312
1314	285
1315	277
1316	303
1317	285
1318	301
1319	302
1320	268
1321	263
1322	317
1323	314
1324	266
1325	305
1326	330
1327	324
1328	289
1329	287
1330	295
1331	307
1332	304
1333	299
1334	292
1335	344
1336	293
1337	289
1338	306
1339	296
1340	297
1341	325
1342	343
1343	313
1344	297
1345	352
1346	342
1347	329
1348	322
1349	322
1350	352
1351	322
1352	363
1353	328
1354	326
1355	311
1356	321
1357	317
1358	300
1359	314
1360	334
1361	334
1362	372
1363	329
1364	330
1365	352
1366	317
1367	388
1368	364
1369	357
1370	349
1371	346
1372	363
1373	342
1374	351
1375	328
1376	378
1377	352
1378	412
1379	366
1380	386
1381	353
1382	391
1383	386
1384	389
1385	355
1386	389
1387	407
1388	380
1389	390
1390	319
1391	387
1392	333
1393	409
1394	393
1395	394
1396	387
1397	386
1398	430
1399	402
1400	371
1401	434
1402	396
1403	426
1404	386
1405	419
1406	397
1407	412
1408	381
1409	412
1410	389
1411	390
1412	410
1413	415
1414	412
1415	405
1416	400
1417	430
1418	429
1419	378
1420	408
1421	417
1422	400
1423	407
1424	417
1425	402
1426	400
1427	374
1428	411
1429	391
1430	439
1431	448
1432	422
1433	433
1434	451
1435	389
1436	420
1437	395
1438	372
1439	427
1440	423
1441	407
1442	370
1443	435
1444	417
1445	415
1446	392
1447	414
1448	415
1449	412
1450	384
1451	392
1452	404
1453	414
1454	396
1455	366
1456	402
1457	403
1458	393
1459	371
1460	411
1461	353
1462	356
1463	371
1464	372
1465	403
1466	358
1467	347
1468	370
1469	387
1470	343
1471	371
1472	375
1473	376
1474	354
1475	391
1476	386
1477	346
1478	367
1479	350
1480	358
1481	366
1482	347
1483	341
1484	318
1485	320
1486	337
1487	370
1488	366
1489	334
1490	315
1491	329
1492	322
1493	319
1494	291
1495	344
1496	297
1497	311
1498	285
1499	307
1500	314
1501	281
1502	296
1503	304
1504	264
1505	325
1506	258
1507	286
1508	291
1509	277
1510	265
1511	271
1512	291
1513	282
1514	281
1515	262
1516	274
1517	230
1518	285
1519	235
1520	237
1521	218
1522	260
1523	262
1524	233
1525	229
1526	230
1527	223
1528	243
1529	260
1530	230
1531	235
1532	235
1533	240
1534	190
1535	247
1536	227
1537	223
1538	226
1539	215
1540	233
1541	218
1542	229
1543	192
1544	209
1545	189
1546	217
1547	181
1548	202
1549	174
1550	220
1551	214
1552	231
1553	200
1554	201
1555	174
1556	213
1557	161
1558	201
1559	173
1560	200
1561	213
1562	191
1563	197
1564	185
1565	177
1566	197
1567	163
1568	179
1569	159
1570	183
1571	184
1572	175
1573	176
1574	180
1575	188
1576	178
1577	187
1578	173
1579	193
1580	193
1581	190
1582	158
1583	173
1584	160
1585	187
1586	179
1587	167
1588	174
1589	190
1590	186
1591	174
1592	182
1593	178
1594	149
1595	177
1596	191
1597	166
1598	186
1599	165
1600	182
1601	176
1602	179
1603	171
1604	136
1605	144
1606	167
1607	188
1608	148
1609	168
1610	168
1611	146
1612	152
1613	167
1614	163
1615	156
1616	173
1617	162
1618	171
1619	145
1620	142
1621	168
1622	155
1623	161
1624	163
1625	158
1626	155
1627	162
1628	150
1629	163
1630	155
1631	164
1632	154
1633	159
1634	155
1635	164
1636	168
1637	176
1638	149
1639	144
1640	134
1641	145
1642	139
1643	155
1644	175
1645	157
1646	161
1647	172
1648	162
1649	151
1650	149
1651	165
1652	168
1653	165
1654	150
1655	149
1656	154
1657	157
1658	153
1659	150
1660	156
1661	159
1662	148
1663	152
1664	160
1665	159
1666	125
1667	139
1668	143
1669	155
1670	170
1671	171
1672	156
1673	131
1674	166
1675	177
1676	163
1677	156
1678	140
1679	163
1680	169
1681	154
1682	140
1683	169
1684	168
1685	164
1686	143
1687	132
1688	182
1689	163
1690	160
1691	120
1692	146
1693	153
1694	170
1695	150
1696	174
1697	172
1698	169
1699	159
1700	158
1701	138
1702	133
1703	129
1704	162
1705	152
1706	163
1707	153
1708	149
1709	161
1710	163
1711	156
1712	142
1713	159
1714	159
1715	182
1716	159
1717	170
1718	163
1719	171
1720	144
1721	135
1722	165
1723	152
1724	125
1725	165
1726	140
1727	159
1728	154
1729	161
1730	147
1731	141
1732	156
1733	173
1734	119
1735	155
1736	155
1737	150
1738	151
1739	171
1740	150
1741	142
1742	150
1743	164
1744	147
1745	132
1746	135
1747	117
1748	139
1749	129
1750	142
1751	148
1752	146
1753	163
1754	153
1755	159
1756	146
1757	155
1758	151
1759	156
1760	159
1761	136
1762	136
1763	143
1764	152
1765	139
1766	137
1767	153
1768	162
1769	136
1770	152
1771	137
1772	145
1773	147
1774	142
1775	153
1776	122
1777	153
1778	142
1779	141
1780	142
1781	185
1782	148
1783	150
1784	141
1785	152
1786	139
1787	156
1788	133
1789	150
1790	141
1791	167
1792	133
1793	171
1794	143
1795	145
1796	140
1797	132
1798	141
1799	154
1800	135
1801	142
1802	146
1803	153
1804	154
1805	161
1806	149
1807	149
1808	145
1809	153
1810	153
1811	169
1812	143
1813	151
1814	132
1815	171
1816	167
1817	156
1818	162
1819	138
1820	153
1821	168
1822	177
1823	154
1824	171
1825	185
1826	157
1827	199
1828	143
1829	152
1830	170
1831	169
1832	161
1833	165
1834	158
1835	162
1836	152
1837	161
1838	161
1839	177
1840	167
1841	156
1842	144
1843	190
1844	163
1845	172
1846	181
1847	159
1848	194
1849	179
1850	177
1851	186
1852	201
1853	233
1854	183
1855	186
1856	206
1857	192
1858	194
1859	171
1860	219
1861	213
1862	202
1863	193
1864	201
1865	212
1866	204
1867	243
1868	224
1869	228
1870	205
1871	215
1872	207
1873	214
1874	224
1875	233
1876	211
1877	235
1878	253
1879	243
1880	259
1881	232
1882	249
1883	257
1884	252
1885	258
1886	229
1887	267
1888	252
1889	210
1890	273
1891	285
1892	288
1893	250
1894	253
1895	261
1896	294
1897	283
1898	351
1899	290
1900	308
1901	295
1902	294
1903	307
1904	336
1905	311
1906	309
1907	314
1908	298
1909	306
1910	367
1911	299
1912	331
1913	320
1914	325
1915	330
1916	331
1917	363
1918	361
1919	390
1920	346
1921	342
1922	324
1923	339
1924	350
1925	348
1926	388
1927	364
1928	368
1929	372
1930	377
1931	367
1932	363
1933	363
1934	393
1935	384
1936	405
1937	410
1938	412
1939	449
1940	411
1941	413
1942	403
1943	373
1944	386
1945	406
1946	410
1947	415
1948	437
1949	425
1950	425
1951	421
1952	453
1953	406
1954	443
1955	433
1956	439
1957	464
1958	432
1959	476
1960	443
1961	417
1962	458
1963	456
1964	486
1965	498
1966	507
1967	465
1968	545
1969	460
1970	437
1971	481
1972	462
1973	443
1974	493
1975	560
1976	511
1977	447
1978	467
1979	476
1980	510
1981	501
1982	506
1983	496
1984	541
1985	518
1986	463
1987	503
1988	561
1989	466
1990	486
1991	524
1992	511
1993	521
1994	499
1995	497
1996	485
1997	473
1998	524
1999	483
2000	526
2001	516
2002	570
2003	512
2004	511
2005	511
2006	520
2007	546
2008	529
2009	505
2010	520
2011	494
2012	464
2013	507
2014	530
2015	516
2016	496
2017	507
2018	546
2019	512
2020	496
2021	495
2022	518
2023	526
2024	464
2025	475
2026	484
2027	473
2028	495
2029	503
2030	493
2031	486
2032	450
2033	496
2034	453
2035	471
2036	458
2037	485
2038	482
2039	475
2040	445
2041	471
2042	474
2043	482
2044	459
2045	456
2046	415
2047	423
2048	432
2049	438
2050	419
2051	440
2052	447
2053	443
2054	424
2055	433
2056	398
2057	429
2058	390
2059	441
2060	407
2061	384
2062	393
2063	411
2064	411
2065	407
2066	388
2067	400
2068	394
2069	391
2070	346
2071	365
2072	323
2073	386
2074	378
2075	349
2076	355
2077	384
2078	343
2079	383
2080	353
2081	310
2082	353
2083	336
2084	340
2085	332
2086	330
2087	335
2088	312
2089	334
2090	268
2091	321
2092	301
2093	314
2094	311
2095	291
2096	291
2097	305
2098	315
2099	303
2100	269
2101	269
2102	277
2103	290
2104	253
2105	270
2106	263
2107	263
2108	270
2109	267
2110	246
2111	260
2112	255
2113	258
2114	252
2115	249
2116	249
2117	209
2118	218
2119	219
2120	235
2121	220
2122	225
2123	209
2124	194
2125	195
2126	194
2127	190
2128	194
2129	188
2130	169
2131	240
2132	192
2133	202
2134	182
2135	191
2136	202
2137	197
2138	168
2139	196
2140	177
2141	204
2142	169
2143	164
2144	178
2145	165
2146	155
2147	183
2148	142
2149	150
2150	157
2151	168
2152	134
2153	146
2154	152
2155	156
2156	136
2157	148
2158	142
2159	150
2160	111
2161	122
2162	150
2163	128
2164	134
2165	120
2166	133
2167	138
2168	123
2169	116
2170	146
2171	133
2172	138
2173	116
2174	127
2175	134
2176	123
2177	107
2178	118
2179	116
2180	117
2181	102
2182	116
2183	118
2184	116
2185	112
2186	110
2187	127
2188	117
2189	113
2190	102
2191	129
2192	107
2193	120
2194	119
2195	105
2196	100
2197	105
2198	99
2199	116
2200	113
2201	113
2202	86
2203	90
2204	89
2205	96
2206	86
2207	112
2208	102
2209	111
2210	91
2211	92
2212	105
2213	103
2214	89
2215	100
2216	105
2217	94
2218	94
2219	96
2220	92
2221	102
2222	80
2223	97
2224	84
2225	92
2226	106
2227	90
2228	91
2229	105
2230	88
2231	115
2232	88
2233	91
2234	98
2235	98
2236	93
2237	89
2238	82
2239	95
2240	101
2241	106
2242	90
2243	98
2244	88
2245	90
2246	82
2247	100
2248	91
2249	89
2250	91
2251	97
2252	88
2253	82
2254	90
2255	82
2256	94
2257	87
2258	98
2259	77
2260	86
2261	90
2262	96
2263	112
2264	91
2265	88
2266	92
2267	93
2268	88
2269	101
2270	99
2271	88
2272	74
2273	102
2274	88
2275	93
2276	75
2277	87
2278	94
2279	85
2280	89
2281	87
2282	84
2283	105
2284	102
2285	93
2286	93
2287	95
2288	102
2289	95
2290	90
2291	85
2292	93
2293	101
2294	102
2295	83
2296	100
2297	118
2298	109
2299	117
2300	85
2301	107
2302	115
2303	97
2304	105
2305	77
2306	91
2307	84
2308	74
2309	106
2310	88
2311	96
2312	102
2313	92
2314	85
2315	89
2316	93
2317	101
2318	96
2319	88
2320	105
2321	94
2322	89
2323	93
2324	98
2325	116
2326	119
2327	96
2328	89
2329	99
2330	118
2331	101
2332	102
2333	109
2334	102
2335	112
2336	102
2337	98
2338	95
2339	107
2340	92
2341	111
2342	119
2343	95
2344	85
2345	95
2346	99
2347	96
2348	95
2349	98
2350	86
2351	97
2352	118
2353	90
2354	87
2355	93
2356	92
2357	107
2358	98
2359	122
2360	101
2361	102
2362	99
2363	98
2364	113
2365	88
2366	102
2367	83
2368	109
2369	105
2370	99
2371	101
2372	89
2373	110
2374	108
2375	99
2376	111
2377	92
2378	104
2379	97
2380	108
2381	99
2382	94
2383	88
2384	92
2385	115
2386	112
2387	113
2388	97
2389	115
2390	98
2391	94
2392	116
2393	107
2394	97
2395	115
2396	101
2397	106
2398	102
2399	84
2400	113
2401	109
2402	96
2403	102
2404	98
2405	99
2406	105
2407	119
2408	90
2409	102
2410	84
2411	102
2412	84
2413	95
2414	100
2415	95
2416	96
2417	89
2418	105
2419	90
2420	111
2421	98
2422	103
2423	107
2424	93
2425	110
2426	90
2427	106
2428	96
2429	97
2430	91
2431	109
2432	97
2433	113
2434	105
2435	102
2436	85
2437	82
2438	91
2439	98
2440	114
2441	92
2442	101
2443	97
2444	95
2445	102
2446	91
2447	87
2448	121
2449	107
2450	95
2451	106
2452	84
2453	112
2454	102
2455	90
2456	100
2457	102
2458	92
2459	96
2460	97
2461	94
2462	103
2463	94
2464	114
2465	105
2466	96
2467	111
2468	84
2469	80
2470	87
2471	93
2472	99
2473	97
2474	93
2475	75
2476	108
2477	92
2478	93
2479	99
2480	92
2481	86
2482	97
2483	97
2484	104
2485	93
2486	100
2487	104
2488	88
2489	105
2490	103
2491	108
2492	101
2493	95
2494	93
2495	92
2496	89
2497	97
2498	79
2499	117
2500	94
2501	129
2502	96
2503	100
2504	98
2505	77
2506	95
2507	108
2508	91
2509	113
2510	109
2511	87
2512	104
2513	113
2514	99
2515	96
2516	88
2517	111
2518	96
2519	104
2520	96
2521	105
2522	107
2523	85
2524	102
2525	90
2526	88
2527	85
2528	97
2529	127
2530	91
2531	92
2532	100
2533	95
2534	108
2535	106
2536	97
2537	96
2538	117
2539	96
2540	99
2541	103
2542	77
2543	105
2544	94
2545	113
2546	90
2547	85
2548	75
2549	92
2550	98
2551	85
2552	100
2553	83
2554	97
2555	104
2556	80
2557	86
2558	99
2559	91
2560	95
2561	90
2562	105
2563	89
2564	88
2565	96
2566	118
2567	73
2568	103
2569	95
2570	90
2571	79
2572	91
2573	106
2574	103
2575	84
2576	96
2577	83
2578	98
2579	106
2580	108
2581	97
2582	90
2583	103
2584	100
2585	75
2586	107
2587	72
2588	90
2589	90
2590	98
2591	101
2592	105
2593	90
2594	94
2595	100
2596	92
2597	82
2598	88
2599	84
2600	111
2601	89
2602	75
2603	88
2604	78
2605	90
2606	71
2607	84
2608	100
2609	109
2610	96
2611	90
2612	85
2613	80
2614	100
2615	85
2616	77
2617	92
2618	82
2619	76
2620	92
2621	121
2622	80
2623	92
2624	92
2625	77
2626	95
2627	71
2628	94
2629	88
2630	85
2631	94
2632	89
2633	86
2634	82
2635	101
2636	77
2637	84
2638	72
2639	102
2640	88
2641	86
2642	106
2643	80
2644	98
2645	85
2646	86
2647	81
2648	70
2649	80
2650	92
2651	60
2652	67
2653	77
2654	90
2655	77
2656	71
2657	68
2658	77
2659	69
2660	89
2661	81
2662	90
2663	70
2664	61
2665	76
2666	90
2667	73
2668	81
2669	88
2670	86
2671	78
2672	78
2673	77
2674	73
2675	92
2676	73
2677	86
2678	70
2679	67
2680	68
2681	65
2682	77
2683	58
2684	79
2685	72
2686	73
2687	67
2688	78
2689	69
2690	77
2691	75
2692	66
2693	65
2694	84
2695	69
2696	72
2697	72
2698	64
2699	70
2700	73
2701	71
2702	66
2703	62
2704	75
2705	76
2706	68
2707	68
2708	61
2709	71
2710	55
2711	73
2712	65
2713	70
2714	61
2715	59
2716	66
2717	44
2718	74
2719	54
2720	71
2721	61
2722	55
2723	71
2724	68
2725	67
2726	69
2727	62
2728	64
2729	52
2730	52
2731	62
2732	61
2733	65
2734	65
2735	64
2736	66
2737	54
2738	58
2739	63
2740	72
2741	71
2742	67
2743	58
2744	64
2745	70
2746	62
2747	47
2748	67
2749	46
2750	59
2751	59
2752	56
2753	55
2754	57
2755	59
2756	54
2757	63
2758	66
2759	65
2760	69
2761	54
2762	58
2763	58
2764	61
2765	83
2766	55
2767	61
2768	53
2769	65
2770	55
2771	58
2772	61
2773	60
2774	56
2775	55
2776	58
2777	52
2778	67
2779	60
2780	57
2781	62
2782	58
2783	58
2784	61
2785	50
2786	68
2787	56
2788	61
2789	52
2790	56
2791	68
2792	67
2793	58
2794	63
2795	59
2796	57
2797	60
2798	56
2799	59
2800	66
2801	62
2802	63
2803	69
2804	58
2805	68
2806	66
2807	62
2808	59
2809	60
2810	54
2811	57
2812	50
2813	70
2814	49
2815	67
2816	72
2817	64
2818	64
2819	51
2820	56
2821	49
2822	64
2823	54
2824	75
2825	55
2826	53
2827	57
2828	69
2829	61
2830	60
2831	61
2832	68
2833	61
2834	61
2835	66
2836	65
2837	64
2838	68
2839	61
2840	59
2841	65
2842	64
2843	53
2844	54
2845	65
2846	51
2847	59
2848	64
2849	54
2850	58
2851	54
2852	52
2853	58
2854	60
2855	50
2856	51
2857	51
2858	57
2859	55
2860	72
2861	62
2862	66
2863	68
2864	54
2865	54
2866	53
2867	58
2868	52
2869	46
2870	61
2871	46
2872	62
2873	57
2874	53
2875	57
2876	68
2877	58
2878	53
2879	52
2880	53
2881	49
2882	71
2883	56
2884	57
2885	58
2886	58
2887	45
2888	60
2889	62
2890	58
2891	57
2892	41
2893	58
2894	51
2895	64
2896	40
2897	50
2898	60
2899	50
2900	51
2901	48
2902	59
2903	53
2904	58
2905	43
2906	52
2907	66
2908	51
2909	55
2910	49
2911	61
2912	53
2913	51
2914	48
2915	59
2916	54
2917	55
2918	60
2919	58
2920	61
2921	56
2922	53
2923	48
2924	56
2925	66
2926	50
2927	60
2928	44
2929	63
2930	50
2931	47
2932	72
2933	61
2934	48
2935	61
2936	51
2937	63
2938	55
2939	66
2940	51
2941	54
2942	52
2943	52
2944	53
2945	60
2946	45
2947	41
2948	62
2949	57
2950	57
2951	52
2952	52
2953	42
2954	60
2955	52
2956	46
2957	48
2958	59
2959	63
2960	59
2961	51
2962	50
2963	64
2964	66
2965	62
2966	47
2967	43
2968	47
2969	50
2970	54
2971	55
2972	43
2973	56
2974	52
2975	48
2976	56
2977	55
2978	54
2979	44
2980	38
2981	51
2982	59
2983	41
2984	54
2985	63
2986	57
2987	58
2988	53
2989	48
2990	54
2991	56
2992	60
2993	58
2994	55
2995	55
2996	58
2997	43
2998	63
2999	55
3000	43
3001	49
3002	55
3003	61
3004	57
3005	66
3006	53
3007	48
3008	51
3009	46
3010	38
3011	51
3012	52
3013	46
3014	51
3015	48
3016	59
3017	45
3018	50
3019	61
3020	52
3021	51
3022	50
3023	40
3024	34
3025	53
3026	41
3027	57
3028	54
3029	47
3030	36
3031	34
3032	49
3033	47
3034	60
3035	45
3036	48
3037	42
3038	42
3039	55
3040	56
3041	51
3042	43
3043	53
3044	54
3045	62
3046	50
3047	45
3048	52
3049	50
3050	50
3051	55
3052	39
3053	61
3054	48
3055	46
3056	51
3057	54
3058	52
3059	51
3060	48
3061	53
3062	51
3063	47
3064	44
3065	35
3066	47
3067	39
3068	48
3069	39
3070	57
3071	36
3072	32
3073	48
3074	44
3075	39
3076	47
3077	45
3078	30
3079	44
3080	43
3081	54
3082	47
3083	38
3084	43
3085	47
3086	45
3087	46
3088	43
3089	50
3090	38
3091	36
3092	52
3093	50
3094	55
3095	48
3096	54
3097	54
3098	48
3099	49
3100	49
3101	50
3102	51
3103	51
3104	48
3105	52
3106	67
3107	56
3108	51
3109	38
3110	50
3111	45
3112	48
3113	49
3114	41
3115	45
3116	48
3117	49
3118	50
3119	52
3120	53
3121	58
3122	45
3123	43
3124	50
3125	33
3126	50
3127	37
3128	71
3129	42
3130	42
3131	56
3132	30
3133	46
3134	52
3135	37
3136	51
3137	50
3138	55
3139	36
3140	52
3141	44
3142	48
3143	45
3144	42
3145	55
3146	45
3147	48
3148	49
3149	44
3150	53
3151	52
3152	56
3153	30
3154	53
3155	45
3156	53
3157	48
3158	49
3159	46
3160	51
3161	48
3162	41
3163	44
3164	36
3165	50
3166	41
3167	33
3168	40
3169	43
3170	44
3171	42
3172	53
3173	50
3174	47
3175	50
3176	41
3177	59
3178	44
3179	58
3180	36
3181	64
3182	45
3183	54
3184	55
3185	47
3186	40
3187	51
3188	43
3189	51
3190	49
3191	48
3192	51
3193	53
3194	56
3195	69
3196	48
3197	42
3198	62
3199	43
3200	45
3201	53
3202	47
3203	46
3204	48
3205	41
3206	57
3207	54
3208	45
3209	55
3210	42
3211	53
3212	54
3213	45
3214	48
3215	43
3216	54
3217	43
3218	45
3219	49
3220	42
3221	40
3222	51
3223	54
3224	47
3225	51
3226	38
3227	55
3228	49
3229	47
3230	57
3231	33
3232	48
3233	52
3234	59
3235	37
3236	41
3237	48
3238	48
3239	51
3240	63
3241	51
3242	42
3243	33
3244	49
3245	41
3246	58
3247	41
3248	44
3249	41
3250	43
3251	50
3252	50
3253	58
3254	60
3255	52
3256	45
3257	49
3258	43
3259	58
3260	42
3261	67
3262	51
3263	50
3264	37
3265	50
3266	49
3267	51
3268	48
3269	53
3270	52
3271	47
3272	39
3273	45
3274	41
3275	51
3276	46
3277	55
3278	46
3279	50
3280	57
3281	43
3282	53
3283	58
3284	48
3285	63
3286	57
3287	47
3288	55
3289	42
3290	53
3291	46
3292	48
3293	43
3294	56
3295	50
3296	43
3297	41
3298	51
3299	55
3300	46
3301	52
3302	55
3303	40
3304	47
3305	51
3306	50
3307	35
3308	51
3309	46
3310	44
3311	55
3312	40
3313	48
3314	43
3315	52
3316	46
3317	50
3318	37
3319	56
3320	52
3321	49
3322	53
3323	42
3324	36
3325	52
3326	52
3327	51
3328	48
3329	42
3330	44
3331	57
3332	55
3333	43
3334	60
3335	45
3336	54
3337	64
3338	48
3339	60
3340	61
3341	57
3342	53
3343	55
3344	59
3345	62
3346	41
3347	56
3348	49
3349	48
3350	47
3351	52
3352	44
3353	45
3354	59
3355	54
3356	50
3357	47
3358	58
3359	44
3360	49
3361	39
3362	67
3363	48
3364	62
3365	49
3366	38
3367	49
3368	44
3369	51
3370	45
3371	45
3372	56
3373	49
3374	47
3375	46
3376	52
3377	47
3378	50
3379	42
3380	39
3381	45
3382	39
3383	43
3384	49
3385	40
3386	64
3387	52
3388	49
3389	56
3390	47
3391	55
3392	48
3393	39
3394	34
3395	47
3396	52
3397	53
3398	57
3399	53
3400	51
3401	45
3402	55
3403	51
3404	45
3405	35
3406	57
3407	46
3408	47
3409	45
3410	49
3411	55
3412	51
3413	41
3414	47
3415	64
3416	44
3417	48
3418	40
3419	46
3420	47
3421	55
3422	46
3423	44
3424	42
3425	44
3426	39
3427	34
3428	62
3429	46
3430	41
3431	35
3432	44
3433	50
3434	52
3435	44
3436	52
3437	40
3438	42
3439	45
3440	32
3441	52
3442	46
3443	49
3444	49
3445	56
3446	45
3447	48
3448	47
3449	43
3450	33
3451	50
3452	39
3453	42
3454	41
3455	44
3456	46
3457	47
3458	38
3459	49
3460	43
3461	36
3462	40
3463	49
3464	52
3465	39
3466	49
3467	43
3468	56
3469	50
3470	48
3471	34
3472	53
3473	45
3474	44
3475	39
3476	42
3477	51
3478	57
3479	47
3480	45
3481	30
3482	54
3483	42
3484	50
3485	43
3486	37
3487	42
3488	47
3489	36
3490	42
3491	45
3492	44
3493	49
3494	45
3495	46
3496	42
3497	37
3498	35
3499	37
3500	54
3501	46
3502	62
3503	49
3504	39
3505	40
3506	46
3507	42
3508	37
3509	36
3510	41
3511	33
3512	50
3513	38
3514	38
3515	56
3516	33
3517	47
3518	49
3519	38
3520	50
3521	43
3522	40
3523	47
3524	37
3525	46
3526	48
3527	59
3528	44
3529	48
3530	39
3531	32
3532	41
3533	39
3534	36
3535	53
3536	44
3537	48
3538	52
3539	41
3540	44
3541	40
3542	48
3543	53
3544	31
3545	55
3546	40
3547	42
3548	31
3549	39
3550	46
3551	31
3552	44
3553	39
3554	38
3555	50
3556	42
3557	48
3558	41
3559	39
3560	43
3561	44
3562	50
3563	35
3564	34
3565	48
3566	50
3567	39
3568	36
3569	34
3570	39
3571	50
3572	34
3573	32
3574	48
3575	39
3576	33
3577	40
3578	30
3579	49
3580	30
3581	49
3582	35
3583	51
3584	48
3585	39
3586	51
3587	40
3588	37
3589	40
3590	48
3591	37
3592	41
3593	34
3594	41
3595	37
3596	48
3597	46
3598	50
3599	36
3600	39
3601	32
3602	43
3603	47
3604	37
3605	35
3606	48
3607	39
3608	31
3609	37
3610	29
3611	41
3612	45
3613	38
3614	47
3615	37
3616	37
3617	56
3618	36
3619	39
3620	41
3621	41
3622	41
3623	38
3624	59
3625	29
3626	44
3627	44
3628	35
3629	42
3630	40
3631	47
3632	36
3633	45
3634	39
3635	46
3636	45
3637	66
3638	37
3639	38
3640	46
3641	41
3642	45
3643	39
3644	46
3645	40
3646	47
3647	41
3648	33
3649	50
3650	39
3651	35
3652	29
3653	39
3654	41
3655	46
3656	37
3657	37
3658	36
3659	37
3660	35
3661	51
3662	42
3663	48
3664	34
3665	34
3666	41
3667	34
3668	51
3669	46
3670	43
3671	48
3672	43
3673	33
3674	30
3675	46
3676	34
3677	33
3678	41
3679	35
3680	41
3681	40
3682	42
3683	44
3684	52
3685	40
3686	34
3687	50
3688	45
3689	39
3690	31
3691	48
3692	30
3693	37
3694	44
3695	36
3696	37
3697	47
3698	42
3699	46
3700	36
3701	41
3702	40
3703	39
3704	39
3705	34
3706	38
3707	35
3708	39
3709	47
3710	40
3711	51
3712	43
3713	36
3714	41
3715	36
3716	39
3717	42
3718	45
3719	37
3720	47
3721	44
3722	40
3723	32
3724	40
3725	38
3726	40
3727	35
3728	34
3729	37
3730	57
3731	50
3732	42
3733	42
3734	41
3735	29
3736	37
3737	37
3738	36
3739	41
3740	36
3741	40
3742	29
3743	33
3744	37
3745	43
3746	33
3747	34
3748	36
3749	39
3750	36
3751	45
3752	39
3753	49
3754	49
3755	52
3756	37
3757	47
3758	45
3759	39
3760	28
3761	28
3762	48
3763	30
3764	39
3765	41
3766	32
3767	46
3768	51
3769	36
3770	43
3771	40
3772	44
3773	44
3774	49
3775	39
3776	42
3777	25
3778	46
3779	33
3780	52
3781	31
3782	43
3783	44
3784	46
3785	44
3786	41
3787	39
3788	34
3789	37
3790	46
3791	45
3792	39
3793	44
3794	36
3795	41
3796	32
3797	37
3798	48
3799	34
3800	38
3801	49
3802	36
3803	51
3804	43
3805	52
3806	41
3807	47
3808	36
3809	47
3810	40
3811	37
3812	34
3813	38
3814	45
3815	51
3816	35
3817	47
3818	46
3819	44
3820	46
3821	56
3822	45
3823	44
3824	48
3825	47
3826	46
3827	40
3828	49
3829	26
3830	41
3831	42
3832	46
3833	43
3834	40
3835	51
3836	41
3837	46
3838	48
3839	42
3840	39
3841	38
3842	50
3843	35
3844	39
3845	52
3846	44
3847	50
3848	37
3849	35
3850	46
3851	45
3852	46
3853	40
3854	43
3855	37
3856	47
3857	50
3858	45
3859	35
3860	40
3861	45
3862	57
3863	51
3864	37
3865	45
3866	42
3867	51
3868	43
3869	43
3870	39
3871	42
3872	47
3873	49
3874	52
3875	43
3876	38
3877	39
3878	29
3879	40
3880	42
3881	50
3882	37
3883	40
3884	47
3885	46
3886	56
3887	42
3888	38
3889	34
3890	56
3891	47
3892	53
3893	51
3894	37
3895	42
3896	52
3897	41
3898	50
3899	43
3900	38
3901	40
3902	48
3903	25
3904	42
3905	43
3906	42
3907	49
3908	37
3909	52
3910	50
3911	46
3912	45
3913	47
3914	57
3915	42
3916	48
3917	50
3918	46
3919	45
3920	40
3921	44
3922	40
3923	56
3924	36
3925	44
3926	48
3927	56
3928	43
3929	39
3930	46
3931	38
3932	59
3933	47
3934	43
3935	40
3936	47
3937	51
3938	61
3939	42
3940	52
3941	54
3942	35
3943	34
3944	54
3945	44
3946	40
3947	39
3948	59
3949	53
3950	43
3951	42
3952	49
3953	50
3954	48
3955	47
3956	54
3957	43
3958	57
3959	49
3960	37
3961	50
3962	41
3963	28
3964	53
3965	42
3966	39
3967	51
3968	32
3969	36
3970	40
3971	47
3972	52
3973	42
3974	50
3975	42
3976	47
3977	46
3978	58
3979	51
3980	43
3981	57
3982	44
3983	49
3984	56
3985	51
3986	44
3987	56
3988	44
3989	45
3990	38
3991	34
3992	52
3993	56
3994	43
3995	48
3996	52
3997	39
3998	42
3999	39
4000	48
4001	38
4002	51
4003	43
4004	51
4005	32
4006	48
4007	50
4008	41
4009	42
4010	34
4011	43
4012	41
4013	47
4014	41
4015	42
4016	49
4017	44
4018	48
4019	48
4020	40
4021	43
4022	52
4023	37
4024	50
4025	36
4026	50
4027	44
4028	52
4029	48
4030	43
4031	58
4032	53
4033	54
4034	40
4035	62
4036	36
4037	42
4038	50
4039	38
4040	43
4041	41
4042	47
4043	35
4044	40
4045	40
4046	50
4047	35
4048	34
4049	43
4050	42
4051	32
4052	44
4053	41
4054	52
4055	41
4056	35
4057	38
4058	42
4059	48
4060	50
4061	49
4062	47
4063	49
4064	54
4065	43
4066	46
4067	58
4068	38
4069	44
4070	41
4071	51
4072	52
4073	53
4074	23
4075	45
4076	46
4077	57
4078	43
4079	49
4080	54
4081	35
4082	36
4083	42
4084	47
4085	50
4086	38
4087	36
4088	51
4089	47
4090	57
4091	36
4092	43
4093	53
4094	45
4095	49
4096	33
4097	41
4098	43
4099	44
4100	45
4101	63
4102	35
4103	49
4104	56
4105	53
4106	39
4107	41
4108	39
4109	38
4110	39
4111	50
4112	39
4113	41
4114	44
4115	58
4116	36
4117	49
4118	45
4119	43
4120	44
4121	34
4122	47
4123	36
4124	49
4125	47
4126	39
4127	39
4128	34
4129	40
4130	33
4131	42
4132	33
4133	40
4134	29
4135	52
4136	29
4137	47
4138	42
4139	42
4140	41
4141	41
4142	41
4143	41
4144	39
4145	42
4146	34
4147	42
4148	43
4149	51
4150	44
4151	46
4152	48
4153	43
4154	49
4155	43
4156	47
4157	46
4158	44
4159	35
4160	31
4161	46
4162	48
4163	42
4164	47
4165	43
4166	40
4167	36
4168	37
4169	46
4170	48
4171	36
4172	44
4173	48
4174	51
4175	41
4176	48
4177	31
4178	42
4179	33
4180	39
4181	35
4182	34
4183	51
4184	42
4185	40
4186	32
4187	52
4188	37
4189	38
4190	36
4191	58
4192	34
4193	32
4194	43
4195	50
4196	34
4197	35
4198	48
4199	39
4200	45
4201	31
4202	35
4203	41
4204	30
4205	36
4206	49
4207	37
4208	40
4209	42
4210	46
4211	38
4212	33
4213	61
4214	51
4215	30
4216	40
4217	43
4218	51
4219	34
4220	40
4221	48
4222	41
4223	45
4224	39
4225	38
4226	51
4227	38
4228	42
4229	35
4230	56
4231	52
4232	49
4233	38
4234	53
4235	44
4236	54
4237	52
4238	39
4239	43
4240	42
4241	50
4242	34
4243	39
4244	44
4245	56
4246	48
4247	38
4248	38
4249	47
4250	41
4251	44
4252	57
4253	46
4254	46
4255	42
4256	52
4257	48
4258	40
4259	46
4260	44
4261	37
4262	41
4263	60
4264	36
4265	45
4266	49
4267	42
4268	48
4269	42
4270	37
4271	45
4272	35
4273	43
4274	52
4275	33
4276	45
4277	46
4278	49
4279	42
4280	50
4281	44
4282	49
4283	42
4284	45
4285	37
4286	41
4287	45
4288	50
4289	43
4290	56
4291	38
4292	44
4293	55
4294	35
4295	54
4296	56
4297	43
4298	55
4299	53
4300	39
4301	37
4302	44
4303	48
4304	46
4305	55
4306	54
4307	42
4308	44
4309	38
4310	51
4311	44
4312	54
4313	48
4314	33
4315	43
4316	45
4317	54
4318	51
4319	63
4320	52
4321	54
4322	54
4323	44
4324	61
4325	51
4326	47
4327	39
4328	50
4329	50
4330	45
4331	51
4332	47
4333	48
4334	57
4335	49
4336	55
4337	38
4338	39
4339	60
4340	58
4341	63
4342	57
4343	49
4344	67
4345	62
4346	58
4347	52
4348	47
4349	66
4350	61
4351	55
4352	63
4353	67
4354	49
4355	52
4356	60
4357	47
4358	60
4359	57
4360	56
4361	71
4362	55
4363	37
4364	56
4365	53
4366	58
4367	66
4368	46
4369	62
4370	53
4371	66
4372	62
4373	63
4374	55
4375	53
4376	42
4377	55
4378	69
4379	46
4380	70
4381	56
4382	56
4383	67
4384	52
4385	60
4386	78
4387	59
4388	51
4389	54
4390	74
4391	63
4392	67
4393	63
4394	61
4395	59
4396	57
4397	54
4398	75
4399	62
4400	57
4401	80
4402	82
4403	49
4404	76
4405	78
4406	54
4407	73
4408	56
4409	52
4410	70
4411	59
4412	64
4413	66
4414	59
4415	61
4416	50
4417	67
4418	57
4419	71
4420	75
4421	62
4422	67
4423	62
4424	78
4425	66
4426	64
4427	70
4428	75
4429	86
4430	69
4431	79
4432	62
4433	74
4434	75
4435	67
4436	72
4437	63
4438	67
4439	57
4440	91
4441	66
4442	67
4443	62
4444	84
4445	79
4446	72
4447	78
4448	64
4449	72
4450	79
4451	66
4452	68
4453	78
4454	86
4455	76
4456	81
4457	73
4458	72
4459	67
4460	84
4461	68
4462	92
4463	76
4464	84
4465	72
4466	74
4467	67
4468	95
4469	72
4470	76
4471	75
4472	77
4473	81
4474	80
4475	75
4476	89
4477	82
4478	82
4479	68
4480	72
4481	88
4482	69
4483	65
4484	85
4485	76
4486	61
4487	88
4488	80
4489	82
4490	81
4491	78
4492	84
4493	104
4494	71
4495	57
4496	88
4497	84
4498	69
4499	72
4500	103
4501	83
4502	74
4503	84
4504	94
4505	81
4506	88
4507	89
4508	75
4509	81
4510	76
4511	79
4512	81
4513	73
4514	79
4515	69
4516	85
4517	79
4518	78
4519	79
4520	85
4521	76
4522	75
4523	80
4524	94
4525	72
4526	73
4527	66
4528	83
4529	79
4530	89
4531	61
4532	92
4533	81
4534	81
4535	78
4536	96
4537	79
4538	77
4539	80
4540	83
4541	82
4542	77
4543	75
4544	89
4545	82
4546	72
4547	78
4548	79
4549	98
4550	98
4551	86
4552	82
4553	78
4554	79
4555	79
4556	66
4557	87
4558	82
4559	89
4560	95
4561	70
4562	83
4563	70
4564	63
4565	83
4566	78
4567	75
4568	93
4569	76
4570	65
4571	79
4572	72
4573	91
4574	79
4575	66
4576	83
4577	72
4578	68
4579	73
4580	72
4581	78
4582	80
4583	84
4584	61
4585	69
4586	81
4587	67
4588	72
4589	78
4590	58
4591	68
4592	61
4593	78
4594	67
4595	79
4596	75
4597	71
4598	87
4599	71
4600	78
4601	51
4602	61
4603	70
4604	80
4605	63
4606	63
4607	74
4608	67
4609	78
4610	80
4611	70
4612	65
4613	73
4614	60
4615	69
4616	78
4617	71
4618	71
4619	63
4620	80
4621	51
4622	79
4623	59
4624	69
4625	75
4626	64
4627	74
4628	54
4629	73
4630	61
4631	63
4632	47
4633	64
4634	66
4635	60
4636	64
4637	66
4638	59
4639	58
4640	56
4641	68
4642	67
4643	60
4644	68
4645	56
4646	58
4647	62
4648	73
4649	62
4650	60
4651	62
4652	72
4653	60
4654	57
4655	65
4656	74
4657	55
4658	65
4659	63
4660	51
4661	61
4662	63
4663	56
4664	55
4665	65
4666	53
4667	64
4668	57
4669	50
4670	54
4671	57
4672	59
4673	60
4674	59
4675	56
4676	52
4677	53
4678	52
4679	54
4680	51
4681	44
4682	49
4683	44
4684	41
4685	61
4686	55
4687	49
4688	42
4689	41
4690	52
4691	53
4692	59
4693	47
4694	39
4695	45
4696	45
4697	47
4698	38
4699	41
4700	53
4701	38
4702	42
4703	45
4704	51
4705	46
4706	45
4707	59
4708	45
4709	55
4710	46
4711	40
4712	50
4713	37
4714	45
4715	50
4716	48
4717	39
4718	55
4719	35
4720	38
4721	38
4722	53
4723	31
4724	47
4725	32
4726	36
4727	39
4728	37
4729	51
4730	37
4731	26
4732	49
4733	38
4734	44
4735	31
4736	39
4737	45
4738	40
4739	43
4740	32
4741	50
4742	47
4743	40
4744	41
4745	36
4746	38
4747	41
4748	50
4749	44
4750	39
4751	47
4752	49
4753	41
4754	44
4755	46
4756	32
4757	39
4758	40
4759	35
4760	50
4761	38
4762	37
4763	20
4764	34
4765	44
4766	38
4767	26
4768	32
4769	51
4770	38
4771	41
4772	42
4773	40
4774	45
4775	30
4776	32
4777	39
4778	37
4779	30
4780	37
4781	42
4782	27
4783	51
4784	33
4785	32
4786	37
4787	26
4788	46
4789	35
4790	31
4791	34
4792	35
4793	36
4794	32
4795	33
4796	44
4797	32
4798	40
4799	40
4800	43
4801	33
4802	33
4803	27
4804	40
4805	40
4806	35
4807	36
4808	32
4809	36
4810	24
4811	38
4812	29
4813	29
4814	34
4815	43
4816	39
4817	32
4818	37
4819	40
4820	33
4821	43
4822	26
4823	31
4824	49
4825	34
4826	29
4827	40
4828	39
4829	31
4830	36
4831	36
4832	25
4833	32
4834	32
4835	45
4836	34
4837	39
4838	44
4839	33
4840	33
4841	34
4842	41
4843	48
4844	34
4845	30
4846	40
4847	39
4848	46
4849	38
4850	45
4851	38
4852	21
4853	38
4854	42
4855	33
4856	42
4857	42
4858	28
4859	43
4860	34
4861	39
4862	40
4863	42
4864	42
4865	38
4866	39
4867	48
4868	48
4869	45
4870	33
4871	35
4872	39
4873	32
4874	28
4875	40
4876	43
4877	20
4878	35
4879	40
4880	35
4881	32
4882	35
4883	38
4884	29
4885	36
4886	35
4887	44
4888	29
4889	33
4890	33
4891	38
4892	46
4893	40
4894	41
4895	30
4896	44
4897	29
4898	38
4899	28
4900	53
4901	37
4902	36
4903	33
4904	42
4905	30
4906	35
4907	41
4908	36
4909	45
4910	43
4911	31
4912	37
4913	31
4914	33
4915	35
4916	47
4917	38
4918	33
4919	42
4920	35
4921	40
4922	44
4923	31
4924	27
4925	31
4926	32
4927	46
4928	34
4929	34
4930	31
4931	27
4932	40
4933	34
4934	31
4935	37
4936	30
4937	42
4938	33
4939	43
4940	43
4941	37
4942	32
4943	32
4944	45
4945	39
4946	46
4947	30
4948	35
4949	42
4950	29
4951	42
4952	46
4953	47
4954	36
4955	41
4956	30
4957	49
4958	46
4959	37
4960	45
4961	43
4962	35
4963	35
4964	30
4965	47
4966	42
4967	43
4968	39
4969	46
4970	37
4971	37
4972	45
4973	35
4974	42
4975	33
4976	49
4977	42
4978	33
4979	30
4980	40
4981	35
4982	32
4983	41
4984	35
4985	42
4986	28
4987	46
4988	43
4989	42
4990	40
4991	29
4992	42
4993	31
4994	35
4995	41
4996	44
4997	35
4998	50
4999	34
5000	42
5001	36
5002	34
5003	39
5004	35
5005	28
5006	32
5007	42
5008	40
5009	35
5010	35
5011	47
5012	35
5013	35
5014	41
5015	40
5016	37
5017	40
5018	33
5019	45
5020	39
5021	41
5022	45
5023	27
5024	31
5025	31
5026	42
5027	44
5028	29
5029	48
5030	34
5031	30
5032	34
5033	33
5034	26
5035	40
5036	34
5037	38
5038	47
5039	31
5040	45
5041	43
5042	33
5043	30
5044	46
5045	30
5046	31
5047	40
5048	31
5049	44
5050	39
5051	31
5052	34
5053	37
5054	40
5055	42
5056	35
5057	33
5058	50
5059	32
5060	36
5061	36
5062	39
5063	32
5064	38
5065	26
5066	24
5067	23
5068	35
5069	44
5070	46
5071	27
5072	29
5073	42
5074	30
5075	38
5076	36
5077	37
5078	33
5079	44
5080	34
5081	34
5082	39
5083	26
5084	33
5085	34
5086	32
5087	32
5088	36
5089	42
5090	26
5091	32
5092	35
5093	34
5094	29
5095	36
5096	31
5097	38
5098	39
5099	38
5100	42
5101	31
5102	24
5103	33
5104	23
5105	29
5106	39
5107	27
5108	29
5109	37
5110	29
5111	35
5112	43
5113	26
5114	31
5115	36
5116	38
5117	43
5118	41
5119	45
5120	28
5121	30
5122	42
5123	35
5124	29
5125	17
5126	35
5127	28
5128	34
5129	40
5130	32
5131	27
5132	25
5133	40
5134	37
5135	19
5136	35
5137	25
5138	36
5139	43
5140	25
5141	29
5142	34
5143	37
5144	25
5145	25
5146	34
5147	33
5148	33
5149	30
5150	32
5151	32
5152	32
5153	17
5154	25
5155	27
5156	27
5157	16
5158	25
5159	35
5160	24
5161	28
5162	28
5163	34
5164	39
5165	23
5166	20
5167	39
5168	35
5169	31
5170	15
5171	32
5172	30
5173	33
5174	32
5175	24
5176	35
5177	32
5178	32
5179	32
5180	39
5181	33
5182	27
5183	29
5184	31
5185	32
5186	29
5187	24
5188	28
5189	24
5190	30
5191	28
5192	33
5193	25
5194	24
5195	43
5196	32
5197	26
5198	24
5199	26
5200	32
5201	33
5202	36
5203	31
5204	21
5205	20
5206	19
5207	35
5208	23
5209	29
5210	25
5211	31
5212	21
5213	33
5214	27
5215	33
5216	40
5217	35
5218	35
5219	28
5220	17
5221	23
5222	25
5223	26
5224	16
5225	30
5226	28
5227	26
5228	31
5229	28
5230	26
5231	23
5232	21
5233	28
5234	25
5235	30
5236	25
5237	27
5238	41
5239	28
5240	29
5241	21
5242	31
5243	19
5244	26
5245	28
5246	29
5247	33
5248	16
5249	31
5250	24
5251	38
5252	26
5253	25
5254	24
5255	34
5256	18
5257	24
5258	23
5259	40
5260	22
5261	32
5262	24
5263	24
5264	32
5265	21
5266	29
5267	29
5268	32
5269	25
5270	30
5271	31
5272	22
5273	19
5274	28
5275	32
5276	29
5277	19
5278	28
5279	27
5280	34
5281	33
5282	28
5283	26
5284	20
5285	24
5286	25
5287	29
5288	33
5289	27
5290	26
5291	32
5292	27
5293	29
5294	18
5295	34
5296	26
5297	28
5298	28
5299	33
5300	36
5301	34
5302	18
5303	32
5304	39
5305	27
5306	24
5307	35
5308	24
5309	32
5310	27
5311	29
5312	38
5313	23
5314	36
5315	32
5316	39
5317	37
5318	27
5319	32
5320	24
5321	34
5322	24
5323	35
5324	35
5325	29
5326	40
5327	35
5328	27
5329	24
5330	43
5331	28
5332	33
5333	38
5334	47
5335	31
5336	31
5337	30
5338	35
5339	36
5340	24
5341	33
5342	28
5343	28
5344	43
5345	39
5346	22
5347	40
5348	30
5349	47
5350	44
5351	34
5352	38
5353	27
5354	42
5355	24
5356	33
5357	32
5358	32
5359	29
5360	34
5361	31
5362	30
5363	27
5364	35
5365	39
5366	36
5367	34
5368	44
5369	34
5370	42
5371	37
5372	39
5373	44
5374	34
5375	39
5376	32
5377	31
5378	46
5379	27
5380	33
5381	43
5382	37
5383	47
5384	40
5385	38
5386	50
5387	41
5388	37
5389	44
5390	37
5391	32
5392	49
5393	45
5394	45
5395	43
5396	41
5397	47
5398	35
5399	51
5400	49
5401	49
5402	54
5403	47
5404	55
5405	46
5406	50
5407	35
5408	52
5409	49
5410	45
5411	51
5412	43
5413	46
5414	59
5415	64
5416	48
5417	42
5418	44
5419	58
5420	52
5421	58
5422	57
5423	43
5424	39
5425	47
5426	50
5427	61
5428	56
5429	54
5430	58
5431	55
5432	50
5433	51
5434	57
5435	41
5436	55
5437	55
5438	73
5439	42
5440	37
5441	53
5442	68
5443	62
5444	62
5445	53
5446	65
5447	58
5448	63
5449	58
5450	59
5451	63
5452	65
5453	54
5454	62
5455	77
5456	66
5457	72
5458	48
5459	64
5460	54
5461	70
5462	50
5463	72
5464	66
5465	56
5466	62
5467	57
5468	73
5469	54
5470	70
5471	65
5472	53
5473	65
5474	73
5475	55
5476	53
5477	62
5478	54
5479	58
5480	69
5481	67
5482	70
5483	65
5484	77
5485	72
5486	68
5487	68
5488	63
5489	67
5490	86
5491	58
5492	71
5493	69
5494	62
5495	58
5496	76
5497	61
5498	69
5499	55
5500	66
5501	83
5502	75
5503	66
5504	72
5505	67
5506	71
5507	65
5508	63
5509	61
5510	60
5511	62
5512	71
5513	67
5514	74
5515	74
5516	77
5517	72
5518	73
5519	73
5520	69
5521	63
5522	74
5523	60
5524	80
5525	68
5526	70
5527	73
5528	68
5529	63
5530	55
5531	68
5532	74
5533	67
5534	56
5535	76
5536	70
5537	60
5538	87
5539	65
5540	74
5541	68
5542	77
5543	80
5544	62
5545	82
5546	73
5547	74
5548	58
5549	64
5550	50
5551	71
5552	80
5553	67
5554	81
5555	80
5556	70
5557	66
5558	64
5559	64
5560	67
5561	78
5562	76
5563	81
5564	76
5565	74
5566	75
5567	71
5568	70
5569	64
5570	72
5571	72
5572	63
5573	74
5574	73
5575	59
5576	75
5577	77
5578	57
5579	46
5580	72
5581	71
5582	58
5583	73
5584	70
5585	69
5586	64
5587	71
5588	59
5589	67
5590	56
5591	58
5592	61
5593	70
5594	52
5595	58
5596	57
5597	67
5598	59
5599	63
5600	72
5601	75
5602	55
5603	46
5604	63
5605	64
5606	60
5607	65
5608	62
5609	67
5610	54
5611	62
5612	61
5613	58
5614	63
5615	58
5616	69
5617	68
5618	57
5619	78
5620	72
5621	53
5622	54
5623	52
5624	51
5625	72
5626	46
5627	57
5628	68
5629	51
5630	52
5631	48
5632	48
5633	46
5634	54
5635	63
5636	47
5637	67
5638	48
5639	45
5640	65
5641	47
5642	54
5643	45
5644	50
5645	48
5646	57
5647	58
5648	55
5649	58
5650	41
5651	64
5652	55
5653	50
5654	49
5655	51
5656	42
5657	50
5658	41
5659	40
5660	49
5661	43
5662	42
5663	60
5664	52
5665	54
5666	36
5667	38
5668	41
5669	49
5670	45
5671	43
5672	54
5673	33
5674	46
5675	37
5676	39
5677	44
5678	31
5679	48
5680	32
5681	34
5682	38
5683	44
5684	36
5685	51
5686	36
5687	41
5688	35
5689	34
5690	48
5691	52
5692	42
5693	44
5694	47
5695	49
5696	33
5697	35
5698	31
5699	42
5700	33
5701	38
5702	31
5703	35
5704	42
5705	43
5706	36
5707	26
5708	29
5709	51
5710	39
5711	30
5712	32
5713	36
5714	34
5715	43
5716	24
5717	43
5718	33
5719	32
5720	34
5721	28
5722	43
5723	26
5724	25
5725	39
5726	43
5727	36
5728	39
5729	35
5730	31
5731	27
5732	27
5733	31
5734	30
5735	32
5736	27
5737	27
5738	31
5739	29
5740	31
5741	33
5742	36
5743	28
5744	31
5745	29
5746	34
5747	32
5748	28
5749	26
5750	27
5751	30
5752	21
5753	27
5754	40
5755	43
5756	35
5757	24
5758	27
5759	28
5760	30
5761	27
5762	24
5763	35
5764	31
5765	33
5766	28
5767	43
5768	26
5769	25
5770	27
5771	32
5772	18
5773	36
5774	36
5775	29
5776	30
5777	28
5778	42
5779	34
5780	34
5781	28
5782	45
5783	22
5784	35
5785	33
5786	36
5787	33
5788	23
5789	25
5790	19
5791	24
5792	28
5793	31
5794	26
5795	31
5796	34
5797	28
5798	24
5799	33
5800	25
5801	22
5802	45
5803	23
5804	27
5805	25
5806	33
5807	23
5808	25
5809	21
5810	30
5811	36
5812	37
5813	34
5814	26
5815	26
5816	21
5817	23
5818	25
5819	30
5820	37
5821	22
5822	37
5823	34
5824	35
5825	34
5826	33
5827	31
5828	26
5829	27
5830	36
5831	33
5832	24
5833	25
5834	33
5835	38
5836	39
5837	26
5838	30
5839	32
5840	59
5841	30
5842	34
5843	39
5844	34
5845	36
5846	33
5847	41
5848	42
5849	45
5850	45
5851	46
5852	40
5853	44
5854	32
5855	40
5856	45
5857	36
5858	37
5859	42
5860	35
5861	34
5862	45
5863	32
5864	40
5865	36
5866	34
5867	50
5868	37
5869	37
5870	45
5871	34
5872	39
5873	57
5874	50
5875	55
5876	35
5877	42
5878	44
5879	37
5880	57
5881	42
5882	57
5883	57
5884	43
5885	46
5886	52
5887	41
5888	48
5889	58
5890	51
5891	40
5892	33
5893	42
5894	50
5895	45
5896	57
5897	60
5898	53
5899	47
5900	63
5901	64
5902	45
5903	41
5904	58
5905	55
5906	56
5907	66
5908	56
5909	55
5910	62
5911	53
5912	66
5913	59
5914	68
5915	60
5916	61
5917	59
5918	67
5919	55
5920	66
5921	51
5922	58
5923	69
5924	70
5925	70
5926	80
5927	60
5928	71
5929	86
5930	76
5931	82
5932	94
5933	75
5934	63
5935	66
5936	69
5937	85
5938	58
5939	86
5940	82
5941	77
5942	85
5943	83
5944	85
5945	81
5946	62
5947	86
5948	96
5949	85
5950	72
5951	94
5952	71
5953	74
5954	95
5955	93
5956	87
5957	74
5958	94
5959	86
5960	91
5961	86
5962	91
5963	94
5964	99
5965	105
5966	113
5967	93
5968	84
5969	85
5970	88
5971	107
5972	105
5973	103
5974	108
5975	114
5976	115
5977	117
5978	109
5979	93
5980	112
5981	106
5982	129
5983	104
5984	98
5985	115
5986	104
5987	119
5988	106
5989	97
5990	106
5991	116
5992	117
5993	110
5994	124
5995	95
5996	101
5997	117
5998	129
5999	111
6000	113
6001	97
6002	136
6003	112
6004	116
6005	137
6006	126
6007	121
6008	121
6009	119
6010	111
6011	104
6012	120
6013	129
6014	101
6015	110
6016	123
6017	121
6018	136
6019	120
6020	127
6021	133
6022	95
6023	135
6024	127
6025	119
6026	120
6027	119
6028	121
6029	121
6030	129
6031	119
6032	142
6033	126
6034	133
6035	123
6036	128
6037	143
6038	123
6039	146
6040	148
6041	123
6042	128
6043	150
6044	119
6045	109
6046	137
6047	123
6048	110
6049	128
6050	140
6051	131
6052	125
6053	156
6054	134
6055	132
6056	112
6057	126
6058	103
6059	127
6060	109
6061	130
6062	110
6063	134
6064	123
6065	120
6066	111
6067	107
6068	101
6069	114
6070	120
6071	120
6072	122
6073	103
6074	113
6075	108
6076	111
6077	107
6078	107
6079	117
6080	121
6081	115
6082	98
6083	111
6084	116
6085	102
6086	120
6087	119
6088	112
6089	101
6090	129
6091	99
6092	112
6093	92
6094	104
6095	114
6096	101
6097	108
6098	85
6099	102
6100	108
6101	93
6102	112
6103	88
6104	96
6105	97
6106	96
6107	108
6108	86
6109	87
6110	84
6111	99
6112	88
6113	94
6114	87
6115	91
6116	90
6117	90
6118	71
6119	88
6120	100
6121	84
6122	87
6123	66
6124	70
6125	69
6126	76
6127	83
6128	69
6129	79
6130	80
6131	76
6132	70
6133	76
6134	68
6135	70
6136	65
6137	55
6138	65
6139	61
6140	65
6141	66
6142	63
6143	71
6144	60
6145	66
6146	66
6147	66
6148	64
6149	63
6150	47
6151	56
6152	72
6153	53
6154	61
6155	65
6156	47
6157	43
6158	63
6159	62
6160	63
6161	51
6162	54
6163	48
6164	46
6165	46
6166	47
6167	55
6168	64
6169	45
6170	55
6171	38
6172	44
6173	30
6174	43
6175	32
6176	37
6177	51
6178	35
6179	42
6180	29
6181	42
6182	40
6183	44
6184	34
6185	45
6186	41
6187	43
6188	42
6189	35
6190	38
6191	34
6192	30
6193	39
6194	30
6195	35
6196	23
6197	37
6198	23
6199	32
6200	27
6201	17
6202	35
6203	25
6204	28
6205	33
6206	22
6207	27
6208	32
6209	39
6210	40
6211	29
6212	27
6213	25
6214	28
6215	21
6216	26
6217	32
6218	20
6219	34
6220	33
6221	28
6222	25
6223	21
6224	19
6225	23
6226	26
6227	31
6228	25
6229	21
6230	27
6231	29
6232	26
6233	25
6234	27
6235	21
6236	19
6237	17
6238	23
6239	25
6240	28
6241	30
6242	23
6243	30
6244	15
6245	27
6246	23
6247	25
6248	23
6249	21
6250	21
6251	24
6252	21
6253	23
6254	16
6255	21
6256	22
6257	25
6258	24
6259	26
6260	27
6261	12
6262	23
6263	20
6264	20
6265	25
6266	26
6267	21
6268	18
6269	24
6270	26
6271	18
6272	23
6273	22
6274	25
6275	21
6276	21
6277	25
6278	18
6279	15
6280	23
6281	17
6282	24
6283	16
6284	13
6285	18
6286	22
6287	21
6288	22
6289	17
6290	21
6291	27
6292	20
6293	13
6294	22
6295	17
6296	26
6297	24
6298	18
6299	21
6300	17
6301	19
6302	21
6303	25
6304	19
6305	20
6306	19
6307	22
6308	22
6309	27
6310	11
6311	20
6312	16
6313	16
6314	19
6315	16
6316	26
6317	22
6318	21
6319	17
6320	12
6321	21
6322	14
6323	19
6324	22
6325	26
6326	27
6327	21
6328	17
6329	23
6330	19
6331	17
6332	22
6333	18
6334	13
6335	14
6336	18
6337	27
6338	11
6339	21
6340	16
6341	15
6342	12
6343	19
6344	18
6345	18
6346	19
6347	10
6348	12
6349	11
6350	22
6351	16
6352	20
6353	20
6354	20
6355	15
6356	18
6357	21
6358	18
6359	19
6360	18
6361	18
6362	21
6363	22
6364	22
6365	16
6366	15
6367	12
6368	19
6369	15
6370	21
6371	21
6372	15
6373	15
6374	15
6375	9
6376	16
6377	14
6378	20
6379	18
6380	14
6381	18
6382	18
6383	12
6384	12
6385	19
6386	21
6387	15
6388	16
6389	7
6390	26
6391	11
6392	15
6393	21
6394	14
6395	13
6396	25
6397	15
6398	22
6399	13
6400	19
6401	18
6402	27
6403	11
6404	16
6405	18
6406	16
6407	12
6408	20
6409	10
6410	9
6411	7
6412	21
6413	20
6414	16
6415	19
6416	15
6417	23
6418	17
6419	19
6420	19
6421	14
6422	21
6423	15
6424	23
6425	12
6426	20
6427	19
6428	11
6429	18
6430	20
6431	26
6432	16
6433	19
6434	14
6435	13
6436	20
6437	21
6438	18
6439	14
6440	9
6441	20
6442	17
6443	24
6444	16
6445	16
6446	19
6447	12
6448	15
6449	14
6450	13
6451	16
6452	13
6453	14
6454	18
6455	18
6456	13
6457	17
6458	17
6459	18
6460	19
6461	20
6462	18
6463	27
6464	15
6465	20
6466	22
6467	16
6468	17
6469	16
6470	14
6471	13
6472	16
6473	20
6474	22
6475	24
6476	17
6477	13
6478	22
6479	15
6480	14
6481	21
6482	16
6483	31
6484	26
6485	25
6486	18
6487	18
6488	24
6489	18
6490	20
6491	17
6492	27
6493	12
6494	18
6495	20
6496	19
6497	25
6498	26
6499	18
6500	19
6501	20
6502	21
6503	20
6504	23
6505	20
6506	24
6507	22
6508	18
6509	28
6510	24
6511	23
6512	26
6513	23
6514	24
6515	26
6516	23
6517	28
6518	25
6519	27
6520	19
6521	29
6522	27
6523	26
6524	19
6525	27
6526	18
6527	26
6528	23
6529	34
6530	30
6531	25
6532	38
6533	21
6534	32
6535	33
6536	22
6537	33
6538	31
6539	29
6540	25
6541	40
6542	34
6543	33
6544	32
6545	33
6546	24
6547	33
6548	37
6549	41
6550	35
6551	27
6552	38
6553	26
6554	35
6555	34
6556	44
6557	56
6558	35
6559	45
6560	43
6561	45
6562	42
6563	52
6564	36
6565	49
6566	49
6567	57
6568	42
6569	52
6570	53
6571	66
6572	51
6573	52
6574	51
6575	48
6576	61
6577	53
6578	59
6579	61
6580	63
6581	47
6582	59
6583	57
6584	71
6585	61
6586	65
6587	63
6588	80
6589	80
6590	64
6591	78
6592	62
6593	97
6594	77
6595	79
6596	79
6597	76
6598	68
6599	71
6600	83
6601	93
6602	75
6603	75
6604	78
6605	90
6606	78
6607	101
6608	99
6609	109
6610	96
6611	100
6612	97
6613	113
6614	102
6615	98
6616	84
6617	89
6618	74
6619	106
6620	86
6621	95
6622	87
6623	111
6624	111
6625	111
6626	102
6627	124
6628	107
6629	105
6630	116
6631	97
6632	114
6633	97
6634	115
6635	110
6636	114
6637	102
6638	95
6639	107
6640	110
6641	110
6642	116
6643	102
6644	98
6645	102
6646	118
6647	110
6648	110
6649	98
6650	103
6651	97
6652	114
6653	89
6654	112
6655	110
6656	87
6657	108
6658	103
6659	98
6660	91
6661	89
6662	101
6663	97
6664	109
6665	88
6666	98
6667	90
6668	84
6669	105
6670	79
6671	78
6672	94
6673	98
6674	82
6675	86
6676	68
6677	84
6678	81
6679	88
6680	74
6681	86
6682	69
6683	69
6684	67
6685	76
6686	75
6687	57
6688	67
6689	40
6690	67
6691	49
6692	74
6693	64
6694	60
6695	61
6696	67
6697	45
6698	62
6699	55
6700	48
6701	60
6702	35
6703	46
6704	41
6705	45
6706	35
6707	47
6708	46
6709	31
6710	45
6711	50
6712	38
6713	34
6714	32
6715	42
6716	32
6717	33
6718	30
6719	26
6720	33
6721	37
6722	27
6723	35
6724	19
6725	25
6726	23
6727	23
6728	21
6729	24
6730	25
6731	21
6732	19
6733	21
6734	22
6735	25
6736	25
6737	15
6738	15
6739	19
6740	19
6741	14
6742	13
6743	9
6744	20
6745	11
6746	13
6747	10
6748	18
6749	16
6750	15
6751	17
6752	10
6753	12
6754	9
6755	5
6756	9
6757	13
6758	11
6759	5
6760	8
6761	10
6762	11
6763	10
6764	5
6765	11
6766	9
6767	4
6768	8
6769	7
6770	3
6771	6
6772	3
6773	11
6774	5
6775	11
6776	3
6777	9
6778	6
6779	8
6780	6
6781	5
6782	6
6783	5
6784	1
6785	4
6786	5
6787	5
6788	5
6789	2
6790	3
6791	5
6792	4
6793	2
6794	4
6795	5
6796	5
6797	6
6798	4
6799	3
6800	2
6801	4
6802	3
6803	3
6804	2
6805	4
6806	5
6807	4
6808	2
6809	3
6810	0
6811	2
6812	3
6813	3
6814	5
6815	2
6816	6
6817	2
6818	3
6819	3
6820	4
6821	3
6822	4
6823	4
6824	1
6825	2
6826	3
6827	4
6828	2
6829	5
6830	3
6831	3
6832	2
6833	6
6834	1
6835	5
6836	4
6837	7
6838	2
6839	0
6840	1
6841	1
6842	4
6843	3
6844	1
6845	4
6846	1
6847	3
6848	2
6849	0
6850	1
6851	2
6852	2
6853	3
6854	5
6855	1
6856	4
6857	1
6858	2
6859	2
6860	2
6861	3
6862	3
6863	1
6864	2
6865	4
6866	5
6867	2
6868	4
6869	4
6870	3
6871	5
6872	1
6873	2
6874	1
6875	1
6876	1
6877	2
6878	2
6879	0
6880	0
6881	1
6882	0
6883	3
6884	2
6885	2
6886	0
6887	3
6888	1
6889	2
6890	1
6891	0
6892	1
6893	2
6894	3
6895	0
6896	0
6897	3
6898	0
6899	2
6900	1
6901	2
6902	2
6903	2
6904	1
6905	3
6906	1
6907	0
6908	0
6909	2
6910	2
6911	0
6912	1
6913	0
6914	2
6915	0
6916	2
6917	3
6918	1
6919	1
6920	3
6921	3
6922	1
6923	3
6924	1
6925	3
6926	4
6927	1
6928	1
6929	1
6930	1
6931	4
6932	0
6933	2
6934	2
6935	3
6936	1
6937	3
6938	1
6939	0
6940	4
6941	4
6942	4
6943	0
6944	2
6945	0
6946	0
6947	2
6948	2
6949	2
6950	3
6951	2
6952	0
6953	3
6954	1
6955	1
6956	2
6957	2
6958	0
6959	1
6960	3
6961	0
6962	1
6963	3
6964	0
6965	1
6966	2
6967	4
6968	0
6969	1
6970	1
6971	5
6972	1
6973	2
6974	0
6975	2
6976	2
6977	0
6978	3
6979	2
6980	4
6981	0
6982	0
6983	1
6984	0
6985	1
6986	1
6987	0
6988	1
6989	1
6990	0
6991	1
6992	2
6993	0
6994	2
6995	1
6996	3
6997	2
6998	0
6999	1
7000	2
7001	1
7002	5
7003	1
7004	1
7005	1
7006	0
7007	3
7008	3
7009	1
7010	2
7011	1
7012	0
7013	2
7014	1
7015	4
7016	1
7017	1
7018	0
7019	2
7020	2
7021	1
7022	4
7023	0
7024	1
7025	3
7026	2
7027	1
7028	6
7029	4
7030	1
7031	3
7032	2
7033	2
7034	0
7035	3
7036	3
7037	1
7038	1
7039	2
7040	1
7041	0
7042	1
7043	3
7044	3
7045	3
7046	3
7047	1
7048	1
7049	4
7050	2
7051	0
7052	1
7053	0
7054	2
7055	0
7056	0
7057	2
7058	0
7059	2
7060	0
7061	3
7062	1
7063	1
7064	2
7065	0
7066	1
7067	1
7068	3
7069	0
7070	2
7071	0
7072	3
7073	5
7074	2
7075	2
7076	0
7077	1
7078	1
7079	0
7080	0
7081	1
7082	2
7083	4
7084	1
7085	3
7086	1
7087	1
7088	1
7089	3
7090	0
7091	4
7092	3
7093	0
7094	1
7095	2
7096	2
7097	0
7098	3
7099	2
7100	0
7101	2
7102	2
7103	1
7104	0
7105	1
7106	1
7107	1
7108	0
7109	2
7110	1
7111	1
7112	0
7113	1
7114	2
7115	0
7116	2
7117	0
7118	2
7119	0
7120	2
7121	1
7122	1
7123	1
7124	4
7125	3
7126	0
7127	0
7128	0
7129	1
7130	5
7131	1
7132	2
7133	4
7134	1
7135	2
7136	0
7137	1
7138	2
7139	2
7140	1
7141	1
7142	0
7143	1
7144	5
7145	2
7146	1
7147	1
7148	2
7149	1
7150	1
7151	1
7152	2
7153	2
7154	2
7155	1
7156	0
7157	1
7158	2
7159	1
7160	0
7161	3
7162	0
7163	3
7164	1
7165	3
7166	3
7167	1
7168	2
7169	0
7170	1
7171	0
7172	0
7173	1
7174	3
7175	0
7176	3
7177	0
7178	1
7179	2
7180	0
7181	2
7182	0
7183	1
7184	0
7185	0
7186	0
7187	2
7188	0
7189	1
7190	0
7191	2
7192	0
7193	0
7194	3
7195	1
7196	3
7197	3
7198	1
7199	1
7200	4
7201	0
7202	3
7203	2
7204	3
7205	2
7206	1
7207	2
7208	3
7209	0
7210	3
7211	1
7212	4
7213	2
7214	1
7215	3
7216	4
7217	2
7218	3
7219	1
7220	2
7221	0
7222	2
7223	1
7224	3
7225	2
7226	4
7227	1
7228	2
7229	3
7230	5
7231	1
7232	2
7233	0
7234	4
7235	3
7236	3
7237	2
7238	0
7239	4
7240	4
7241	3
7242	2
7243	4
7244	4
7245	3
7246	3
7247	0
7248	1
7249	3
7250	2
7251	2
7252	3
7253	3
7254	2
7255	2
7256	3
7257	3
7258	3
7259	2
7260	6
7261	4
7262	5
7263	4
7264	2
7265	4
7266	1
7267	0
7268	3
7269	2
7270	4
7271	3
7272	2
7273	2
7274	2
7275	2
7276	1
7277	0
7278	1
7279	3
7280	4
7281	3
7282	5
7283	3
7284	4
7285	2
7286	3
7287	2
7288	3
7289	2
7290	2
7291	1
7292	4
7293	3
7294	2
7295	4
7296	0
7297	1
7298	3
7299	3
7300	3
7301	4
7302	2
7303	1
7304	3
7305	3
7306	1
7307	2
7308	3
7309	0
7310	0
7311	2
7312	1
7313	3
7314	2
7315	1
7316	1
7317	1
7318	0
7319	1
7320	1
7321	1
7322	0
7323	0
7324	0
7325	2
7326	0
7327	2
7328	2
7329	2
7330	0
7331	0
7332	0
7333	1
7334	2
7335	1
7336	4
7337	1
7338	1
7339	1
7340	2
7341	0
7342	1
7343	0
7344	1
7345	0
7346	2
7347	0
7348	1
7349	0
7350	0
7351	2
7352	1
7353	1
7354	0
7355	0
7356	1
7357	0
7358	2
7359	2
7360	0
7361	1
7362	0
7363	0
7364	0
7365	2
7366	2
7367	0
7368	3
7369	1
7370	0
7371	0
7372	0
7373	0
7374	0
7375	0
7376	0
7377	1
7378	0
7379	0
7380	0
7381	0
7382	0
7383	0
7384	0
7385	0
7386	0
7387	0
7388	0
7389	0
7390	0
7391	0
7392	0
7393	0
7394	0
7395	0
7396	0
7397	0
7398	0
7399	0
7400	0
7401	0
7402	0
7403	0
7404	0
7405	0
7406	0
7407	0
7408	0
7409	0
7410	0
7411	0
7412	0
7413	0
7414	0
7415	0
7416	0
7417	0
7418	0
7419	0
7420	0
7421	0
7422	0
7423	0
7424	0
7425	1
7426	0
7427	0
7428	1
7429	0
7430	0
7431	0
7432	0
7433	0
7434	0
7435	0
7436	0
7437	0
7438	0
7439	0
7440	0
7441	0
7442	0
7443	0
7444	0
7445	0
7446	0
7447	0
7448	0
7449	0
7450	0
7451	0
7452	0
7453	0
7454	0
7455	0
7456	0
7457	0
7458	0
7459	0
7460	1
7461	0
7462	0
7463	0
7464	0
7465	0
7466	0
7467	0
7468	1
7469	0
7470	0
7471	0
7472	0
7473	0
7474	1
7475	1
7476	0
7477	0
7478	0
7479	0
7480	0
7481	0
7482	0
7483	1
7484	0
7485	0
7486	0
7487	0
7488	0
7489	0
7490	0
7491	0
7492	0
7493	0
7494	0
7495	0
7496	0
7497	0
7498	1
7499	0
7500	0
7501	0
7502	0
7503	0
7504	0
7505	0
7506	0
7507	0
7508	0
7509	0
7510	0
7511	0
7512	0
7513	0
7514	0
7515	0
7516	0
7517	0
7518	0
7519	0
7520	1
7521	0
7522	1
7523	0
7524	1
7525	0
7526	0
7527	0
7528	0
7529	0
7530	0
7531	0
7532	0
7533	0
7534	0
7535	1
7536	0
7537	0
7538	0
7539	0
7540	0
7541	0
7542	0
7543	0
7544	0
7545	1
7546	0
7547	0
7548	0
7549	0
7550	0
7551	0
7552	0
7553	0
7554	0
7555	0
7556	0
7557	0
7558	0
7559	1
7560	0
7561	0
7562	0
7563	0
7564	0
7565	0
7566	0
7567	0
7568	0
7569	0
7570	1
7571	0
7572	0
7573	0
7574	0
7575	0
7576	0
7577	0
7578	0
7579	0
7580	0
7581	0
7582	0
7583	0
7584	0
7585	0
7586	0
7587	0
7588	0
7589	0
7590	0
7591	0
7592	0
7593	0
7594	0
7595	1
7596	0
7597	0
7598	0
7599	0
7600	1
7601	0
7602	0
7603	0
7604	0
7605	0
7606	0
7607	1
7608	0
7609	0
7610	0
7611	0
7612	0
7613	0
7614	0
7615	0
7616	0
7617	0
7618	1
7619	0
7620	0
7621	0
7622	0
7623	0
7624	0
7625	0
7626	0
7627	1
7628	0
7629	0
7630	0
7631	0
7632	1
7633	1
7634	1
7635	0
7636	0
7637	0
7638	0
7639	0
7640	0
7641	0
7642	0
7643	0
7644	0
7645	0
7646	1
7647	0
7648	1
7649	0
7650	0
7651	0
7652	0
7653	0
7654	0
7655	0
7656	0
7657	0
7658	0
7659	0
7660	0
7661	0
7662	0
7663	0
7664	2
7665	0
7666	0
7667	0
7668	0
7669	0
7670	0
7671	0
7672	0
7673	0
7674	0
7675	0
7676	0
7677	0
7678	1
7679	0
7680	0
7681	0
7682	0
7683	0
7684	0
7685	0
7686	0
7687	0
7688	0
7689	0
7690	0
7691	0
7692	0
7693	0
7694	0
7695	1
7696	0
7697	0
7698	0
7699	0
7700	0
7701	0
7702	0
7703	1
7704	0
7705	0
7706	0
7707	0
7708	0
7709	0
7710	0
7711	0
7712	0
7713	1
7714	0
7715	0
7716	0
7717	1
7718	0
7719	0
7720	0
7721	0
7722	0
7723	0
7724	0
7725	0
7726	0
7727	1
7728	0
7729	1
7730	0
7731	0
7732	0
7733	0
7734	0
7735	0
7736	0
7737	1
7738	0
7739	0
7740	0
7741	0
7742	0
7743	0
7744	0
7745	0
7746	0
7747	1
7748	1
7749	0
7750	0
7751	0
7752	0
7753	0
7754	0
7755	0
7756	1
7757	0
7758	0
7759	0
7760	0
7761	0
7762	0
7763	0
7764	0
7765	0
7766	0
7767	0
7768	0
7769	0
7770	0
7771	0
7772	0
7773	0
7774	1
7775	0
7776	0
7777	0
7778	1
7779	0
7780	0
7781	0
7782	0
7783	0
7784	0
7785	0
7786	0
7787	0
7788	0
7789	0
7790	0
7791	0
7792	0
7793	0
7794	0
7795	0
7796	0
7797	0
7798	0
7799	0
7800	0
7801	1
7802	0
7803	0
7804	1
7805	0
7806	0
7807	0
7808	0
7809	0
7810	0
7811	0
7812	0
7813	0
7814	0
7815	0
7816	0
7817	0
7818	0
7819	0
7820	0
7821	0
7822	0
7823	0
7824	0
7825	0
7826	0
7827	0
7828	0
7829	0
7830	0
7831	0
7832	0
7833	0
7834	0
7835	0
7836	0
7837	0
7838	0
7839	0
7840	1
7841	0
7842	0
7843	0
7844	0
7845	0
7846	0
7847	0
7848	0
7849	0
7850	0
7851	0
7852	0
7853	0
7854	0
7855	0
7856	0
7857	0
7858	0
7859	0
7860	0
7861	0
7862	0
7863	0
7864	0
7865	0
7866	0
7867	0
7868	0
7869	0
7870	0
7871	0
7872	0
7873	0
7874	0
7875	0
7876	0
7877	0
7878	0
7879	0
7880	0
7881	0
7882	0
7883	0
7884	0
7885	0
7886	0
7887	0
7888	0
7889	1
7890	0
7891	0
7892	0
7893	0
7894	0
7895	0
7896	0
7897	0
7898	0
7899	0
7900	0
7901	0
7902	0
7903	0
7904	0
7905	0
7906	1
7907	0
7908	0
7909	0
7910	0
7911	0
7912	0
7913	0
7914	0
7915	0
7916	0
7917	0
7918	0
7919	0
7920	0
7921	0
7922	0
7923	0
7924	0
7925	0
7926	0
7927	0
7928	0
7929	0
7930	0
7931	0
7932	0
7933	0
7934	1
7935	0
7936	0
7937	0
7938	0
7939	0
7940	0
7941	0
7942	0
7943	0
7944	0
7945	0
7946	0
7947	0
7948	0
7949	0
7950	0
7951	0
7952	0
7953	0
7954	0
7955	0
7956	0
7957	0
7958	1
7959	0
7960	0
7961	0
7962	1
7963	0
7964	0
7965	0
7966	0
7967	0
7968	0
7969	0
7970	0
7971	0
7972	0
7973	0
7974	0
7975	0
7976	0
7977	0
7978	0
7979	0
7980	0
7981	0
7982	0
7983	1
7984	0
7985	0
7986	0
7987	0
7988	1
7989	0
7990	0
7991	0
7992	0
7993	0
7994	0
7995	0
7996	0
7997	0
7998	0
7999	0
8000	0
8001	0
8002	0
8003	0
8004	0
8005	0
8006	0
8007	0
8008	0
8009	0
8010	0
8011	0
8012	0
8013	0
8014	0
8015	0
8016	0
8017	0
8018	0
8019	0
8020	0
8021	0
8022	0
8023	0
8024	0
8025	0
8026	0
8027	0
8028	0
8029	0
8030	0
8031	0
8032	0
8033	0
8034	0
8035	0
8036	0
8037	0
8038	0
8039	0
8040	0
8041	0
8042	0
8043	0
8044	0
8045	0
8046	0
8047	0
8048	0
8049	0
8050	0
8051	0
8052	0
8053	0
8054	0
8055	0
8056	0
8057	0
8058	0
8059	0
8060	0
8061	0
8062	0
8063	0
8064	0
8065	0
8066	0
8067	0
8068	0
8069	0
8070	0
8071	0
8072	0
8073	0
8074	0
8075	0
8076	0
8077	0
8078	0
8079	0
8080	0
8081	0
8082	0
8083	0
8084	0
8085	0
8086	0
8087	0
8088	0
8089	0
8090	0
8091	0
8092	0
8093	0
8094	0
8095	0
8096	0
8097	0
8098	0
8099	0
8100	0
8101	0
8102	0
8103	0
8104	0
8105	0
8106	0
8107	0
8108	0
8109	0
8110	0
8111	0
8112	0
8113	0
8114	0
8115	0
8116	0
8117	0
8118	0
8119	0
8120	0
8121	0
8122	0
8123	0
8124	0
8125	0
8126	0
8127	0
8128	0
8129	0
8130	0
8131	0
8132	0
8133	0
8134	0
8135	0
8136	0
8137	0
8138	0
8139	0
8140	0
8141	0
8142	0
8143	0
8144	0
8145	0
8146	0
8147	0
8148	0
8149	0
8150	0
8151	0
8152	0
8153	0
8154	0
8155	0
8156	0
8157	0
8158	0
8159	0
8160	0
8161	0
8162	0
8163	0
8164	0
8165	0
8166	0
8167	0
8168	0
8169	0
8170	0
8171	0
8172	0
8173	0
8174	0
8175	0
8176	0
8177	0
8178	0
8179	0
8180	0
8181	0
8182	0
8183	0
8184	0
8185	0
8186	0
8187	0
8188	0
8189	0
8190	0
8191	0
