0	0
1	0
2	0
3	0
4	0
5	0
6	0
7	0
8	0
9	0
10	0
11	0
12	0
13	0
14	0
15	0
16	0
17	0
18	0
19	0
20	0
21	0
22	0
23	0
24	0
25	0
26	0
27	0
28	0
29	0
30	0
31	0
32	0
33	0
34	0
35	0
36	0
37	0
38	0
39	0
40	0
41	0
42	0
43	0
44	0
45	0
46	0
47	0
48	0
49	0
50	0
51	0
52	0
53	5
54	5
55	13
56	12
57	12
58	9
59	12
60	14
61	12
62	9
63	14
64	11
65	13
66	13
67	13
68	18
69	9
70	7
71	21
72	12
73	14
74	9
75	16
76	18
77	14
78	9
79	13
80	14
81	13
82	16
83	14
84	12
85	8
86	8
87	11
88	14
89	14
90	14
91	19
92	7
93	11
94	9
95	16
96	15
97	17
98	10
99	24
100	10
101	13
102	20
103	10
104	18
105	13
106	19
107	19
108	16
109	9
110	15
111	18
112	12
113	18
114	12
115	15
116	21
117	14
118	16
119	14
120	16
121	15
122	18
123	12
124	13
125	19
126	14
127	14
128	11
129	20
130	12
131	12
132	23
133	11
134	16
135	20
136	18
137	19
138	12
139	16
140	18
141	16
142	16
143	20
144	14
145	18
146	12
147	15
148	19
149	15
150	23
151	22
152	15
153	26
154	14
155	20
156	19
157	22
158	18
159	14
160	14
161	20
162	17
163	17
164	23
165	14
166	14
167	13
168	24
169	28
170	23
171	16
172	21
173	15
174	14
175	20
176	23
177	19
178	26
179	22
180	20
181	22
182	24
183	25
184	27
185	23
186	19
187	20
188	26
189	25
190	27
191	21
192	26
193	18
194	28
195	22
196	27
197	24
198	25
199	22
200	27
201	19
202	13
203	21
204	23
205	13
206	27
207	18
208	22
209	27
210	26
211	19
212	20
213	27
214	21
215	22
216	33
217	15
218	31
219	11
220	14
221	25
222	27
223	23
224	27
225	21
226	21
227	20
228	24
229	24
230	23
231	22
232	20
233	17
234	22
235	16
236	14
237	29
238	26
239	30
240	14
241	22
242	22
243	16
244	23
245	38
246	18
247	23
248	23
249	26
250	25
251	16
252	22
253	31
254	29
255	15
256	19
257	21
258	28
259	17
260	19
261	22
262	25
263	23
264	33
265	28
266	34
267	28
268	21
269	25
270	21
271	20
272	34
273	34
274	27
275	38
276	23
277	30
278	34
279	32
280	26
281	25
282	31
283	27
284	32
285	30
286	23
287	37
288	23
289	42
290	28
291	32
292	24
293	40
294	37
295	34
296	40
297	34
298	33
299	33
300	30
301	36
302	35
303	27
304	36
305	39
306	36
307	28
308	26
309	30
310	31
311	44
312	41
313	34
314	39
315	39
316	33
317	23
318	40
319	33
320	44
321	54
322	40
323	43
324	35
325	42
326	45
327	29
328	40
329	35
330	32
331	43
332	54
333	46
334	31
335	34
336	44
337	48
338	57
339	40
340	47
341	44
342	43
343	51
344	55
345	40
346	45
347	39
348	52
349	39
350	45
351	44
352	50
353	54
354	44
355	51
356	44
357	48
358	45
359	45
360	56
361	54
362	51
363	55
364	55
365	49
366	47
367	56
368	49
369	45
370	41
371	58
372	59
373	60
374	59
375	51
376	53
377	51
378	56
379	46
380	50
381	60
382	62
383	69
384	64
385	56
386	58
387	64
388	52
389	64
390	60
391	56
392	61
393	63
394	63
395	58
396	68
397	47
398	67
399	46
400	56
401	64
402	60
403	60
404	59
405	63
406	60
407	72
408	67
409	61
410	58
411	70
412	69
413	67
414	83
415	73
416	54
417	62
418	71
419	75
420	93
421	52
422	69
423	74
424	81
425	66
426	53
427	71
428	75
429	79
430	75
431	82
432	73
433	67
434	70
435	94
436	72
437	73
438	73
439	83
440	66
441	82
442	70
443	80
444	61
445	81
446	77
447	78
448	68
449	80
450	82
451	87
452	87
453	87
454	75
455	77
456	82
457	82
458	80
459	74
460	81
461	86
462	91
463	100
464	66
465	69
466	94
467	94
468	83
469	77
470	80
471	76
472	76
473	84
474	66
475	80
476	77
477	84
478	77
479	87
480	85
481	100
482	96
483	70
484	97
485	88
486	71
487	103
488	79
489	81
490	66
491	74
492	74
493	85
494	85
495	69
496	89
497	84
498	82
499	85
500	85
501	97
502	85
503	82
504	81
505	83
506	79
507	83
508	81
509	80
510	81
511	66
512	84
513	68
514	73
515	80
516	77
517	68
518	72
519	82
520	73
521	62
522	80
523	75
524	66
525	76
526	99
527	58
528	83
529	80
530	79
531	81
532	82
533	75
534	79
535	79
536	93
537	68
538	69
539	87
540	87
541	83
542	85
543	82
544	69
545	78
546	77
547	82
548	86
549	76
550	76
551	84
552	95
553	84
554	84
555	79
556	76
557	80
558	81
559	71
560	91
561	79
562	76
563	81
564	86
565	89
566	71
567	75
568	78
569	96
570	93
571	74
572	74
573	77
574	78
575	79
576	71
577	84
578	74
579	87
580	73
581	78
582	71
583	76
584	77
585	85
586	73
587	77
588	77
589	100
590	69
591	80
592	89
593	83
594	74
595	91
596	68
597	69
598	75
599	85
600	91
601	70
602	73
603	70
604	92
605	63
606	76
607	76
608	83
609	76
610	81
611	65
612	78
613	92
614	82
615	94
616	83
617	81
618	83
619	87
620	82
621	81
622	93
623	71
624	84
625	65
626	91
627	89
628	69
629	89
630	92
631	62
632	93
633	75
634	69
635	71
636	77
637	71
638	74
639	94
640	77
641	77
642	92
643	75
644	96
645	86
646	80
647	75
648	85
649	75
650	66
651	74
652	90
653	80
654	85
655	77
656	74
657	60
658	82
659	81
660	87
661	88
662	69
663	78
664	71
665	70
666	89
667	91
668	60
669	75
670	73
671	84
672	59
673	70
674	68
675	78
676	82
677	73
678	80
679	79
680	70
681	74
682	74
683	60
684	91
685	78
686	81
687	80
688	63
689	82
690	81
691	80
692	68
693	72
694	64
695	79
696	71
697	88
698	82
699	69
700	67
701	78
702	76
703	78
704	79
705	65
706	70
707	74
708	73
709	78
710	80
711	85
712	61
713	62
714	63
715	74
716	62
717	62
718	71
719	71
720	54
721	67
722	84
723	72
724	66
725	66
726	66
727	66
728	53
729	69
730	72
731	58
732	69
733	75
734	77
735	66
736	66
737	78
738	71
739	84
740	78
741	77
742	66
743	58
744	63
745	68
746	71
747	72
748	97
749	67
750	83
751	85
752	64
753	59
754	77
755	59
756	63
757	71
758	70
759	76
760	68
761	59
762	70
763	69
764	63
765	82
766	67
767	54
768	55
769	77
770	63
771	69
772	70
773	59
774	55
775	70
776	63
777	65
778	57
779	71
780	75
781	68
782	76
783	69
784	63
785	77
786	69
787	77
788	63
789	85
790	73
791	78
792	72
793	80
794	71
795	50
796	63
797	55
798	78
799	62
800	57
801	87
802	67
803	44
804	57
805	68
806	60
807	55
808	57
809	58
810	60
811	65
812	65
813	64
814	57
815	61
816	69
817	53
818	51
819	57
820	75
821	59
822	56
823	59
824	60
825	66
826	70
827	60
828	76
829	68
830	45
831	63
832	61
833	59
834	54
835	50
836	67
837	54
838	64
839	54
840	62
841	60
842	63
843	55
844	72
845	60
846	65
847	50
848	61
849	62
850	66
851	68
852	48
853	62
854	52
855	43
856	62
857	62
858	67
859	63
860	38
861	63
862	63
863	59
864	62
865	56
866	63
867	73
868	55
869	73
870	48
871	58
872	51
873	80
874	70
875	53
876	64
877	51
878	44
879	58
880	57
881	61
882	52
883	56
884	52
885	65
886	49
887	54
888	61
889	59
890	56
891	47
892	54
893	67
894	59
895	59
896	50
897	59
898	64
899	48
900	58
901	58
902	66
903	53
904	57
905	55
906	57
907	67
908	41
909	57
910	45
911	42
912	62
913	52
914	69
915	51
916	58
917	55
918	74
919	58
920	66
921	55
922	45
923	41
924	64
925	43
926	45
927	55
928	51
929	47
930	60
931	54
932	51
933	66
934	50
935	59
936	49
937	54
938	58
939	51
940	56
941	55
942	60
943	55
944	54
945	59
946	53
947	60
948	53
949	49
950	53
951	58
952	48
953	55
954	56
955	51
956	51
957	66
958	46
959	53
960	48
961	51
962	59
963	51
964	53
965	33
966	60
967	39
968	54
969	47
970	45
971	49
972	44
973	54
974	52
975	40
976	61
977	45
978	53
979	39
980	36
981	51
982	54
983	42
984	53
985	59
986	51
987	49
988	53
989	48
990	53
991	45
992	42
993	58
994	37
995	42
996	48
997	50
998	36
999	36
1000	47
1001	45
1002	45
1003	51
1004	50
1005	43
1006	35
1007	41
1008	45
1009	37
1010	39
1011	39
1012	40
1013	53
1014	50
1015	57
1016	39
1017	47
1018	44
1019	48
1020	44
1021	42
1022	48
1023	54
1024	53
1025	45
1026	39
1027	57
1028	52
1029	45
1030	52
1031	41
1032	38
1033	46
1034	50
1035	29
1036	34
1037	37
1038	51
1039	37
1040	32
1041	47
1042	38
1043	48
1044	34
1045	52
1046	48
1047	37
1048	43
1049	52
1050	38
1051	34
1052	44
1053	51
1054	36
1055	41
1056	52
1057	52
1058	31
1059	51
1060	33
1061	44
1062	44
1063	53
1064	49
1065	43
1066	50
1067	41
1068	53
1069	36
1070	33
1071	42
1072	43
1073	42
1074	51
1075	41
1076	39
1077	40
1078	38
1079	47
1080	63
1081	43
1082	39
1083	51
1084	43
1085	44
1086	38
1087	45
1088	41
1089	45
1090	39
1091	41
1092	34
1093	29
1094	40
1095	50
1096	46
1097	49
1098	38
1099	45
1100	62
1101	37
1102	38
1103	51
1104	41
1105	43
1106	33
1107	37
1108	39
1109	34
1110	40
1111	53
1112	49
1113	47
1114	38
1115	38
1116	53
1117	38
1118	38
1119	40
1120	50
1121	38
1122	33
1123	41
1124	34
1125	40
1126	38
1127	30
1128	45
1129	35
1130	48
1131	44
1132	37
1133	37
1134	38
1135	44
1136	30
1137	39
1138	32
1139	51
1140	37
1141	39
1142	42
1143	42
1144	44
1145	37
1146	36
1147	29
1148	37
1149	49
1150	36
1151	48
1152	31
1153	45
1154	52
1155	39
1156	47
1157	40
1158	43
1159	47
1160	52
1161	33
1162	44
1163	44
1164	36
1165	35
1166	47
1167	45
1168	40
1169	39
1170	45
1171	49
1172	38
1173	44
1174	33
1175	38
1176	39
1177	37
1178	49
1179	33
1180	47
1181	33
1182	45
1183	54
1184	32
1185	31
1186	38
1187	34
1188	36
1189	39
1190	35
1191	33
1192	25
1193	35
1194	39
1195	27
1196	31
1197	37
1198	30
1199	38
1200	33
1201	37
1202	37
1203	44
1204	35
1205	38
1206	30
1207	30
1208	35
1209	54
1210	37
1211	29
1212	33
1213	28
1214	24
1215	33
1216	44
1217	32
1218	28
1219	41
1220	34
1221	40
1222	30
1223	38
1224	42
1225	34
1226	25
1227	28
1228	29
1229	46
1230	37
1231	49
1232	34
1233	38
1234	27
1235	33
1236	33
1237	31
1238	35
1239	31
1240	32
1241	41
1242	44
1243	23
1244	28
1245	27
1246	29
1247	36
1248	36
1249	31
1250	26
1251	36
1252	39
1253	29
1254	33
1255	26
1256	32
1257	26
1258	25
1259	35
1260	38
1261	31
1262	31
1263	28
1264	36
1265	35
1266	31
1267	27
1268	27
1269	32
1270	32
1271	46
1272	36
1273	26
1274	31
1275	46
1276	44
1277	43
1278	33
1279	31
1280	25
1281	25
1282	32
1283	32
1284	35
1285	29
1286	35
1287	27
1288	32
1289	36
1290	27
1291	36
1292	29
1293	33
1294	27
1295	32
1296	29
1297	30
1298	26
1299	34
1300	32
1301	28
1302	22
1303	34
1304	35
1305	32
1306	27
1307	33
1308	32
1309	32
1310	30
1311	30
1312	26
1313	25
1314	25
1315	41
1316	43
1317	30
1318	24
1319	34
1320	31
1321	30
1322	28
1323	24
1324	31
1325	35
1326	31
1327	24
1328	30
1329	30
1330	31
1331	36
1332	32
1333	31
1334	36
1335	27
1336	32
1337	22
1338	23
1339	22
1340	30
1341	36
1342	34
1343	25
1344	19
1345	36
1346	32
1347	38
1348	21
1349	34
1350	20
1351	29
1352	46
1353	30
1354	29
1355	30
1356	28
1357	25
1358	28
1359	36
1360	19
1361	20
1362	24
1363	32
1364	24
1365	34
1366	30
1367	30
1368	37
1369	36
1370	30
1371	30
1372	21
1373	35
1374	35
1375	30
1376	29
1377	41
1378	29
1379	28
1380	25
1381	23
1382	39
1383	27
1384	30
1385	28
1386	21
1387	25
1388	25
1389	25
1390	23
1391	28
1392	35
1393	32
1394	29
1395	30
1396	24
1397	29
1398	16
1399	19
1400	28
1401	27
1402	25
1403	32
1404	44
1405	24
1406	24
1407	28
1408	26
1409	32
1410	21
1411	26
1412	21
1413	26
1414	31
1415	33
1416	19
1417	23
1418	24
1419	32
1420	24
1421	19
1422	30
1423	28
1424	25
1425	23
1426	27
1427	34
1428	23
1429	36
1430	23
1431	36
1432	31
1433	32
1434	27
1435	31
1436	33
1437	25
1438	21
1439	24
1440	27
1441	27
1442	16
1443	20
1444	16
1445	21
1446	29
1447	25
1448	12
1449	21
1450	20
1451	16
1452	25
1453	17
1454	17
1455	31
1456	19
1457	26
1458	22
1459	25
1460	28
1461	24
1462	28
1463	22
1464	22
1465	27
1466	26
1467	21
1468	28
1469	18
1470	26
1471	21
1472	24
1473	32
1474	25
1475	28
1476	19
1477	12
1478	21
1479	31
1480	23
1481	24
1482	19
1483	25
1484	21
1485	31
1486	23
1487	24
1488	21
1489	24
1490	25
1491	19
1492	27
1493	27
1494	27
1495	19
1496	18
1497	25
1498	14
1499	11
1500	22
1501	17
1502	17
1503	26
1504	25
1505	18
1506	26
1507	15
1508	21
1509	35
1510	20
1511	19
1512	17
1513	15
1514	19
1515	24
1516	15
1517	20
1518	21
1519	18
1520	20
1521	20
1522	24
1523	28
1524	23
1525	18
1526	26
1527	17
1528	22
1529	24
1530	13
1531	12
1532	19
1533	22
1534	21
1535	23
1536	18
1537	13
1538	9
1539	23
1540	23
1541	18
1542	19
1543	18
1544	18
1545	14
1546	17
1547	23
1548	18
1549	24
1550	21
1551	21
1552	21
1553	13
1554	27
1555	24
1556	15
1557	18
1558	20
1559	27
1560	12
1561	13
1562	13
1563	18
1564	24
1565	23
1566	25
1567	18
1568	15
1569	26
1570	20
1571	16
1572	18
1573	13
1574	20
1575	21
1576	17
1577	16
1578	18
1579	17
1580	12
1581	20
1582	20
1583	18
1584	15
1585	20
1586	16
1587	14
1588	19
1589	17
1590	12
1591	19
1592	28
1593	16
1594	21
1595	23
1596	21
1597	14
1598	19
1599	21
1600	12
1601	15
1602	20
1603	16
1604	23
1605	19
1606	23
1607	13
1608	13
1609	16
1610	20
1611	24
1612	22
1613	14
1614	30
1615	19
1616	16
1617	24
1618	17
1619	13
1620	20
1621	18
1622	16
1623	21
1624	18
1625	23
1626	25
1627	13
1628	19
1629	19
1630	25
1631	20
1632	20
1633	12
1634	17
1635	22
1636	23
1637	22
1638	14
1639	28
1640	17
1641	17
1642	17
1643	12
1644	19
1645	20
1646	19
1647	27
1648	14
1649	15
1650	16
1651	16
1652	18
1653	21
1654	25
1655	29
1656	21
1657	14
1658	16
1659	21
1660	13
1661	16
1662	14
1663	10
1664	19
1665	9
1666	15
1667	22
1668	11
1669	17
1670	12
1671	23
1672	17
1673	19
1674	15
1675	25
1676	22
1677	26
1678	15
1679	16
1680	23
1681	20
1682	15
1683	15
1684	14
1685	16
1686	19
1687	16
1688	18
1689	16
1690	13
1691	18
1692	26
1693	22
1694	18
1695	16
1696	11
1697	11
1698	21
1699	13
1700	23
1701	16
1702	15
1703	18
1704	13
1705	21
1706	25
1707	20
1708	17
1709	13
1710	15
1711	15
1712	16
1713	17
1714	11
1715	16
1716	25
1717	13
1718	15
1719	18
1720	15
1721	20
1722	21
1723	16
1724	14
1725	15
1726	12
1727	12
1728	12
1729	14
1730	17
1731	21
1732	25
1733	13
1734	20
1735	14
1736	19
1737	15
1738	18
1739	15
1740	9
1741	20
1742	13
1743	11
1744	21
1745	13
1746	12
1747	15
1748	17
1749	18
1750	23
1751	17
1752	11
1753	17
1754	19
1755	18
1756	12
1757	14
1758	15
1759	13
1760	19
1761	17
1762	13
1763	14
1764	20
1765	8
1766	16
1767	16
1768	17
1769	9
1770	17
1771	16
1772	20
1773	19
1774	12
1775	19
1776	11
1777	15
1778	14
1779	16
1780	15
1781	13
1782	14
1783	11
1784	15
1785	14
1786	13
1787	18
1788	12
1789	14
1790	9
1791	20
1792	17
1793	12
1794	13
1795	12
1796	14
1797	6
1798	8
1799	10
1800	16
1801	14
1802	12
1803	9
1804	12
1805	10
1806	13
1807	12
1808	12
1809	16
1810	15
1811	11
1812	16
1813	11
1814	11
1815	16
1816	10
1817	9
1818	11
1819	11
1820	11
1821	11
1822	8
1823	10
1824	9
1825	14
1826	8
1827	10
1828	12
1829	11
1830	14
1831	11
1832	14
1833	17
1834	17
1835	7
1836	17
1837	9
1838	9
1839	16
1840	10
1841	13
1842	12
1843	14
1844	10
1845	15
1846	10
1847	11
1848	16
1849	10
1850	15
1851	20
1852	21
1853	23
1854	9
1855	11
1856	13
1857	19
1858	8
1859	7
1860	21
1861	19
1862	7
1863	7
1864	9
1865	15
1866	12
1867	8
1868	16
1869	15
1870	5
1871	12
1872	12
1873	13
1874	18
1875	17
1876	17
1877	9
1878	15
1879	11
1880	8
1881	12
1882	14
1883	12
1884	9
1885	11
1886	5
1887	10
1888	11
1889	17
1890	12
1891	15
1892	17
1893	12
1894	6
1895	14
1896	13
1897	14
1898	12
1899	15
1900	13
1901	17
1902	16
1903	11
1904	10
1905	13
1906	12
1907	18
1908	15
1909	13
1910	20
1911	5
1912	13
1913	14
1914	13
1915	14
1916	5
1917	5
1918	15
1919	12
1920	13
1921	15
1922	8
1923	12
1924	11
1925	19
1926	10
1927	11
1928	5
1929	6
1930	13
1931	16
1932	13
1933	10
1934	15
1935	12
1936	14
1937	8
1938	13
1939	15
1940	13
1941	11
1942	10
1943	13
1944	10
1945	7
1946	6
1947	10
1948	5
1949	18
1950	16
1951	19
1952	12
1953	7
1954	14
1955	16
1956	10
1957	11
1958	14
1959	15
1960	13
1961	9
1962	17
1963	12
1964	12
1965	9
1966	8
1967	13
1968	8
1969	5
1970	6
1971	15
1972	8
1973	12
1974	11
1975	9
1976	12
1977	14
1978	9
1979	8
1980	13
1981	13
1982	12
1983	9
1984	17
1985	16
1986	8
1987	10
1988	10
1989	10
1990	8
1991	11
1992	13
1993	14
1994	9
1995	10
1996	10
1997	13
1998	12
1999	18
2000	14
2001	7
2002	23
2003	14
2004	10
2005	12
2006	10
2007	20
2008	7
2009	11
2010	16
2011	11
2012	15
2013	10
2014	13
2015	12
2016	8
2017	9
2018	19
2019	20
2020	9
2021	8
2022	7
2023	11
2024	16
2025	15
2026	10
2027	9
2028	7
2029	12
2030	11
2031	9
2032	7
2033	7
2034	6
2035	10
2036	12
2037	8
2038	24
2039	7
2040	10
2041	12
2042	5
2043	7
2044	11
2045	8
2046	11
2047	12
2048	13
2049	18
2050	11
2051	6
2052	9
2053	11
2054	13
2055	10
2056	8
2057	10
2058	9
2059	6
2060	13
2061	16
2062	7
2063	7
2064	8
2065	11
2066	6
2067	12
2068	11
2069	12
2070	12
2071	8
2072	11
2073	11
2074	9
2075	10
2076	12
2077	11
2078	15
2079	9
2080	11
2081	5
2082	15
2083	3
2084	13
2085	17
2086	11
2087	7
2088	13
2089	5
2090	6
2091	9
2092	4
2093	9
2094	8
2095	7
2096	12
2097	9
2098	12
2099	11
2100	13
2101	4
2102	12
2103	9
2104	9
2105	14
2106	6
2107	9
2108	10
2109	7
2110	3
2111	5
2112	8
2113	7
2114	11
2115	7
2116	9
2117	10
2118	6
2119	18
2120	8
2121	8
2122	11
2123	5
2124	18
2125	8
2126	6
2127	10
2128	17
2129	7
2130	11
2131	9
2132	5
2133	12
2134	9
2135	6
2136	13
2137	8
2138	6
2139	11
2140	8
2141	14
2142	4
2143	13
2144	15
2145	11
2146	5
2147	10
2148	7
2149	10
2150	8
2151	10
2152	7
2153	5
2154	9
2155	5
2156	10
2157	13
2158	7
2159	7
2160	10
2161	10
2162	10
2163	4
2164	11
2165	12
2166	6
2167	10
2168	11
2169	12
2170	4
2171	9
2172	2
2173	8
2174	15
2175	8
2176	9
2177	12
2178	6
2179	3
2180	6
2181	9
2182	8
2183	4
2184	13
2185	5
2186	6
2187	10
2188	7
2189	9
2190	8
2191	9
2192	8
2193	7
2194	6
2195	7
2196	10
2197	4
2198	8
2199	11
2200	6
2201	5
2202	5
2203	8
2204	4
2205	7
2206	8
2207	6
2208	20
2209	8
2210	7
2211	10
2212	8
2213	8
2214	8
2215	11
2216	9
2217	9
2218	9
2219	6
2220	9
2221	6
2222	5
2223	6
2224	7
2225	1
2226	7
2227	7
2228	7
2229	4
2230	8
2231	9
2232	9
2233	3
2234	6
2235	10
2236	7
2237	8
2238	3
2239	15
2240	5
2241	4
2242	8
2243	8
2244	9
2245	8
2246	11
2247	5
2248	6
2249	8
2250	6
2251	11
2252	9
2253	10
2254	8
2255	12
2256	6
2257	0
2258	5
2259	8
2260	6
2261	9
2262	11
2263	9
2264	8
2265	12
2266	6
2267	11
2268	6
2269	9
2270	9
2271	11
2272	11
2273	6
2274	8
2275	9
2276	11
2277	9
2278	8
2279	5
2280	3
2281	7
2282	9
2283	14
2284	3
2285	4
2286	6
2287	6
2288	10
2289	8
2290	6
2291	7
2292	8
2293	4
2294	9
2295	7
2296	11
2297	6
2298	7
2299	4
2300	8
2301	7
2302	13
2303	3
2304	12
2305	6
2306	7
2307	9
2308	8
2309	3
2310	12
2311	5
2312	5
2313	8
2314	10
2315	2
2316	3
2317	11
2318	7
2319	9
2320	7
2321	3
2322	6
2323	10
2324	13
2325	9
2326	9
2327	7
2328	10
2329	5
2330	13
2331	6
2332	12
2333	5
2334	3
2335	8
2336	4
2337	3
2338	10
2339	5
2340	7
2341	1
2342	4
2343	7
2344	6
2345	6
2346	8
2347	9
2348	8
2349	8
2350	5
2351	9
2352	8
2353	7
2354	4
2355	8
2356	5
2357	7
2358	3
2359	7
2360	8
2361	3
2362	8
2363	5
2364	10
2365	11
2366	9
2367	8
2368	4
2369	7
2370	4
2371	6
2372	5
2373	4
2374	9
2375	7
2376	7
2377	7
2378	7
2379	4
2380	5
2381	4
2382	5
2383	6
2384	9
2385	4
2386	3
2387	6
2388	5
2389	10
2390	5
2391	6
2392	5
2393	7
2394	4
2395	9
2396	7
2397	5
2398	8
2399	8
2400	5
2401	16
2402	8
2403	4
2404	1
2405	8
2406	5
2407	9
2408	6
2409	9
2410	7
2411	1
2412	5
2413	4
2414	6
2415	3
2416	7
2417	3
2418	11
2419	7
2420	2
2421	6
2422	7
2423	7
2424	5
2425	7
2426	5
2427	5
2428	3
2429	7
2430	9
2431	4
2432	9
2433	5
2434	6
2435	4
2436	3
2437	4
2438	2
2439	3
2440	5
2441	4
2442	10
2443	10
2444	11
2445	6
2446	10
2447	7
2448	6
2449	7
2450	1
2451	6
2452	6
2453	3
2454	6
2455	5
2456	6
2457	3
2458	7
2459	6
2460	11
2461	10
2462	4
2463	5
2464	7
2465	4
2466	5
2467	9
2468	10
2469	12
2470	7
2471	10
2472	8
2473	5
2474	7
2475	8
2476	4
2477	2
2478	8
2479	10
2480	3
2481	8
2482	5
2483	5
2484	7
2485	8
2486	4
2487	5
2488	5
2489	5
2490	5
2491	2
2492	7
2493	10
2494	4
2495	11
2496	7
2497	7
2498	4
2499	12
2500	5
2501	6
2502	6
2503	5
2504	6
2505	7
2506	6
2507	6
2508	8
2509	9
2510	5
2511	9
2512	5
2513	6
2514	8
2515	8
2516	10
2517	5
2518	4
2519	10
2520	6
2521	4
2522	5
2523	9
2524	9
2525	5
2526	7
2527	7
2528	5
2529	3
2530	3
2531	6
2532	5
2533	6
2534	5
2535	7
2536	5
2537	6
2538	5
2539	6
2540	1
2541	6
2542	8
2543	5
2544	3
2545	8
2546	5
2547	3
2548	7
2549	6
2550	5
2551	8
2552	6
2553	4
2554	7
2555	5
2556	6
2557	3
2558	9
2559	5
2560	6
2561	5
2562	4
2563	3
2564	4
2565	4
2566	5
2567	4
2568	5
2569	8
2570	5
2571	10
2572	6
2573	9
2574	3
2575	5
2576	6
2577	4
2578	4
2579	3
2580	8
2581	7
2582	3
2583	8
2584	11
2585	10
2586	6
2587	3
2588	4
2589	5
2590	3
2591	6
2592	4
2593	7
2594	10
2595	6
2596	5
2597	4
2598	6
2599	7
2600	7
2601	6
2602	5
2603	3
2604	5
2605	5
2606	7
2607	11
2608	6
2609	6
2610	3
2611	3
2612	4
2613	5
2614	4
2615	6
2616	5
2617	5
2618	3
2619	6
2620	6
2621	3
2622	5
2623	5
2624	3
2625	4
2626	5
2627	6
2628	4
2629	3
2630	2
2631	2
2632	3
2633	3
2634	6
2635	2
2636	4
2637	7
2638	3
2639	5
2640	3
2641	2
2642	2
2643	6
2644	2
2645	4
2646	6
2647	3
2648	11
2649	5
2650	3
2651	6
2652	5
2653	3
2654	4
2655	3
2656	6
2657	7
2658	3
2659	6
2660	5
2661	4
2662	5
2663	3
2664	5
2665	5
2666	7
2667	5
2668	3
2669	9
2670	4
2671	5
2672	6
2673	2
2674	2
2675	4
2676	3
2677	7
2678	7
2679	7
2680	3
2681	5
2682	8
2683	6
2684	5
2685	5
2686	8
2687	4
2688	10
2689	6
2690	2
2691	7
2692	4
2693	2
2694	3
2695	4
2696	2
2697	4
2698	4
2699	0
2700	4
2701	2
2702	8
2703	3
2704	9
2705	2
2706	5
2707	4
2708	3
2709	8
2710	7
2711	2
2712	7
2713	4
2714	8
2715	4
2716	4
2717	11
2718	6
2719	6
2720	11
2721	6
2722	8
2723	4
2724	4
2725	8
2726	4
2727	8
2728	6
2729	5
2730	3
2731	7
2732	6
2733	6
2734	4
2735	6
2736	5
2737	4
2738	2
2739	7
2740	5
2741	6
2742	2
2743	2
2744	5
2745	6
2746	3
2747	5
2748	6
2749	4
2750	7
2751	6
2752	3
2753	7
2754	1
2755	5
2756	3
2757	6
2758	5
2759	7
2760	4
2761	5
2762	2
2763	1
2764	3
2765	5
2766	3
2767	7
2768	7
2769	2
2770	4
2771	2
2772	4
2773	3
2774	4
2775	4
2776	11
2777	4
2778	4
2779	4
2780	4
2781	10
2782	4
2783	6
2784	8
2785	5
2786	3
2787	5
2788	3
2789	4
2790	5
2791	4
2792	3
2793	5
2794	9
2795	6
2796	4
2797	5
2798	3
2799	4
2800	5
2801	7
2802	8
2803	5
2804	2
2805	2
2806	6
2807	6
2808	3
2809	3
2810	5
2811	2
2812	8
2813	3
2814	5
2815	3
2816	2
2817	2
2818	2
2819	3
2820	4
2821	5
2822	1
2823	5
2824	4
2825	6
2826	4
2827	3
2828	7
2829	6
2830	5
2831	3
2832	4
2833	4
2834	4
2835	5
2836	5
2837	6
2838	3
2839	5
2840	7
2841	9
2842	3
2843	5
2844	3
2845	1
2846	2
2847	3
2848	7
2849	6
2850	3
2851	2
2852	2
2853	4
2854	3
2855	5
2856	3
2857	4
2858	5
2859	2
2860	6
2861	1
2862	4
2863	2
2864	5
2865	5
2866	7
2867	1
2868	2
2869	1
2870	3
2871	2
2872	1
2873	6
2874	2
2875	5
2876	2
2877	3
2878	2
2879	4
2880	2
2881	3
2882	2
2883	2
2884	4
2885	4
2886	5
2887	3
2888	3
2889	3
2890	4
2891	2
2892	5
2893	3
2894	5
2895	3
2896	5
2897	6
2898	6
2899	4
2900	2
2901	5
2902	3
2903	4
2904	3
2905	4
2906	4
2907	3
2908	3
2909	5
2910	2
2911	6
2912	2
2913	3
2914	3
2915	8
2916	3
2917	3
2918	4
2919	5
2920	4
2921	0
2922	5
2923	4
2924	1
2925	7
2926	4
2927	3
2928	1
2929	8
2930	3
2931	3
2932	5
2933	4
2934	4
2935	2
2936	5
2937	6
2938	3
2939	3
2940	2
2941	2
2942	7
2943	6
2944	6
2945	5
2946	7
2947	1
2948	3
2949	4
2950	7
2951	3
2952	7
2953	2
2954	4
2955	5
2956	2
2957	2
2958	3
2959	4
2960	5
2961	4
2962	5
2963	5
2964	4
2965	1
2966	4
2967	2
2968	4
2969	3
2970	2
2971	3
2972	5
2973	5
2974	2
2975	4
2976	3
2977	4
2978	5
2979	1
2980	6
2981	4
2982	8
2983	3
2984	0
2985	4
2986	4
2987	2
2988	1
2989	1
2990	4
2991	5
2992	2
2993	4
2994	3
2995	3
2996	2
2997	5
2998	4
2999	4
3000	2
3001	0
3002	3
3003	2
3004	6
3005	5
3006	2
3007	7
3008	5
3009	4
3010	5
3011	5
3012	3
3013	4
3014	6
3015	3
3016	1
3017	0
3018	3
3019	3
3020	5
3021	5
3022	4
3023	5
3024	3
3025	4
3026	1
3027	2
3028	2
3029	2
3030	6
3031	1
3032	2
3033	2
3034	3
3035	3
3036	5
3037	6
3038	4
3039	6
3040	3
3041	2
3042	3
3043	10
3044	0
3045	4
3046	4
3047	3
3048	1
3049	2
3050	4
3051	3
3052	2
3053	4
3054	1
3055	2
3056	4
3057	5
3058	7
3059	2
3060	4
3061	5
3062	5
3063	2
3064	9
3065	5
3066	2
3067	5
3068	3
3069	2
3070	1
3071	8
3072	3
3073	7
3074	4
3075	3
3076	2
3077	2
3078	1
3079	5
3080	2
3081	1
3082	12
3083	4
3084	4
3085	6
3086	4
3087	4
3088	2
3089	2
3090	1
3091	5
3092	1
3093	3
3094	4
3095	6
3096	3
3097	1
3098	5
3099	3
3100	3
3101	4
3102	2
3103	1
3104	3
3105	6
3106	7
3107	4
3108	3
3109	6
3110	4
3111	2
3112	2
3113	5
3114	5
3115	2
3116	7
3117	5
3118	5
3119	2
3120	3
3121	3
3122	4
3123	2
3124	4
3125	2
3126	5
3127	4
3128	1
3129	2
3130	2
3131	4
3132	2
3133	3
3134	3
3135	1
3136	3
3137	3
3138	3
3139	5
3140	6
3141	4
3142	1
3143	2
3144	3
3145	5
3146	1
3147	3
3148	4
3149	5
3150	2
3151	1
3152	5
3153	3
3154	3
3155	5
3156	5
3157	5
3158	3
3159	2
3160	5
3161	7
3162	4
3163	5
3164	6
3165	6
3166	0
3167	6
3168	6
3169	6
3170	3
3171	0
3172	0
3173	4
3174	5
3175	3
3176	5
3177	5
3178	3
3179	4
3180	4
3181	2
3182	3
3183	4
3184	3
3185	4
3186	3
3187	4
3188	4
3189	2
3190	2
3191	2
3192	7
3193	2
3194	2
3195	5
3196	4
3197	2
3198	7
3199	7
3200	3
3201	3
3202	3
3203	2
3204	4
3205	3
3206	5
3207	0
3208	5
3209	3
3210	3
3211	3
3212	1
3213	5
3214	3
3215	7
3216	2
3217	4
3218	5
3219	6
3220	3
3221	2
3222	3
3223	3
3224	0
3225	1
3226	2
3227	2
3228	4
3229	5
3230	2
3231	5
3232	8
3233	1
3234	2
3235	6
3236	6
3237	2
3238	4
3239	7
3240	4
3241	4
3242	2
3243	3
3244	0
3245	2
3246	2
3247	3
3248	4
3249	5
3250	1
3251	4
3252	6
3253	2
3254	4
3255	0
3256	1
3257	3
3258	2
3259	2
3260	1
3261	3
3262	4
3263	5
3264	1
3265	5
3266	4
3267	0
3268	4
3269	5
3270	2
3271	3
3272	3
3273	3
3274	2
3275	5
3276	2
3277	5
3278	4
3279	2
3280	4
3281	5
3282	1
3283	5
3284	5
3285	3
3286	2
3287	3
3288	3
3289	4
3290	2
3291	1
3292	4
3293	2
3294	5
3295	6
3296	5
3297	3
3298	5
3299	4
3300	7
3301	0
3302	2
3303	4
3304	6
3305	3
3306	6
3307	4
3308	1
3309	4
3310	5
3311	4
3312	1
3313	1
3314	4
3315	5
3316	3
3317	9
3318	0
3319	5
3320	3
3321	4
3322	3
3323	5
3324	2
3325	0
3326	5
3327	2
3328	6
3329	7
3330	1
3331	1
3332	5
3333	6
3334	4
3335	7
3336	2
3337	5
3338	5
3339	3
3340	7
3341	5
3342	7
3343	7
3344	2
3345	3
3346	3
3347	7
3348	3
3349	5
3350	7
3351	6
3352	3
3353	7
3354	2
3355	3
3356	2
3357	2
3358	2
3359	2
3360	5
3361	3
3362	2
3363	5
3364	5
3365	3
3366	6
3367	7
3368	4
3369	1
3370	6
3371	3
3372	5
3373	3
3374	2
3375	2
3376	0
3377	7
3378	5
3379	3
3380	6
3381	4
3382	1
3383	11
3384	3
3385	4
3386	0
3387	4
3388	2
3389	3
3390	4
3391	7
3392	4
3393	5
3394	6
3395	4
3396	1
3397	4
3398	4
3399	2
3400	2
3401	3
3402	5
3403	4
3404	4
3405	4
3406	4
3407	5
3408	6
3409	6
3410	4
3411	1
3412	4
3413	5
3414	4
3415	4
3416	3
3417	4
3418	5
3419	5
3420	3
3421	2
3422	1
3423	5
3424	4
3425	5
3426	5
3427	7
3428	7
3429	2
3430	3
3431	6
3432	5
3433	2
3434	1
3435	6
3436	4
3437	1
3438	5
3439	2
3440	1
3441	3
3442	2
3443	3
3444	2
3445	5
3446	2
3447	5
3448	7
3449	2
3450	2
3451	5
3452	5
3453	6
3454	1
3455	4
3456	4
3457	1
3458	7
3459	4
3460	7
3461	3
3462	2
3463	9
3464	3
3465	3
3466	2
3467	9
3468	4
3469	4
3470	2
3471	7
3472	6
3473	2
3474	5
3475	6
3476	4
3477	2
3478	4
3479	3
3480	1
3481	4
3482	3
3483	6
3484	2
3485	6
3486	8
3487	8
3488	4
3489	1
3490	1
3491	7
3492	4
3493	6
3494	6
3495	4
3496	2
3497	3
3498	3
3499	3
3500	7
3501	1
3502	2
3503	4
3504	7
3505	7
3506	5
3507	3
3508	0
3509	3
3510	2
3511	3
3512	3
3513	7
3514	4
3515	6
3516	3
3517	1
3518	3
3519	4
3520	4
3521	3
3522	3
3523	3
3524	1
3525	3
3526	4
3527	3
3528	3
3529	1
3530	3
3531	3
3532	4
3533	5
3534	5
3535	3
3536	4
3537	2
3538	3
3539	8
3540	2
3541	3
3542	4
3543	3
3544	3
3545	2
3546	3
3547	4
3548	5
3549	3
3550	5
3551	6
3552	3
3553	3
3554	5
3555	3
3556	3
3557	5
3558	1
3559	5
3560	0
3561	5
3562	3
3563	3
3564	0
3565	5
3566	1
3567	4
3568	1
3569	5
3570	2
3571	5
3572	2
3573	4
3574	2
3575	3
3576	4
3577	1
3578	10
3579	4
3580	3
3581	4
3582	4
3583	6
3584	4
3585	2
3586	1
3587	7
3588	4
3589	4
3590	1
3591	1
3592	3
3593	1
3594	3
3595	3
3596	2
3597	3
3598	3
3599	4
3600	5
3601	1
3602	4
3603	4
3604	4
3605	4
3606	6
3607	4
3608	3
3609	2
3610	2
3611	1
3612	3
3613	4
3614	3
3615	4
3616	5
3617	3
3618	3
3619	4
3620	9
3621	1
3622	6
3623	1
3624	7
3625	3
3626	2
3627	5
3628	1
3629	5
3630	4
3631	2
3632	6
3633	2
3634	1
3635	0
3636	5
3637	6
3638	5
3639	1
3640	5
3641	2
3642	4
3643	2
3644	5
3645	3
3646	6
3647	5
3648	2
3649	5
3650	3
3651	2
3652	2
3653	3
3654	2
3655	5
3656	2
3657	8
3658	2
3659	5
3660	3
3661	6
3662	4
3663	1
3664	3
3665	2
3666	6
3667	1
3668	3
3669	5
3670	1
3671	3
3672	3
3673	5
3674	2
3675	6
3676	3
3677	3
3678	4
3679	2
3680	6
3681	5
3682	4
3683	3
3684	3
3685	4
3686	4
3687	2
3688	7
3689	4
3690	3
3691	2
3692	0
3693	3
3694	1
3695	8
3696	6
3697	3
3698	4
3699	5
3700	4
3701	5
3702	3
3703	9
3704	3
3705	2
3706	3
3707	3
3708	4
3709	2
3710	4
3711	10
3712	2
3713	5
3714	2
3715	4
3716	4
3717	5
3718	6
3719	4
3720	2
3721	6
3722	5
3723	2
3724	3
3725	4
3726	2
3727	3
3728	7
3729	2
3730	2
3731	7
3732	6
3733	2
3734	11
3735	4
3736	1
3737	4
3738	6
3739	6
3740	4
3741	6
3742	1
3743	5
3744	6
3745	3
3746	1
3747	4
3748	1
3749	3
3750	3
3751	1
3752	6
3753	3
3754	5
3755	5
3756	2
3757	4
3758	5
3759	4
3760	3
3761	4
3762	3
3763	4
3764	2
3765	3
3766	2
3767	2
3768	3
3769	3
3770	6
3771	5
3772	4
3773	5
3774	2
3775	4
3776	1
3777	6
3778	3
3779	2
3780	6
3781	4
3782	3
3783	4
3784	2
3785	5
3786	3
3787	3
3788	5
3789	4
3790	3
3791	4
3792	4
3793	8
3794	4
3795	3
3796	3
3797	4
3798	3
3799	4
3800	2
3801	2
3802	3
3803	8
3804	1
3805	3
3806	4
3807	5
3808	4
3809	6
3810	6
3811	4
3812	1
3813	9
3814	7
3815	4
3816	4
3817	2
3818	2
3819	6
3820	3
3821	7
3822	6
3823	1
3824	4
3825	4
3826	2
3827	5
3828	5
3829	5
3830	4
3831	4
3832	5
3833	2
3834	2
3835	6
3836	2
3837	8
3838	4
3839	5
3840	5
3841	6
3842	4
3843	4
3844	5
3845	2
3846	3
3847	3
3848	2
3849	1
3850	4
3851	0
3852	2
3853	5
3854	0
3855	1
3856	6
3857	4
3858	3
3859	2
3860	4
3861	4
3862	4
3863	4
3864	5
3865	5
3866	6
3867	4
3868	4
3869	3
3870	5
3871	1
3872	3
3873	4
3874	3
3875	5
3876	2
3877	3
3878	4
3879	1
3880	5
3881	5
3882	5
3883	3
3884	2
3885	8
3886	4
3887	2
3888	2
3889	4
3890	3
3891	4
3892	4
3893	2
3894	1
3895	2
3896	6
3897	1
3898	4
3899	2
3900	6
3901	5
3902	5
3903	3
3904	2
3905	4
3906	4
3907	2
3908	4
3909	5
3910	3
3911	1
3912	1
3913	6
3914	1
3915	7
3916	3
3917	4
3918	2
3919	3
3920	1
3921	2
3922	4
3923	8
3924	3
3925	1
3926	2
3927	5
3928	1
3929	4
3930	1
3931	4
3932	4
3933	4
3934	3
3935	2
3936	3
3937	4
3938	6
3939	2
3940	4
3941	4
3942	2
3943	5
3944	3
3945	3
3946	5
3947	1
3948	3
3949	6
3950	1
3951	2
3952	3
3953	1
3954	1
3955	2
3956	3
3957	2
3958	3
3959	6
3960	4
3961	5
3962	3
3963	3
3964	2
3965	8
3966	3
3967	3
3968	3
3969	4
3970	2
3971	1
3972	1
3973	9
3974	4
3975	2
3976	3
3977	2
3978	4
3979	4
3980	2
3981	3
3982	2
3983	3
3984	3
3985	5
3986	5
3987	5
3988	3
3989	0
3990	3
3991	1
3992	3
3993	4
3994	1
3995	2
3996	7
3997	3
3998	3
3999	5
4000	4
4001	2
4002	5
4003	2
4004	3
4005	1
4006	3
4007	1
4008	2
4009	2
4010	1
4011	3
4012	5
4013	1
4014	1
4015	1
4016	2
4017	4
4018	1
4019	3
4020	2
4021	1
4022	4
4023	3
4024	1
4025	2
4026	3
4027	4
4028	1
4029	1
4030	5
4031	1
4032	4
4033	5
4034	2
4035	0
4036	2
4037	1
4038	2
4039	6
4040	1
4041	3
4042	2
4043	1
4044	1
4045	1
4046	3
4047	2
4048	1
4049	2
4050	1
4051	1
4052	4
4053	2
4054	1
4055	2
4056	5
4057	2
4058	1
4059	4
4060	1
4061	2
4062	0
4063	2
4064	2
4065	3
4066	1
4067	1
4068	3
4069	3
4070	1
4071	1
4072	1
4073	0
4074	2
4075	1
4076	2
4077	2
4078	2
4079	0
4080	2
4081	2
4082	2
4083	2
4084	0
4085	3
4086	2
4087	0
4088	2
4089	2
4090	1
4091	1
4092	1
4093	4
4094	4
4095	2
4096	3
4097	3
4098	2
4099	2
4100	1
4101	2
4102	0
4103	2
4104	3
4105	2
4106	2
4107	3
4108	1
4109	0
4110	2
4111	2
4112	2
4113	2
4114	2
4115	4
4116	2
4117	3
4118	3
4119	1
4120	4
4121	2
4122	2
4123	0
4124	1
4125	1
4126	1
4127	2
4128	0
4129	2
4130	2
4131	3
4132	2
4133	2
4134	1
4135	2
4136	2
4137	3
4138	0
4139	3
4140	0
4141	2
4142	2
4143	2
4144	4
4145	2
4146	1
4147	3
4148	4
4149	4
4150	3
4151	5
4152	1
4153	0
4154	4
4155	3
4156	2
4157	2
4158	1
4159	2
4160	2
4161	1
4162	1
4163	4
4164	1
4165	2
4166	4
4167	1
4168	1
4169	2
4170	7
4171	1
4172	3
4173	1
4174	0
4175	1
4176	2
4177	1
4178	1
4179	3
4180	0
4181	1
4182	1
4183	0
4184	2
4185	5
4186	1
4187	0
4188	3
4189	2
4190	3
4191	2
4192	0
4193	0
4194	2
4195	0
4196	3
4197	4
4198	2
4199	1
4200	1
4201	1
4202	3
4203	2
4204	2
4205	3
4206	1
4207	3
4208	4
4209	0
4210	5
4211	2
4212	1
4213	1
4214	1
4215	1
4216	2
4217	0
4218	1
4219	2
4220	2
4221	3
4222	3
4223	0
4224	2
4225	3
4226	1
4227	1
4228	5
4229	1
4230	0
4231	3
4232	2
4233	2
4234	0
4235	2
4236	2
4237	2
4238	1
4239	4
4240	3
4241	0
4242	2
4243	5
4244	3
4245	1
4246	4
4247	2
4248	4
4249	1
4250	1
4251	1
4252	3
4253	0
4254	2
4255	4
4256	1
4257	1
4258	0
4259	2
4260	1
4261	0
4262	2
4263	1
4264	3
4265	1
4266	2
4267	2
4268	4
4269	0
4270	1
4271	1
4272	0
4273	2
4274	3
4275	0
4276	0
4277	1
4278	0
4279	1
4280	2
4281	1
4282	1
4283	2
4284	2
4285	0
4286	2
4287	5
4288	2
4289	1
4290	1
4291	1
4292	1
4293	1
4294	2
4295	1
4296	2
4297	1
4298	1
4299	3
4300	0
4301	1
4302	0
4303	0
4304	3
4305	4
4306	2
4307	2
4308	1
4309	2
4310	0
4311	2
4312	2
4313	1
4314	1
4315	1
4316	4
4317	2
4318	2
4319	2
4320	0
4321	2
4322	3
4323	1
4324	2
4325	0
4326	0
4327	0
4328	1
4329	1
4330	2
4331	3
4332	0
4333	4
4334	2
4335	0
4336	0
4337	0
4338	2
4339	0
4340	2
4341	2
4342	2
4343	2
4344	3
4345	1
4346	2
4347	5
4348	1
4349	1
4350	1
4351	1
4352	1
4353	2
4354	3
4355	4
4356	5
4357	1
4358	1
4359	2
4360	1
4361	1
4362	1
4363	1
4364	3
4365	2
4366	2
4367	2
4368	1
4369	0
4370	0
4371	1
4372	2
4373	0
4374	3
4375	0
4376	3
4377	0
4378	3
4379	1
4380	2
4381	3
4382	1
4383	1
4384	3
4385	2
4386	1
4387	1
4388	1
4389	3
4390	5
4391	1
4392	0
4393	3
4394	0
4395	2
4396	1
4397	3
4398	4
4399	1
4400	0
4401	2
4402	1
4403	1
4404	2
4405	2
4406	0
4407	2
4408	1
4409	2
4410	0
4411	5
4412	2
4413	3
4414	0
4415	0
4416	0
4417	1
4418	3
4419	4
4420	3
4421	1
4422	2
4423	1
4424	1
4425	1
4426	0
4427	1
4428	1
4429	2
4430	3
4431	2
4432	6
4433	0
4434	1
4435	7
4436	2
4437	2
4438	1
4439	1
4440	1
4441	2
4442	2
4443	4
4444	2
4445	0
4446	1
4447	1
4448	0
4449	2
4450	0
4451	0
4452	0
4453	3
4454	3
4455	3
4456	1
4457	0
4458	1
4459	2
4460	3
4461	2
4462	0
4463	2
4464	1
4465	3
4466	0
4467	2
4468	1
4469	1
4470	2
4471	1
4472	2
4473	2
4474	1
4475	1
4476	1
4477	2
4478	2
4479	1
4480	2
4481	2
4482	0
4483	3
4484	1
4485	2
4486	2
4487	3
4488	1
4489	1
4490	2
4491	1
4492	0
4493	1
4494	0
4495	2
4496	0
4497	0
4498	1
4499	2
4500	3
4501	1
4502	0
4503	1
4504	0
4505	3
4506	0
4507	2
4508	3
4509	2
4510	1
4511	2
4512	3
4513	0
4514	1
4515	2
4516	0
4517	2
4518	1
4519	1
4520	0
4521	0
4522	2
4523	2
4524	1
4525	4
4526	2
4527	3
4528	2
4529	3
4530	3
4531	5
4532	1
4533	1
4534	2
4535	2
4536	1
4537	3
4538	1
4539	0
4540	0
4541	3
4542	1
4543	2
4544	3
4545	0
4546	1
4547	1
4548	2
4549	1
4550	2
4551	1
4552	0
4553	0
4554	0
4555	1
4556	0
4557	1
4558	2
4559	1
4560	0
4561	2
4562	2
4563	2
4564	5
4565	0
4566	1
4567	1
4568	1
4569	0
4570	1
4571	1
4572	1
4573	2
4574	1
4575	0
4576	1
4577	2
4578	1
4579	1
4580	1
4581	2
4582	0
4583	3
4584	3
4585	0
4586	1
4587	1
4588	2
4589	1
4590	3
4591	1
4592	1
4593	1
4594	1
4595	3
4596	0
4597	1
4598	4
4599	3
4600	0
4601	2
4602	2
4603	1
4604	1
4605	1
4606	0
4607	3
4608	5
4609	1
4610	1
4611	1
4612	1
4613	2
4614	1
4615	3
4616	0
4617	1
4618	1
4619	1
4620	1
4621	0
4622	4
4623	2
4624	2
4625	2
4626	2
4627	2
4628	0
4629	4
4630	5
4631	1
4632	0
4633	2
4634	2
4635	2
4636	1
4637	0
4638	3
4639	1
4640	0
4641	1
4642	0
4643	1
4644	0
4645	1
4646	4
4647	1
4648	0
4649	3
4650	0
4651	1
4652	0
4653	1
4654	1
4655	2
4656	4
4657	0
4658	0
4659	2
4660	1
4661	2
4662	1
4663	4
4664	3
4665	1
4666	1
4667	3
4668	3
4669	2
4670	1
4671	3
4672	0
4673	2
4674	1
4675	0
4676	1
4677	1
4678	1
4679	3
4680	2
4681	2
4682	1
4683	2
4684	1
4685	1
4686	0
4687	1
4688	1
4689	0
4690	3
4691	1
4692	2
4693	2
4694	0
4695	2
4696	1
4697	1
4698	0
4699	1
4700	1
4701	1
4702	3
4703	1
4704	2
4705	0
4706	2
4707	2
4708	2
4709	1
4710	0
4711	0
4712	3
4713	1
4714	1
4715	2
4716	1
4717	4
4718	1
4719	4
4720	0
4721	1
4722	2
4723	2
4724	2
4725	2
4726	0
4727	0
4728	1
4729	3
4730	2
4731	0
4732	1
4733	0
4734	0
4735	1
4736	3
4737	0
4738	2
4739	2
4740	1
4741	1
4742	1
4743	3
4744	3
4745	2
4746	3
4747	1
4748	2
4749	2
4750	2
4751	1
4752	0
4753	2
4754	1
4755	0
4756	1
4757	1
4758	3
4759	1
4760	1
4761	2
4762	2
4763	1
4764	2
4765	2
4766	0
4767	1
4768	1
4769	3
4770	1
4771	0
4772	2
4773	1
4774	2
4775	0
4776	2
4777	1
4778	1
4779	0
4780	3
4781	1
4782	1
4783	1
4784	1
4785	3
4786	1
4787	0
4788	0
4789	3
4790	1
4791	2
4792	0
4793	1
4794	2
4795	1
4796	1
4797	2
4798	3
4799	0
4800	3
4801	2
4802	1
4803	0
4804	0
4805	2
4806	0
4807	1
4808	0
4809	0
4810	1
4811	2
4812	3
4813	1
4814	0
4815	3
4816	2
4817	2
4818	2
4819	2
4820	2
4821	1
4822	1
4823	2
4824	1
4825	2
4826	1
4827	3
4828	0
4829	0
4830	2
4831	1
4832	4
4833	4
4834	1
4835	1
4836	0
4837	1
4838	1
4839	1
4840	0
4841	4
4842	1
4843	1
4844	1
4845	0
4846	1
4847	1
4848	1
4849	1
4850	3
4851	3
4852	1
4853	1
4854	1
4855	1
4856	1
4857	0
4858	2
4859	0
4860	2
4861	3
4862	1
4863	2
4864	0
4865	1
4866	1
4867	1
4868	1
4869	2
4870	0
4871	1
4872	5
4873	1
4874	1
4875	0
4876	1
4877	0
4878	0
4879	0
4880	2
4881	3
4882	2
4883	2
4884	1
4885	1
4886	0
4887	0
4888	1
4889	0
4890	3
4891	1
4892	0
4893	1
4894	1
4895	3
4896	1
4897	2
4898	0
4899	2
4900	2
4901	1
4902	1
4903	0
4904	0
4905	0
4906	1
4907	1
4908	0
4909	2
4910	1
4911	0
4912	1
4913	2
4914	1
4915	0
4916	2
4917	2
4918	0
4919	1
4920	1
4921	0
4922	0
4923	2
4924	1
4925	0
4926	6
4927	1
4928	0
4929	2
4930	0
4931	1
4932	2
4933	1
4934	3
4935	3
4936	2
4937	1
4938	1
4939	1
4940	1
4941	2
4942	4
4943	3
4944	2
4945	2
4946	1
4947	1
4948	4
4949	0
4950	0
4951	1
4952	2
4953	0
4954	1
4955	3
4956	2
4957	2
4958	0
4959	0
4960	2
4961	3
4962	1
4963	1
4964	0
4965	1
4966	1
4967	2
4968	2
4969	2
4970	2
4971	3
4972	1
4973	2
4974	1
4975	5
4976	0
4977	0
4978	1
4979	1
4980	2
4981	0
4982	2
4983	3
4984	1
4985	0
4986	0
4987	3
4988	1
4989	1
4990	0
4991	2
4992	1
4993	1
4994	3
4995	2
4996	2
4997	0
4998	1
4999	0
5000	1
5001	3
5002	3
5003	1
5004	0
5005	0
5006	1
5007	1
5008	0
5009	2
5010	0
5011	1
5012	1
5013	0
5014	3
5015	1
5016	3
5017	1
5018	2
5019	1
5020	1
5021	0
5022	0
5023	1
5024	1
5025	0
5026	0
5027	2
5028	0
5029	2
5030	2
5031	0
5032	0
5033	2
5034	1
5035	0
5036	2
5037	0
5038	0
5039	1
5040	0
5041	3
5042	2
5043	0
5044	1
5045	2
5046	2
5047	0
5048	2
5049	1
5050	1
5051	2
5052	2
5053	3
5054	1
5055	1
5056	0
5057	2
5058	5
5059	0
5060	0
5061	0
5062	1
5063	0
5064	0
5065	4
5066	1
5067	2
5068	0
5069	0
5070	1
5071	2
5072	0
5073	1
5074	0
5075	0
5076	2
5077	0
5078	0
5079	0
5080	1
5081	0
5082	1
5083	3
5084	1
5085	4
5086	2
5087	0
5088	3
5089	1
5090	2
5091	0
5092	0
5093	2
5094	2
5095	0
5096	1
5097	1
5098	1
5099	1
5100	1
5101	1
5102	1
5103	2
5104	1
5105	0
5106	1
5107	2
5108	1
5109	2
5110	1
5111	3
5112	0
5113	3
5114	3
5115	0
5116	2
5117	0
5118	3
5119	2
5120	2
5121	1
5122	1
5123	0
5124	1
5125	1
5126	0
5127	0
5128	2
5129	2
5130	1
5131	1
5132	1
5133	2
5134	2
5135	2
5136	1
5137	1
5138	4
5139	2
5140	0
5141	3
5142	0
5143	2
5144	2
5145	1
5146	3
5147	4
5148	0
5149	1
5150	2
5151	1
5152	0
5153	1
5154	1
5155	3
5156	1
5157	1
5158	2
5159	1
5160	1
5161	0
5162	1
5163	1
5164	2
5165	2
5166	1
5167	2
5168	0
5169	1
5170	0
5171	2
5172	0
5173	2
5174	2
5175	1
5176	2
5177	1
5178	3
5179	1
5180	1
5181	2
5182	0
5183	2
5184	0
5185	2
5186	3
5187	1
5188	1
5189	1
5190	0
5191	4
5192	0
5193	0
5194	0
5195	0
5196	0
5197	3
5198	1
5199	2
5200	1
5201	2
5202	0
5203	1
5204	0
5205	2
5206	1
5207	0
5208	1
5209	1
5210	2
5211	4
5212	2
5213	1
5214	1
5215	2
5216	2
5217	0
5218	2
5219	2
5220	1
5221	1
5222	2
5223	1
5224	0
5225	1
5226	3
5227	0
5228	2
5229	0
5230	1
5231	2
5232	1
5233	2
5234	4
5235	0
5236	1
5237	0
5238	1
5239	2
5240	1
5241	2
5242	5
5243	1
5244	0
5245	2
5246	1
5247	0
5248	2
5249	0
5250	0
5251	0
5252	2
5253	0
5254	3
5255	1
5256	2
5257	2
5258	1
5259	0
5260	1
5261	1
5262	0
5263	0
5264	2
5265	2
5266	3
5267	1
5268	1
5269	2
5270	1
5271	0
5272	3
5273	0
5274	2
5275	0
5276	2
5277	3
5278	3
5279	2
5280	0
5281	3
5282	3
5283	0
5284	2
5285	0
5286	1
5287	0
5288	2
5289	2
5290	2
5291	3
5292	1
5293	2
5294	2
5295	2
5296	0
5297	1
5298	2
5299	0
5300	0
5301	2
5302	2
5303	1
5304	4
5305	3
5306	0
5307	3
5308	1
5309	0
5310	2
5311	4
5312	2
5313	1
5314	2
5315	0
5316	3
5317	1
5318	3
5319	3
5320	1
5321	1
5322	2
5323	1
5324	0
5325	1
5326	1
5327	2
5328	3
5329	3
5330	0
5331	2
5332	2
5333	0
5334	2
5335	3
5336	1
5337	3
5338	1
5339	2
5340	0
5341	1
5342	0
5343	1
5344	1
5345	0
5346	1
5347	2
5348	0
5349	2
5350	2
5351	1
5352	2
5353	1
5354	0
5355	1
5356	2
5357	1
5358	0
5359	1
5360	0
5361	0
5362	1
5363	1
5364	2
5365	1
5366	5
5367	2
5368	1
5369	0
5370	1
5371	0
5372	1
5373	1
5374	2
5375	5
5376	3
5377	2
5378	0
5379	2
5380	0
5381	1
5382	3
5383	4
5384	1
5385	2
5386	2
5387	1
5388	2
5389	4
5390	1
5391	1
5392	1
5393	0
5394	3
5395	1
5396	3
5397	1
5398	0
5399	1
5400	1
5401	0
5402	2
5403	1
5404	1
5405	3
5406	0
5407	2
5408	1
5409	2
5410	2
5411	3
5412	2
5413	1
5414	0
5415	2
5416	1
5417	2
5418	4
5419	1
5420	0
5421	1
5422	0
5423	2
5424	2
5425	3
5426	0
5427	0
5428	0
5429	1
5430	3
5431	1
5432	1
5433	2
5434	1
5435	2
5436	0
5437	2
5438	1
5439	2
5440	1
5441	4
5442	0
5443	3
5444	3
5445	2
5446	2
5447	0
5448	0
5449	4
5450	0
5451	1
5452	2
5453	1
5454	1
5455	1
5456	2
5457	3
5458	2
5459	2
5460	0
5461	4
5462	0
5463	0
5464	2
5465	2
5466	4
5467	4
5468	2
5469	1
5470	0
5471	2
5472	0
5473	2
5474	2
5475	5
5476	0
5477	0
5478	5
5479	2
5480	0
5481	1
5482	1
5483	4
5484	2
5485	1
5486	2
5487	1
5488	1
5489	4
5490	1
5491	1
5492	0
5493	2
5494	2
5495	4
5496	2
5497	1
5498	1
5499	1
5500	3
5501	1
5502	2
5503	1
5504	5
5505	1
5506	3
5507	3
5508	0
5509	2
5510	2
5511	2
5512	3
5513	0
5514	0
5515	2
5516	1
5517	4
5518	2
5519	1
5520	1
5521	2
5522	0
5523	2
5524	2
5525	2
5526	1
5527	5
5528	2
5529	2
5530	6
5531	1
5532	4
5533	3
5534	2
5535	5
5536	1
5537	2
5538	1
5539	0
5540	0
5541	0
5542	1
5543	2
5544	3
5545	2
5546	2
5547	1
5548	1
5549	1
5550	0
5551	1
5552	0
5553	1
5554	1
5555	4
5556	2
5557	1
5558	1
5559	0
5560	2
5561	3
5562	2
5563	3
5564	1
5565	2
5566	0
5567	1
5568	1
5569	1
5570	1
5571	0
5572	0
5573	1
5574	0
5575	3
5576	0
5577	2
5578	0
5579	2
5580	1
5581	0
5582	0
5583	1
5584	1
5585	0
5586	3
5587	0
5588	2
5589	2
5590	0
5591	1
5592	0
5593	1
5594	1
5595	2
5596	1
5597	1
5598	3
5599	0
5600	3
5601	1
5602	2
5603	3
5604	1
5605	3
5606	0
5607	1
5608	1
5609	3
5610	0
5611	1
5612	2
5613	0
5614	5
5615	1
5616	0
5617	0
5618	1
5619	1
5620	2
5621	1
5622	3
5623	1
5624	2
5625	0
5626	0
5627	2
5628	1
5629	0
5630	1
5631	0
5632	0
5633	3
5634	0
5635	0
5636	1
5637	0
5638	3
5639	1
5640	1
5641	1
5642	1
5643	2
5644	0
5645	0
5646	1
5647	1
5648	2
5649	1
5650	1
5651	2
5652	1
5653	0
5654	0
5655	2
5656	4
5657	1
5658	3
5659	1
5660	2
5661	1
5662	0
5663	1
5664	0
5665	0
5666	1
5667	2
5668	2
5669	0
5670	2
5671	1
5672	2
5673	0
5674	2
5675	1
5676	0
5677	4
5678	2
5679	4
5680	1
5681	0
5682	0
5683	1
5684	2
5685	3
5686	1
5687	0
5688	2
5689	2
5690	1
5691	1
5692	1
5693	0
5694	1
5695	1
5696	2
5697	1
5698	3
5699	1
5700	2
5701	1
5702	3
5703	0
5704	2
5705	0
5706	2
5707	0
5708	1
5709	2
5710	3
5711	1
5712	1
5713	0
5714	2
5715	1
5716	0
5717	0
5718	1
5719	1
5720	0
5721	1
5722	0
5723	1
5724	0
5725	0
5726	1
5727	2
5728	1
5729	2
5730	0
5731	2
5732	0
5733	1
5734	1
5735	0
5736	1
5737	2
5738	3
5739	3
5740	2
5741	1
5742	1
5743	3
5744	2
5745	0
5746	1
5747	3
5748	1
5749	3
5750	0
5751	1
5752	1
5753	2
5754	0
5755	3
5756	3
5757	1
5758	1
5759	1
5760	2
5761	2
5762	0
5763	1
5764	1
5765	0
5766	1
5767	0
5768	1
5769	2
5770	2
5771	3
5772	1
5773	1
5774	2
5775	1
5776	2
5777	0
5778	1
5779	1
5780	0
5781	1
5782	3
5783	3
5784	3
5785	0
5786	1
5787	4
5788	0
5789	2
5790	1
5791	1
5792	0
5793	3
5794	0
5795	2
5796	0
5797	0
5798	0
5799	4
5800	0
5801	2
5802	1
5803	3
5804	1
5805	0
5806	0
5807	3
5808	3
5809	1
5810	0
5811	2
5812	2
5813	1
5814	1
5815	2
5816	2
5817	1
5818	0
5819	0
5820	4
5821	0
5822	3
5823	1
5824	1
5825	0
5826	2
5827	2
5828	0
5829	3
5830	2
5831	1
5832	0
5833	0
5834	1
5835	0
5836	0
5837	2
5838	1
5839	0
5840	0
5841	1
5842	2
5843	1
5844	2
5845	2
5846	1
5847	2
5848	2
5849	2
5850	2
5851	2
5852	4
5853	2
5854	0
5855	1
5856	1
5857	1
5858	3
5859	1
5860	0
5861	0
5862	3
5863	0
5864	3
5865	1
5866	1
5867	0
5868	1
5869	0
5870	1
5871	0
5872	1
5873	3
5874	0
5875	0
5876	7
5877	0
5878	3
5879	1
5880	1
5881	4
5882	1
5883	2
5884	0
5885	3
5886	4
5887	2
5888	0
5889	2
5890	5
5891	1
5892	2
5893	1
5894	1
5895	3
5896	1
5897	1
5898	1
5899	1
5900	1
5901	2
5902	0
5903	3
5904	0
5905	1
5906	6
5907	1
5908	1
5909	2
5910	2
5911	0
5912	1
5913	4
5914	3
5915	0
5916	4
5917	1
5918	3
5919	1
5920	0
5921	1
5922	1
5923	2
5924	0
5925	1
5926	1
5927	2
5928	5
5929	3
5930	1
5931	1
5932	1
5933	1
5934	2
5935	1
5936	0
5937	4
5938	2
5939	1
5940	1
5941	1
5942	4
5943	3
5944	0
5945	3
5946	1
5947	0
5948	4
5949	0
5950	2
5951	0
5952	1
5953	0
5954	3
5955	1
5956	2
5957	1
5958	1
5959	1
5960	1
5961	1
5962	1
5963	4
5964	1
5965	0
5966	1
5967	0
5968	0
5969	1
5970	4
5971	0
5972	3
5973	3
5974	2
5975	0
5976	1
5977	3
5978	1
5979	0
5980	1
5981	0
5982	2
5983	2
5984	4
5985	1
5986	1
5987	2
5988	1
5989	1
5990	0
5991	0
5992	3
5993	0
5994	2
5995	3
5996	0
5997	2
5998	3
5999	1
6000	1
6001	2
6002	1
6003	1
6004	4
6005	1
6006	3
6007	3
6008	3
6009	2
6010	3
6011	1
6012	0
6013	2
6014	3
6015	2
6016	1
6017	1
6018	3
6019	1
6020	0
6021	3
6022	2
6023	0
6024	0
6025	2
6026	2
6027	0
6028	1
6029	0
6030	3
6031	3
6032	2
6033	2
6034	1
6035	1
6036	6
6037	3
6038	1
6039	1
6040	1
6041	1
6042	1
6043	2
6044	3
6045	1
6046	3
6047	3
6048	3
6049	3
6050	4
6051	1
6052	2
6053	1
6054	3
6055	1
6056	1
6057	1
6058	2
6059	1
6060	1
6061	1
6062	0
6063	3
6064	2
6065	1
6066	5
6067	1
6068	3
6069	1
6070	1
6071	3
6072	2
6073	1
6074	2
6075	5
6076	3
6077	1
6078	3
6079	1
6080	4
6081	2
6082	2
6083	1
6084	4
6085	1
6086	1
6087	2
6088	3
6089	4
6090	2
6091	1
6092	2
6093	1
6094	2
6095	1
6096	2
6097	4
6098	2
6099	2
6100	1
6101	3
6102	3
6103	2
6104	1
6105	1
6106	2
6107	0
6108	3
6109	0
6110	2
6111	2
6112	1
6113	3
6114	1
6115	2
6116	1
6117	4
6118	5
6119	1
6120	2
6121	1
6122	2
6123	3
6124	1
6125	0
6126	3
6127	0
6128	1
6129	1
6130	3
6131	2
6132	2
6133	0
6134	1
6135	1
6136	2
6137	1
6138	0
6139	1
6140	0
6141	2
6142	4
6143	2
6144	3
6145	2
6146	3
6147	2
6148	3
6149	1
6150	1
6151	2
6152	1
6153	4
6154	7
6155	4
6156	3
6157	0
6158	2
6159	4
6160	0
6161	2
6162	4
6163	1
6164	0
6165	1
6166	3
6167	3
6168	1
6169	3
6170	1
6171	4
6172	2
6173	2
6174	1
6175	2
6176	2
6177	3
6178	4
6179	1
6180	2
6181	0
6182	0
6183	3
6184	5
6185	3
6186	2
6187	1
6188	2
6189	3
6190	0
6191	0
6192	2
6193	4
6194	2
6195	1
6196	0
6197	3
6198	3
6199	4
6200	4
6201	1
6202	2
6203	3
6204	1
6205	2
6206	3
6207	3
6208	3
6209	2
6210	2
6211	3
6212	2
6213	2
6214	0
6215	3
6216	2
6217	2
6218	1
6219	3
6220	0
6221	2
6222	1
6223	3
6224	1
6225	5
6226	4
6227	6
6228	1
6229	4
6230	2
6231	4
6232	5
6233	1
6234	0
6235	1
6236	1
6237	3
6238	1
6239	2
6240	2
6241	4
6242	0
6243	0
6244	0
6245	1
6246	3
6247	2
6248	2
6249	3
6250	1
6251	1
6252	0
6253	3
6254	3
6255	2
6256	1
6257	3
6258	4
6259	0
6260	0
6261	2
6262	1
6263	1
6264	2
6265	4
6266	2
6267	0
6268	1
6269	5
6270	1
6271	4
6272	0
6273	3
6274	5
6275	3
6276	1
6277	1
6278	3
6279	1
6280	1
6281	2
6282	2
6283	1
6284	1
6285	0
6286	1
6287	3
6288	5
6289	1
6290	3
6291	3
6292	0
6293	1
6294	0
6295	2
6296	0
6297	1
6298	2
6299	1
6300	1
6301	1
6302	4
6303	0
6304	3
6305	0
6306	1
6307	7
6308	3
6309	2
6310	0
6311	3
6312	5
6313	2
6314	1
6315	3
6316	2
6317	1
6318	5
6319	1
6320	2
6321	1
6322	3
6323	0
6324	2
6325	3
6326	2
6327	2
6328	2
6329	2
6330	0
6331	3
6332	2
6333	0
6334	4
6335	2
6336	0
6337	2
6338	3
6339	2
6340	3
6341	1
6342	0
6343	3
6344	1
6345	3
6346	1
6347	3
6348	1
6349	2
6350	2
6351	0
6352	2
6353	2
6354	3
6355	2
6356	2
6357	3
6358	5
6359	4
6360	4
6361	2
6362	0
6363	4
6364	1
6365	0
6366	3
6367	2
6368	3
6369	1
6370	3
6371	3
6372	1
6373	2
6374	3
6375	2
6376	4
6377	1
6378	2
6379	3
6380	0
6381	1
6382	2
6383	0
6384	1
6385	3
6386	0
6387	3
6388	0
6389	0
6390	1
6391	2
6392	0
6393	3
6394	0
6395	1
6396	1
6397	1
6398	4
6399	3
6400	2
6401	1
6402	8
6403	0
6404	1
6405	1
6406	1
6407	0
6408	1
6409	3
6410	1
6411	1
6412	1
6413	2
6414	2
6415	2
6416	1
6417	4
6418	1
6419	1
6420	0
6421	0
6422	1
6423	0
6424	0
6425	1
6426	1
6427	1
6428	2
6429	4
6430	0
6431	3
6432	2
6433	0
6434	0
6435	1
6436	2
6437	1
6438	0
6439	1
6440	2
6441	3
6442	0
6443	4
6444	2
6445	4
6446	1
6447	2
6448	1
6449	3
6450	2
6451	1
6452	1
6453	5
6454	0
6455	0
6456	0
6457	0
6458	2
6459	1
6460	0
6461	2
6462	2
6463	2
6464	1
6465	1
6466	1
6467	1
6468	0
6469	1
6470	3
6471	1
6472	2
6473	0
6474	0
6475	2
6476	2
6477	1
6478	2
6479	0
6480	5
6481	1
6482	3
6483	2
6484	1
6485	3
6486	1
6487	0
6488	2
6489	0
6490	5
6491	2
6492	3
6493	2
6494	2
6495	4
6496	2
6497	1
6498	2
6499	1
6500	2
6501	1
6502	2
6503	3
6504	1
6505	0
6506	2
6507	3
6508	0
6509	1
6510	2
6511	3
6512	6
6513	0
6514	2
6515	3
6516	3
6517	2
6518	1
6519	2
6520	1
6521	3
6522	2
6523	1
6524	2
6525	3
6526	3
6527	3
6528	3
6529	3
6530	1
6531	1
6532	2
6533	1
6534	0
6535	2
6536	3
6537	2
6538	4
6539	1
6540	4
6541	1
6542	3
6543	2
6544	1
6545	1
6546	1
6547	2
6548	3
6549	2
6550	3
6551	1
6552	0
6553	6
6554	1
6555	0
6556	0
6557	1
6558	2
6559	3
6560	2
6561	1
6562	1
6563	3
6564	1
6565	0
6566	1
6567	2
6568	0
6569	1
6570	1
6571	3
6572	1
6573	2
6574	3
6575	0
6576	1
6577	1
6578	3
6579	2
6580	0
6581	1
6582	6
6583	5
6584	1
6585	3
6586	4
6587	0
6588	3
6589	1
6590	1
6591	2
6592	2
6593	1
6594	0
6595	1
6596	1
6597	0
6598	1
6599	1
6600	1
6601	4
6602	0
6603	1
6604	3
6605	2
6606	2
6607	3
6608	1
6609	1
6610	3
6611	1
6612	0
6613	3
6614	2
6615	1
6616	1
6617	0
6618	3
6619	5
6620	2
6621	1
6622	2
6623	3
6624	4
6625	2
6626	3
6627	2
6628	4
6629	2
6630	1
6631	1
6632	1
6633	1
6634	0
6635	3
6636	3
6637	6
6638	3
6639	3
6640	1
6641	0
6642	3
6643	3
6644	1
6645	3
6646	5
6647	1
6648	2
6649	1
6650	3
6651	4
6652	4
6653	3
6654	6
6655	5
6656	2
6657	3
6658	0
6659	2
6660	2
6661	1
6662	3
6663	3
6664	1
6665	4
6666	2
6667	3
6668	3
6669	6
6670	3
6671	9
6672	7
6673	9
6674	4
6675	5
6676	3
6677	3
6678	4
6679	6
6680	2
6681	4
6682	9
6683	4
6684	5
6685	7
6686	2
6687	6
6688	3
6689	13
6690	1
6691	2
6692	7
6693	4
6694	8
6695	5
6696	4
6697	4
6698	4
6699	2
6700	6
6701	2
6702	3
6703	2
6704	2
6705	5
6706	3
6707	9
6708	7
6709	7
6710	4
6711	9
6712	7
6713	7
6714	10
6715	9
6716	5
6717	4
6718	7
6719	4
6720	4
6721	2
6722	3
6723	2
6724	7
6725	8
6726	6
6727	6
6728	4
6729	4
6730	5
6731	6
6732	4
6733	11
6734	5
6735	4
6736	3
6737	2
6738	1
6739	3
6740	4
6741	5
6742	2
6743	3
6744	2
6745	1
6746	4
6747	3
6748	3
6749	3
6750	4
6751	5
6752	7
6753	3
6754	5
6755	5
6756	3
6757	5
6758	4
6759	4
6760	2
6761	1
6762	2
6763	5
6764	4
6765	1
6766	4
6767	4
6768	1
6769	1
6770	2
6771	4
6772	3
6773	2
6774	5
6775	1
6776	4
6777	3
6778	1
6779	1
6780	0
6781	4
6782	0
6783	1
6784	3
6785	2
6786	3
6787	2
6788	3
6789	3
6790	3
6791	3
6792	1
6793	2
6794	3
6795	3
6796	2
6797	1
6798	2
6799	3
6800	2
6801	3
6802	1
6803	4
6804	2
6805	2
6806	0
6807	0
6808	0
6809	1
6810	1
6811	3
6812	3
6813	2
6814	4
6815	1
6816	0
6817	1
6818	1
6819	2
6820	2
6821	1
6822	2
6823	2
6824	2
6825	2
6826	1
6827	1
6828	0
6829	3
6830	0
6831	3
6832	1
6833	0
6834	0
6835	1
6836	0
6837	1
6838	0
6839	0
6840	0
6841	0
6842	0
6843	3
6844	0
6845	0
6846	1
6847	1
6848	1
6849	2
6850	1
6851	1
6852	1
6853	1
6854	1
6855	1
6856	2
6857	3
6858	1
6859	4
6860	2
6861	3
6862	2
6863	0
6864	3
6865	0
6866	1
6867	2
6868	1
6869	0
6870	2
6871	1
6872	2
6873	1
6874	0
6875	2
6876	2
6877	0
6878	0
6879	0
6880	2
6881	1
6882	0
6883	1
6884	2
6885	1
6886	0
6887	4
6888	1
6889	1
6890	1
6891	0
6892	0
6893	0
6894	1
6895	1
6896	1
6897	2
6898	0
6899	0
6900	1
6901	3
6902	1
6903	0
6904	1
6905	2
6906	1
6907	0
6908	2
6909	1
6910	0
6911	0
6912	2
6913	2
6914	2
6915	2
6916	0
6917	2
6918	2
6919	1
6920	1
6921	2
6922	1
6923	1
6924	2
6925	3
6926	2
6927	3
6928	0
6929	2
6930	1
6931	1
6932	4
6933	1
6934	2
6935	0
6936	0
6937	1
6938	0
6939	1
6940	0
6941	2
6942	1
6943	0
6944	1
6945	0
6946	1
6947	0
6948	1
6949	3
6950	1
6951	0
6952	2
6953	1
6954	1
6955	2
6956	0
6957	0
6958	2
6959	1
6960	2
6961	2
6962	1
6963	2
6964	0
6965	2
6966	1
6967	2
6968	0
6969	2
6970	0
6971	1
6972	2
6973	1
6974	2
6975	1
6976	1
6977	2
6978	1
6979	0
6980	0
6981	2
6982	3
6983	4
6984	2
6985	2
6986	2
6987	4
6988	1
6989	0
6990	1
6991	2
6992	1
6993	1
6994	0
6995	1
6996	0
6997	2
6998	0
6999	1
7000	1
7001	2
7002	0
7003	0
7004	2
7005	3
7006	1
7007	0
7008	2
7009	0
7010	0
7011	2
7012	2
7013	3
7014	2
7015	0
7016	1
7017	0
7018	4
7019	2
7020	1
7021	1
7022	1
7023	1
7024	4
7025	1
7026	0
7027	0
7028	0
7029	2
7030	3
7031	1
7032	1
7033	0
7034	1
7035	2
7036	0
7037	3
7038	1
7039	0
7040	2
7041	0
7042	0
7043	2
7044	1
7045	1
7046	1
7047	1
7048	1
7049	1
7050	0
7051	2
7052	1
7053	3
7054	0
7055	2
7056	0
7057	2
7058	1
7059	0
7060	2
7061	3
7062	3
7063	2
7064	1
7065	3
7066	0
7067	0
7068	2
7069	2
7070	1
7071	1
7072	2
7073	2
7074	3
7075	2
7076	2
7077	2
7078	3
7079	1
7080	0
7081	3
7082	0
7083	1
7084	1
7085	0
7086	0
7087	0
7088	4
7089	2
7090	1
7091	3
7092	2
7093	1
7094	3
7095	2
7096	0
7097	3
7098	2
7099	2
7100	1
7101	3
7102	1
7103	2
7104	1
7105	2
7106	1
7107	2
7108	2
7109	0
7110	3
7111	1
7112	2
7113	2
7114	3
7115	2
7116	1
7117	1
7118	2
7119	1
7120	0
7121	1
7122	0
7123	2
7124	2
7125	1
7126	1
7127	0
7128	1
7129	2
7130	2
7131	1
7132	2
7133	1
7134	0
7135	2
7136	2
7137	2
7138	2
7139	0
7140	1
7141	2
7142	2
7143	2
7144	3
7145	0
7146	0
7147	1
7148	2
7149	0
7150	1
7151	1
7152	1
7153	0
7154	0
7155	2
7156	1
7157	1
7158	2
7159	0
7160	1
7161	2
7162	1
7163	1
7164	1
7165	3
7166	0
7167	2
7168	1
7169	3
7170	0
7171	2
7172	1
7173	0
7174	1
7175	0
7176	1
7177	1
7178	2
7179	3
7180	0
7181	0
7182	1
7183	6
7184	0
7185	2
7186	2
7187	2
7188	1
7189	0
7190	4
7191	6
7192	5
7193	0
7194	2
7195	3
7196	1
7197	0
7198	1
7199	0
7200	1
7201	2
7202	2
7203	1
7204	1
7205	2
7206	1
7207	1
7208	2
7209	2
7210	3
7211	2
7212	0
7213	1
7214	2
7215	0
7216	2
7217	0
7218	0
7219	2
7220	1
7221	2
7222	1
7223	1
7224	4
7225	2
7226	1
7227	0
7228	2
7229	2
7230	3
7231	2
7232	2
7233	2
7234	1
7235	0
7236	4
7237	2
7238	1
7239	0
7240	2
7241	0
7242	0
7243	3
7244	3
7245	4
7246	1
7247	1
7248	0
7249	5
7250	2
7251	1
7252	2
7253	2
7254	1
7255	2
7256	2
7257	5
7258	6
7259	1
7260	3
7261	2
7262	7
7263	2
7264	0
7265	4
7266	0
7267	1
7268	1
7269	2
7270	2
7271	4
7272	2
7273	2
7274	2
7275	4
7276	2
7277	3
7278	2
7279	2
7280	4
7281	3
7282	0
7283	2
7284	2
7285	6
7286	4
7287	4
7288	8
7289	5
7290	1
7291	4
7292	2
7293	2
7294	2
7295	2
7296	2
7297	5
7298	4
7299	3
7300	3
7301	3
7302	3
7303	2
7304	2
7305	2
7306	1
7307	2
7308	5
7309	0
7310	1
7311	3
7312	5
7313	2
7314	2
7315	0
7316	5
7317	1
7318	3
7319	2
7320	1
7321	1
7322	1
7323	3
7324	1
7325	0
7326	0
7327	1
7328	1
7329	1
7330	5
7331	2
7332	2
7333	3
7334	1
7335	1
7336	1
7337	0
7338	1
7339	1
7340	2
7341	1
7342	0
7343	2
7344	1
7345	1
7346	2
7347	1
7348	2
7349	2
7350	0
7351	1
7352	1
7353	1
7354	0
7355	0
7356	0
7357	0
7358	2
7359	0
7360	0
7361	1
7362	3
7363	2
7364	0
7365	0
7366	0
7367	0
7368	0
7369	0
7370	0
7371	0
7372	1
7373	0
7374	0
7375	0
7376	0
7377	1
7378	2
7379	0
7380	2
7381	0
7382	0
7383	0
7384	1
7385	1
7386	0
7387	0
7388	0
7389	0
7390	0
7391	0
7392	0
7393	0
7394	0
7395	0
7396	1
7397	1
7398	0
7399	0
7400	0
7401	0
7402	0
7403	0
7404	0
7405	0
7406	0
7407	0
7408	0
7409	0
7410	0
7411	0
7412	0
7413	0
7414	0
7415	0
7416	0
7417	0
7418	0
7419	0
7420	0
7421	0
7422	0
7423	0
7424	0
7425	0
7426	0
7427	0
7428	0
7429	0
7430	0
7431	0
7432	0
7433	0
7434	0
7435	0
7436	0
7437	0
7438	0
7439	0
7440	0
7441	0
7442	0
7443	0
7444	0
7445	0
7446	0
7447	0
7448	0
7449	0
7450	0
7451	0
7452	0
7453	0
7454	0
7455	0
7456	0
7457	0
7458	0
7459	0
7460	0
7461	0
7462	0
7463	0
7464	0
7465	1
7466	0
7467	0
7468	0
7469	0
7470	0
7471	0
7472	0
7473	0
7474	0
7475	0
7476	0
7477	0
7478	0
7479	0
7480	0
7481	0
7482	0
7483	0
7484	0
7485	0
7486	0
7487	0
7488	0
7489	0
7490	0
7491	0
7492	0
7493	0
7494	0
7495	0
7496	0
7497	0
7498	0
7499	0
7500	0
7501	0
7502	0
7503	0
7504	0
7505	0
7506	0
7507	0
7508	0
7509	0
7510	0
7511	0
7512	0
7513	1
7514	0
7515	0
7516	0
7517	0
7518	0
7519	0
7520	0
7521	0
7522	0
7523	0
7524	0
7525	0
7526	0
7527	0
7528	0
7529	0
7530	0
7531	0
7532	0
7533	0
7534	0
7535	0
7536	0
7537	0
7538	0
7539	0
7540	0
7541	0
7542	0
7543	0
7544	0
7545	0
7546	0
7547	0
7548	0
7549	0
7550	0
7551	0
7552	0
7553	0
7554	0
7555	0
7556	0
7557	0
7558	0
7559	0
7560	0
7561	0
7562	0
7563	0
7564	0
7565	0
7566	0
7567	0
7568	0
7569	0
7570	0
7571	0
7572	0
7573	0
7574	0
7575	0
7576	0
7577	0
7578	0
7579	0
7580	0
7581	0
7582	0
7583	0
7584	0
7585	0
7586	0
7587	0
7588	0
7589	0
7590	0
7591	0
7592	0
7593	0
7594	0
7595	0
7596	0
7597	0
7598	0
7599	0
7600	0
7601	1
7602	0
7603	1
7604	0
7605	0
7606	0
7607	0
7608	0
7609	0
7610	0
7611	0
7612	0
7613	0
7614	0
7615	0
7616	0
7617	0
7618	0
7619	0
7620	0
7621	0
7622	0
7623	0
7624	0
7625	0
7626	0
7627	0
7628	0
7629	0
7630	0
7631	0
7632	0
7633	0
7634	0
7635	0
7636	0
7637	0
7638	1
7639	1
7640	0
7641	0
7642	0
7643	0
7644	0
7645	0
7646	0
7647	0
7648	0
7649	0
7650	0
7651	0
7652	0
7653	0
7654	0
7655	0
7656	0
7657	0
7658	0
7659	0
7660	0
7661	0
7662	0
7663	0
7664	0
7665	0
7666	0
7667	0
7668	0
7669	0
7670	0
7671	0
7672	0
7673	0
7674	0
7675	0
7676	0
7677	0
7678	0
7679	0
7680	0
7681	0
7682	0
7683	0
7684	0
7685	0
7686	0
7687	0
7688	0
7689	0
7690	0
7691	0
7692	0
7693	0
7694	0
7695	0
7696	0
7697	0
7698	0
7699	0
7700	0
7701	0
7702	0
7703	0
7704	0
7705	0
7706	0
7707	0
7708	0
7709	0
7710	0
7711	0
7712	0
7713	0
7714	0
7715	0
7716	0
7717	0
7718	0
7719	0
7720	0
7721	0
7722	0
7723	1
7724	0
7725	0
7726	0
7727	0
7728	0
7729	0
7730	0
7731	0
7732	0
7733	0
7734	0
7735	0
7736	0
7737	0
7738	0
7739	0
7740	0
7741	0
7742	0
7743	0
7744	0
7745	0
7746	0
7747	0
7748	0
7749	0
7750	0
7751	0
7752	0
7753	0
7754	0
7755	0
7756	0
7757	0
7758	0
7759	0
7760	0
7761	0
7762	0
7763	0
7764	0
7765	0
7766	0
7767	0
7768	0
7769	0
7770	0
7771	0
7772	0
7773	0
7774	0
7775	0
7776	0
7777	1
7778	0
7779	0
7780	0
7781	0
7782	0
7783	1
7784	0
7785	0
7786	0
7787	0
7788	0
7789	0
7790	0
7791	0
7792	0
7793	0
7794	0
7795	0
7796	0
7797	0
7798	0
7799	0
7800	0
7801	0
7802	0
7803	0
7804	0
7805	0
7806	0
7807	0
7808	0
7809	0
7810	0
7811	0
7812	0
7813	0
7814	0
7815	0
7816	0
7817	0
7818	0
7819	0
7820	0
7821	0
7822	0
7823	1
7824	0
7825	0
7826	0
7827	0
7828	0
7829	0
7830	0
7831	0
7832	0
7833	0
7834	0
7835	0
7836	0
7837	0
7838	0
7839	0
7840	0
7841	0
7842	0
7843	0
7844	0
7845	0
7846	0
7847	0
7848	0
7849	0
7850	0
7851	0
7852	0
7853	0
7854	0
7855	0
7856	0
7857	0
7858	0
7859	0
7860	0
7861	0
7862	0
7863	0
7864	0
7865	0
7866	0
7867	0
7868	0
7869	0
7870	0
7871	0
7872	0
7873	0
7874	0
7875	0
7876	0
7877	0
7878	0
7879	0
7880	0
7881	0
7882	0
7883	0
7884	0
7885	1
7886	0
7887	0
7888	0
7889	0
7890	0
7891	0
7892	0
7893	0
7894	0
7895	0
7896	0
7897	0
7898	0
7899	0
7900	1
7901	1
7902	0
7903	0
7904	0
7905	0
7906	0
7907	0
7908	0
7909	0
7910	0
7911	0
7912	0
7913	0
7914	0
7915	0
7916	0
7917	0
7918	0
7919	0
7920	0
7921	0
7922	0
7923	0
7924	0
7925	0
7926	0
7927	1
7928	0
7929	0
7930	0
7931	0
7932	0
7933	0
7934	0
7935	0
7936	0
7937	0
7938	0
7939	0
7940	0
7941	0
7942	0
7943	0
7944	0
7945	0
7946	0
7947	0
7948	0
7949	0
7950	0
7951	0
7952	1
7953	0
7954	0
7955	0
7956	0
7957	0
7958	0
7959	0
7960	0
7961	0
7962	0
7963	0
7964	0
7965	0
7966	0
7967	0
7968	0
7969	0
7970	0
7971	0
7972	0
7973	0
7974	0
7975	0
7976	0
7977	0
7978	0
7979	0
7980	0
7981	0
7982	0
7983	0
7984	0
7985	0
7986	0
7987	0
7988	0
7989	0
7990	0
7991	0
7992	0
7993	0
7994	0
7995	0
7996	0
7997	0
7998	0
7999	0
8000	0
8001	0
8002	0
8003	0
8004	0
8005	0
8006	0
8007	0
8008	0
8009	0
8010	0
8011	0
8012	0
8013	0
8014	0
8015	0
8016	0
8017	0
8018	0
8019	0
8020	0
8021	0
8022	0
8023	0
8024	0
8025	0
8026	0
8027	0
8028	0
8029	0
8030	0
8031	0
8032	0
8033	0
8034	0
8035	0
8036	0
8037	0
8038	0
8039	0
8040	0
8041	0
8042	0
8043	0
8044	0
8045	0
8046	0
8047	0
8048	0
8049	0
8050	0
8051	0
8052	0
8053	0
8054	0
8055	0
8056	0
8057	0
8058	0
8059	0
8060	0
8061	0
8062	0
8063	0
8064	0
8065	0
8066	0
8067	0
8068	0
8069	0
8070	0
8071	0
8072	0
8073	0
8074	0
8075	0
8076	0
8077	0
8078	0
8079	0
8080	0
8081	0
8082	0
8083	0
8084	0
8085	0
8086	0
8087	0
8088	0
8089	0
8090	0
8091	0
8092	0
8093	0
8094	0
8095	0
8096	0
8097	0
8098	0
8099	0
8100	0
8101	0
8102	0
8103	0
8104	0
8105	0
8106	0
8107	0
8108	0
8109	0
8110	0
8111	0
8112	0
8113	0
8114	0
8115	0
8116	0
8117	0
8118	0
8119	0
8120	0
8121	0
8122	0
8123	0
8124	0
8125	0
8126	0
8127	0
8128	0
8129	0
8130	0
8131	0
8132	0
8133	0
8134	0
8135	0
8136	0
8137	0
8138	0
8139	0
8140	0
8141	0
8142	0
8143	0
8144	0
8145	0
8146	0
8147	0
8148	0
8149	0
8150	0
8151	0
8152	0
8153	0
8154	0
8155	0
8156	0
8157	0
8158	0
8159	0
8160	0
8161	0
8162	0
8163	0
8164	0
8165	0
8166	0
8167	0
8168	0
8169	0
8170	0
8171	0
8172	0
8173	0
8174	0
8175	0
8176	0
8177	0
8178	0
8179	0
8180	0
8181	0
8182	0
8183	0
8184	0
8185	0
8186	0
8187	0
8188	0
8189	0
8190	0
8191	0
