&a / °	I1 / %
5.459	0.0
5.454	0.0
5.449	0.0
5.443	0.0
5.438	0.0
5.433	0.0
5.428	0.0
5.422	0.0
5.417	0.0
5.412	0.0
5.406	0.0
5.401	0.0
5.396	0.0
5.390	0.0
5.385	0.0
5.380	0.0
5.375	0.0
5.369	0.0
5.364	0.0
5.359	0.0
5.353	0.0
5.348	0.0
5.343	0.0
5.337	0.0
5.332	0.0
5.327	0.0
5.322	0.0
5.316	0.0
5.311	0.0
5.306	0.0
5.300	0.0
5.295	0.0
5.290	0.0
5.284	0.0
5.279	0.0
5.274	0.0
5.269	0.0
5.263	0.0
5.258	0.0
5.253	0.0
5.247	0.0
5.242	0.0
5.237	0.0
5.231	0.0
5.226	0.0
5.221	0.0
5.216	0.0
5.210	0.0
5.205	0.0
5.200	0.0
5.194	0.0
5.189	0.0
5.184	0.0
5.178	0.0
5.173	0.0
5.168	0.0
5.162	0.0
5.157	0.0
5.152	0.0
5.147	0.0
5.141	0.0
5.136	0.0
5.131	0.0
5.125	0.0
5.120	0.0
5.115	0.0
5.109	0.0
5.104	0.0
5.099	0.0
5.094	0.0
5.088	0.0
5.083	0.0
5.078	0.0
5.072	0.0
5.067	0.0
5.062	0.0
5.056	0.0
5.051	0.0
5.046	0.0
5.040	0.0
5.035	0.0
5.030	0.0
5.025	0.0
5.019	0.0
5.014	0.0
5.009	0.0
5.003	0.0
4.998	0.0
4.993	0.0
4.987	0.0
4.982	0.0
4.977	0.0
4.971	0.0
4.966	0.0
4.961	0.0
4.956	0.0
4.950	0.0
4.945	0.0
4.940	0.0
4.934	0.0
4.929	0.0
4.924	0.0
4.918	0.0
4.913	0.0
4.908	0.0
4.902	0.0
4.897	0.0
4.892	0.0
4.887	0.0
4.881	0.0
4.876	0.0
4.871	0.0
4.865	0.0
4.860	0.0
4.855	0.0
4.849	0.0
4.844	0.0
4.839	0.0
4.833	0.0
4.828	0.0
4.823	0.0
4.818	0.0
4.812	0.0
4.807	0.0
4.802	0.0
4.796	0.0
4.791	0.0
4.786	0.0
4.780	0.0
4.775	0.1
4.770	0.0
4.764	0.0
4.759	0.0
4.754	0.0
4.748	0.0
4.743	0.0
4.738	0.0
4.733	0.0
4.727	0.0
4.722	0.0
4.717	0.0
4.711	0.0
4.706	0.0
4.701	0.0
4.695	0.0
4.690	0.0
4.685	0.0
4.679	0.0
4.674	0.0
4.669	0.0
4.663	0.0
4.658	0.0
4.653	0.0
4.648	0.0
4.642	0.0
4.637	0.0
4.632	0.0
4.626	0.0
4.621	0.0
4.616	0.0
4.610	0.0
4.605	0.0
4.600	0.0
4.594	0.0
4.589	0.0
4.584	0.0
4.578	0.0
4.573	0.0
4.568	0.0
4.563	0.1
4.557	0.0
4.552	0.1
4.547	0.1
4.541	0.1
4.536	0.0
4.531	0.0
4.525	0.0
4.520	0.0
4.515	0.0
4.509	0.0
4.504	0.0
4.499	0.0
4.493	0.0
4.488	0.1
4.483	0.1
4.478	0.1
4.472	0.0
4.467	0.0
4.462	0.0
4.456	0.0
4.451	0.0
4.446	0.1
4.440	0.1
4.435	0.1
4.430	0.0
4.424	0.1
4.419	0.1
4.414	0.1
4.408	0.1
4.403	0.1
4.398	0.1
4.392	0.1
4.387	0.1
4.382	0.1
4.377	0.1
4.371	0.1
4.366	0.1
4.361	0.1
4.355	0.1
4.350	0.1
4.345	0.1
4.339	0.2
4.334	0.1
4.329	0.2
4.323	0.2
4.318	0.2
4.313	0.2
4.307	0.2
4.302	0.2
4.297	0.3
4.291	0.3
4.286	0.3
4.281	0.3
4.275	0.4
4.270	0.4
4.265	0.4
4.260	0.4
4.254	0.4
4.249	0.4
4.244	0.4
4.238	0.4
4.233	0.4
4.228	0.4
4.222	0.4
4.217	0.4
4.212	0.4
4.206	0.4
4.201	0.4
4.196	0.4
4.190	0.4
4.185	0.4
4.180	0.4
4.174	0.4
4.169	0.5
4.164	0.6
4.158	0.7
4.153	0.7
4.148	0.7
4.143	0.7
4.137	0.8
4.132	0.8
4.127	0.8
4.121	0.8
4.116	0.8
4.111	0.7
4.105	0.8
4.100	0.8
4.095	0.8
4.089	0.8
4.084	0.8
4.079	0.8
4.073	0.8
4.068	0.8
4.063	0.8
4.057	0.8
4.052	0.8
4.047	0.8
4.041	0.8
4.036	0.8
4.031	0.8
4.025	0.8
4.020	0.8
4.015	0.8
4.009	0.8
4.004	0.9
3.999	1.2
3.994	1.2
3.988	1.2
3.983	1.2
3.978	1.2
3.972	1.2
3.967	1.2
3.962	1.2
3.956	1.2
3.951	1.2
3.946	1.3
3.940	1.2
3.935	1.2
3.930	1.2
3.924	1.2
3.919	1.2
3.914	1.2
3.908	1.2
3.903	1.6
3.898	1.6
3.892	1.6
3.887	1.6
3.882	1.7
3.876	1.7
3.871	1.7
3.866	1.7
3.860	1.8
3.855	1.8
3.850	1.8
3.844	1.6
3.839	1.6
3.834	1.4
3.829	1.3
3.823	1.3
3.818	1.5
3.813	1.6
3.807	2.0
3.802	2.0
3.797	2.2
3.791	2.4
3.786	2.8
3.781	2.8
3.775	2.8
3.770	2.6
3.765	2.6
3.759	2.6
3.754	2.6
3.749	2.5
3.743	2.4
3.738	2.0
3.733	2.0
3.727	1.8
3.722	1.9
3.717	2.3
3.711	2.7
3.706	2.8
3.701	2.8
3.695	2.9
3.690	3.3
3.685	3.8
3.679	4.0
3.674	3.8
3.669	3.6
3.663	3.6
3.658	3.6
3.653	3.6
3.647	3.6
3.642	3.2
3.637	2.8
3.632	2.4
3.626	2.4
3.621	2.4
3.616	2.7
3.610	3.2
3.605	3.6
3.600	3.6
3.594	3.6
3.589	4.0
3.584	4.4
3.578	5.1
3.573	5.2
3.568	4.8
3.562	4.4
3.557	4.3
3.552	4.4
3.546	4.7
3.541	4.7
3.536	4.3
3.530	3.8
3.525	3.2
3.520	2.8
3.514	2.8
3.509	3.1
3.504	3.6
3.498	4.3
3.493	4.4
3.488	4.4
3.482	4.4
3.477	5.1
3.472	6.0
3.466	6.8
3.461	6.6
3.456	6.0
3.450	5.3
3.445	5.3
3.440	5.6
3.434	6.0
3.429	5.5
3.424	5.0
3.418	4.2
3.413	3.6
3.408	3.2
3.402	3.2
3.397	3.4
3.392	4.2
3.386	5.0
3.381	5.4
3.376	5.3
3.370	5.3
3.365	5.7
3.360	6.8
3.354	8.0
3.349	8.4
3.344	7.6
3.338	6.8
3.333	6.4
3.328	6.8
3.322	7.2
3.317	7.1
3.312	6.3
3.306	5.5
3.301	4.6
3.296	4.0
3.291	3.6
3.285	3.6
3.280	4.0
3.275	5.2
3.269	6.4
3.264	6.8
3.259	6.4
3.253	6.2
3.248	6.5
3.243	7.7
3.237	9.0
3.232	9.4
3.227	8.9
3.221	8.1
3.216	7.5
3.211	7.7
3.205	8.4
3.200	8.5
3.195	7.7
3.189	6.6
3.184	5.5
3.179	4.7
3.173	4.0
3.168	4.0
3.163	4.1
3.157	4.9
3.152	6.3
3.147	7.6
3.141	8.0
3.136	7.6
3.131	7.4
3.125	8.0
3.120	9.6
3.115	11.6
3.109	12.0
3.104	11.2
3.099	10.0
3.093	9.2
3.088	9.2
3.083	10.0
3.077	10.1
3.072	9.4
3.067	8.0
3.061	6.8
3.056	5.6
3.051	4.8
3.045	4.4
3.040	4.4
3.035	4.8
3.029	6.0
3.024	7.6
3.019	8.8
3.013	9.2
3.008	9.1
3.003	8.8
2.997	9.6
2.992	11.7
2.987	14.1
2.981	14.5
2.976	13.5
2.971	11.9
2.965	10.7
2.960	10.7
2.955	11.5
2.949	11.9
2.944	11.5
2.939	10.0
2.933	8.4
2.928	6.8
2.923	5.6
2.917	5.2
2.912	4.8
2.907	5.2
2.901	6.2
2.896	7.8
2.891	9.7
2.885	10.8
2.880	11.0
2.875	10.8
2.869	10.8
2.864	11.6
2.859	14.0
2.853	16.4
2.848	17.2
2.843	16.4
2.837	14.8
2.832	13.1
2.827	12.4
2.821	12.9
2.816	13.7
2.811	13.6
2.805	12.5
2.800	10.9
2.795	9.2
2.789	7.6
2.784	6.5
2.779	5.8
2.773	5.7
2.768	6.0
2.763	7.2
2.757	9.2
2.752	11.1
2.747	12.4
2.741	12.8
2.736	12.9
2.731	12.4
2.725	12.7
2.720	14.7
2.715	17.5
2.709	19.5
2.704	19.8
2.699	18.5
2.693	16.4
2.688	15.0
2.683	14.7
2.677	15.5
2.672	16.0
2.667	15.6
2.661	14.0
2.656	12.0
2.651	10.0
2.645	8.4
2.640	7.2
2.635	6.6
2.629	6.4
2.624	6.8
2.619	7.8
2.613	9.4
2.608	11.6
2.602	13.6
2.597	14.5
2.592	14.8
2.586	14.5
2.581	14.6
2.576	15.7
2.570	17.6
2.565	19.2
2.560	20.0
2.554	19.6
2.549	18.4
2.544	16.8
2.538	15.6
2.533	15.6
2.528	16.5
2.522	17.7
2.517	17.7
2.512	16.5
2.506	14.7
2.501	12.7
2.496	10.9
2.490	9.3
2.485	8.3
2.480	7.6
2.474	7.4
2.469	7.7
2.464	8.9
2.458	10.8
2.453	12.9
2.448	14.7
2.442	15.9
2.437	16.3
2.432	16.3
2.426	16.2
2.421	16.8
2.416	18.8
2.410	22.0
2.405	24.8
2.400	26.2
2.394	25.7
2.389	24.0
2.384	21.7
2.378	20.0
2.373	19.5
2.368	20.2
2.362	20.8
2.357	20.5
2.352	18.9
2.346	16.9
2.341	14.8
2.336	12.8
2.330	10.9
2.325	9.6
2.320	8.4
2.314	8.0
2.309	7.9
2.304	8.4
2.298	9.6
2.293	11.6
2.288	13.6
2.282	15.6
2.277	16.8
2.272	17.6
2.266	17.6
2.261	17.6
2.256	17.9
2.250	19.2
2.245	21.9
2.240	25.1
2.234	27.6
2.229	28.8
2.223	28.1
2.218	26.0
2.213	23.6
2.207	21.6
2.202	20.8
2.197	21.5
2.191	22.4
2.186	22.5
2.181	21.4
2.175	19.4
2.170	17.2
2.165	15.1
2.159	13.1
2.154	11.5
2.149	10.0
2.143	9.1
2.138	8.4
2.133	8.4
2.127	8.8
2.122	9.8
2.117	11.3
2.111	13.5
2.106	15.6
2.101	17.6
2.095	18.9
2.090	19.6
2.085	19.5
2.079	19.2
2.074	19.3
2.069	20.5
2.063	23.0
2.058	26.6
2.053	29.5
2.047	31.2
2.042	31.2
2.037	29.6
2.031	27.2
2.026	24.8
2.021	22.8
2.015	22.2
2.010	22.8
2.005	23.9
1.999	24.2
1.994	23.4
1.989	21.3
1.983	18.9
1.978	16.5
1.972	14.6
1.967	12.8
1.962	11.6
1.956	10.4
1.951	9.3
1.946	8.6
1.940	8.4
1.935	8.7
1.930	9.6
1.924	11.1
1.919	13.2
1.914	15.2
1.908	17.4
1.903	19.0
1.898	20.2
1.892	20.8
1.887	21.1
1.882	21.0
1.876	21.0
1.871	21.6
1.866	23.4
1.860	26.2
1.855	29.4
1.850	31.9
1.844	33.1
1.839	32.7
1.834	31.1
1.828	28.7
1.823	26.3
1.818	24.2
1.812	23.2
1.807	23.4
1.802	24.5
1.796	25.7
1.791	26.1
1.786	24.9
1.780	23.2
1.775	21.1
1.769	18.8
1.764	16.6
1.759	14.6
1.753	12.8
1.748	11.6
1.743	10.4
1.737	9.6
1.732	9.2
1.727	9.2
1.721	9.5
1.716	10.1
1.711	11.1
1.705	12.7
1.700	14.7
1.695	17.1
1.689	19.3
1.684	21.2
1.679	22.4
1.673	23.2
1.668	23.4
1.663	23.1
1.657	22.7
1.652	22.7
1.647	23.0
1.641	24.6
1.636	27.1
1.631	30.6
1.625	33.8
1.620	36.3
1.615	37.0
1.609	36.3
1.604	34.3
1.599	31.5
1.593	28.3
1.588	25.5
1.582	23.8
1.577	23.4
1.572	24.3
1.566	25.9
1.561	27.5
1.556	28.4
1.550	28.0
1.545	26.8
1.540	24.7
1.534	22.3
1.529	19.9
1.524	17.6
1.518	15.5
1.513	13.9
1.508	12.4
1.502	11.4
1.497	10.6
1.492	10.2
1.486	10.0
1.481	10.0
1.476	10.0
1.470	10.4
1.465	10.8
1.460	11.6
1.454	13.2
1.449	15.2
1.444	17.6
1.438	20.0
1.433	22.1
1.428	23.7
1.422	24.5
1.417	24.9
1.411	24.6
1.406	24.1
1.401	23.5
1.395	23.1
1.390	22.8
1.385	23.2
1.379	24.4
1.374	26.7
1.369	29.7
1.363	33.3
1.358	36.7
1.353	39.1
1.347	39.9
1.342	39.5
1.337	37.6
1.331	35.1
1.326	31.9
1.321	29.0
1.315	26.4
1.310	24.7
1.305	23.9
1.299	24.1
1.294	25.2
1.289	27.0
1.283	28.6
1.278	30.0
1.273	30.3
1.267	29.9
1.262	28.3
1.256	26.1
1.251	23.6
1.246	21.2
1.240	18.8
1.235	16.6
1.230	14.6
1.224	13.2
1.219	12.0
1.214	11.2
1.208	10.4
1.203	10.0
1.198	9.6
1.192	9.5
1.187	9.4
1.182	9.4
1.176	9.5
1.171	9.7
1.166	10.1
1.160	10.8
1.155	11.6
1.150	12.9
1.144	14.6
1.139	16.8
1.134	19.2
1.128	21.6
1.123	23.6
1.118	25.3
1.112	26.5
1.107	27.1
1.101	26.8
1.096	26.4
1.091	25.6
1.085	24.9
1.080	24.2
1.075	23.8
1.069	23.4
1.064	23.4
1.059	23.6
1.053	24.6
1.048	26.4
1.043	29.0
1.037	32.3
1.032	35.9
1.027	39.2
1.021	41.9
1.016	43.4
1.011	44.1
1.005	43.6
1.000	42.0
0.995	39.2
0.989	36.1
0.984	32.9
0.979	30.1
0.973	27.7
0.968	25.9
0.962	24.6
0.957	24.1
0.952	23.9
0.946	24.3
0.941	24.8
0.936	26.0
0.930	27.6
0.925	29.4
0.920	30.8
0.914	31.9
0.909	32.0
0.904	32.0
0.898	31.4
0.893	30.4
0.888	28.7
0.882	26.7
0.877	24.0
0.872	21.3
0.866	18.8
0.861	17.0
0.856	15.4
0.850	14.3
0.845	13.3
0.840	12.5
0.834	11.7
0.829	11.0
0.823	10.6
0.818	10.4
0.813	10.1
0.807	10.0
0.802	9.9
0.797	9.8
0.791	9.6
0.786	9.6
0.781	9.6
0.775	9.6
0.770	9.6
0.765	10.0
0.759	10.0
0.754	10.4
0.749	10.8
0.743	11.2
0.738	11.6
0.733	12.3
0.727	13.1
0.722	14.1
0.717	15.2
0.711	16.4
0.706	17.9
0.701	19.6
0.695	21.2
0.690	23.1
0.684	24.7
0.679	26.2
0.674	27.4
0.668	28.2
0.663	28.6
0.658	28.9
0.652	28.9
0.647	28.9
0.642	28.5
0.636	28.0
0.631	27.3
0.626	26.8
0.620	26.0
0.615	25.6
0.610	25.2
0.604	24.8
0.599	24.4
0.594	24.1
0.588	24.0
0.583	24.0
0.578	24.1
0.572	24.4
0.567	24.6
0.561	25.0
0.556	25.7
0.551	26.9
0.545	28.0
0.540	29.3
0.535	30.6
0.529	32.2
0.524	34.1
0.519	36.1
0.513	38.1
0.508	40.2
0.503	42.2
0.497	43.9
0.492	45.1
0.487	46.3
0.481	47.1
0.476	47.9
0.471	48.1
0.465	48.1
0.460	47.5
0.455	46.6
0.449	45.2
0.444	43.6
0.438	41.9
0.433	40.1
0.428	38.4
0.422	37.1
0.417	35.9
0.412	34.5
0.406	32.7
0.401	30.7
0.396	28.7
0.390	27.5
0.385	26.8
0.380	26.5
0.374	26.2
0.369	25.8
0.364	25.3
0.358	25.0
0.353	24.4
0.348	24.0
0.342	23.9
0.337	23.9
0.332	23.9
0.326	23.9
0.321	24.1
0.316	24.6
0.310	24.8
0.305	24.8
0.299	24.5
0.294	24.4
0.289	24.6
0.283	25.0
0.278	25.5
0.273	26.3
0.267	26.9
0.262	27.6
0.257	28.1
0.251	28.7
0.246	29.1
0.241	29.5
0.235	29.9
0.230	30.1
0.225	30.2
0.219	30.5
0.214	30.7
0.209	31.1
0.203	31.3
0.198	31.6
0.193	31.6
0.187	31.6
0.182	31.7
0.176	31.8
0.171	31.9
0.166	32.1
0.160	32.2
0.155	32.3
0.150	32.1
0.144	32.0
0.139	31.8
0.134	31.8
0.128	31.7
0.123	31.7
0.118	31.4
0.112	31.4
0.107	31.4
0.102	31.6
0.096	31.7
0.091	31.7
0.086	31.6
0.080	31.3
0.075	30.8
0.070	30.6
0.064	30.5
0.059	30.8
0.053	30.5
0.048	30.5
0.043	30.1
0.037	29.8
0.032	29.6
0.027	29.9
0.021	30.0
0.016	30.0
0.011	30.1
0.005	30.2
0.000	30.5
-0.005	30.4
-0.011	30.2
-0.016	30.0
-0.021	29.5
-0.027	29.1
-0.032	28.3
-0.037	28.3
-0.043	28.7
-0.048	29.5
-0.053	30.1
-0.059	30.5
-0.064	30.7
-0.070	30.8
-0.075	30.8
-0.080	31.0
-0.086	31.0
-0.091	31.0
-0.096	31.1
-0.102	31.1
-0.107	31.1
-0.112	31.2
-0.118	31.2
-0.123	31.2
-0.128	31.2
-0.134	31.2
-0.139	31.2
-0.144	31.1
-0.150	31.0
-0.155	31.0
-0.160	31.0
-0.166	31.0
-0.171	30.8
-0.176	30.7
-0.182	30.4
-0.187	30.1
-0.193	29.7
-0.198	29.2
-0.203	28.7
-0.209	28.3
-0.214	27.6
-0.219	27.2
-0.225	26.8
-0.230	26.4
-0.235	25.9
-0.241	25.6
-0.246	25.2
-0.251	25.0
-0.257	24.7
-0.262	24.7
-0.267	24.6
-0.273	24.7
-0.278	24.7
-0.283	24.7
-0.289	24.5
-0.294	24.8
-0.299	24.9
-0.305	25.4
-0.310	26.0
-0.316	26.7
-0.321	27.2
-0.326	27.8
-0.332	28.2
-0.337	28.6
-0.342	29.0
-0.348	29.6
-0.353	30.3
-0.358	31.1
-0.364	31.8
-0.369	32.3
-0.374	32.7
-0.380	33.7
-0.385	34.7
-0.390	35.7
-0.396	36.7
-0.401	37.6
-0.406	38.4
-0.412	39.1
-0.417	39.6
-0.422	40.1
-0.428	40.5
-0.433	40.9
-0.438	41.0
-0.444	41.0
-0.449	40.8
-0.455	40.5
-0.460	39.9
-0.465	39.3
-0.471	38.7
-0.476	38.0
-0.481	37.2
-0.487	36.4
-0.492	35.4
-0.497	34.4
-0.503	33.3
-0.508	32.4
-0.513	31.2
-0.519	30.3
-0.524	29.2
-0.529	28.4
-0.535	27.6
-0.540	27.2
-0.545	26.7
-0.551	26.4
-0.556	26.0
-0.561	25.9
-0.567	25.7
-0.572	25.7
-0.578	25.7
-0.583	25.7
-0.588	25.8
-0.594	26.0
-0.599	25.9
-0.604	25.9
-0.610	25.6
-0.615	25.6
-0.620	25.3
-0.626	25.2
-0.631	24.8
-0.636	24.3
-0.642	23.6
-0.647	22.9
-0.652	22.2
-0.658	21.7
-0.663	21.0
-0.668	20.2
-0.674	19.4
-0.679	18.4
-0.684	17.5
-0.690	16.6
-0.695	15.7
-0.701	14.9
-0.706	14.1
-0.711	13.3
-0.717	12.8
-0.722	12.3
-0.727	11.8
-0.733	11.4
-0.738	11.2
-0.743	11.1
-0.749	10.8
-0.754	10.8
-0.759	10.8
-0.765	10.8
-0.770	10.8
-0.775	10.9
-0.781	11.2
-0.786	11.7
-0.791	12.1
-0.797	12.7
-0.802	13.2
-0.807	14.0
-0.813	14.8
-0.818	15.6
-0.823	16.4
-0.829	17.6
-0.834	18.8
-0.840	20.0
-0.845	20.9
-0.850	22.1
-0.856	23.1
-0.861	24.1
-0.866	24.9
-0.872	25.8
-0.877	26.6
-0.882	27.4
-0.888	27.8
-0.893	28.0
-0.898	27.9
-0.904	27.9
-0.909	27.7
-0.914	27.7
-0.920	27.6
-0.925	28.0
-0.930	28.4
-0.936	29.2
-0.941	30.3
-0.946	31.6
-0.952	33.0
-0.957	34.4
-0.962	35.5
-0.968	36.5
-0.973	37.1
-0.979	37.5
-0.984	37.2
-0.989	36.9
-0.995	36.1
-1.000	35.1
-1.005	33.5
-1.011	31.9
-1.016	30.5
-1.021	29.3
-1.027	28.0
-1.032	27.1
-1.037	26.2
-1.043	25.6
-1.048	25.2
-1.053	25.1
-1.059	24.7
-1.064	24.4
-1.069	24.0
-1.075	23.2
-1.080	22.5
-1.085	21.8
-1.091	21.1
-1.096	20.2
-1.101	19.0
-1.107	18.0
-1.112	16.8
-1.118	15.7
-1.123	14.6
-1.128	13.6
-1.134	12.8
-1.139	12.1
-1.144	11.6
-1.150	11.2
-1.155	11.2
-1.160	11.2
-1.166	11.3
-1.171	11.6
-1.176	12.0
-1.182	12.8
-1.187	13.5
-1.192	14.4
-1.198	15.5
-1.203	16.5
-1.208	17.8
-1.214	19.1
-1.219	20.4
-1.224	22.0
-1.230	23.3
-1.235	24.8
-1.240	25.7
-1.246	26.6
-1.251	27.0
-1.256	27.4
-1.262	27.5
-1.267	27.7
-1.273	27.9
-1.278	28.4
-1.283	29.2
-1.289	30.3
-1.294	31.5
-1.299	32.7
-1.305	33.5
-1.310	34.3
-1.315	34.5
-1.321	34.3
-1.326	33.6
-1.331	32.5
-1.337	31.3
-1.342	29.8
-1.347	28.1
-1.353	26.6
-1.358	25.2
-1.363	24.4
-1.369	24.0
-1.374	23.6
-1.379	23.2
-1.385	22.5
-1.390	21.8
-1.395	21.0
-1.401	20.1
-1.406	19.0
-1.411	17.8
-1.417	16.5
-1.422	15.1
-1.428	13.9
-1.433	12.8
-1.438	12.0
-1.444	11.2
-1.449	10.9
-1.454	10.8
-1.460	10.8
-1.465	11.1
-1.470	11.7
-1.476	12.5
-1.481	13.6
-1.486	14.8
-1.492	16.0
-1.497	17.4
-1.502	18.8
-1.508	20.2
-1.513	21.6
-1.518	22.8
-1.524	24.0
-1.529	24.8
-1.534	25.1
-1.540	25.1
-1.545	25.1
-1.550	25.2
-1.556	26.0
-1.561	27.0
-1.566	28.2
-1.572	29.2
-1.577	30.0
-1.582	30.3
-1.588	30.3
-1.593	29.6
-1.599	28.4
-1.604	26.7
-1.609	24.7
-1.615	22.8
-1.620	21.6
-1.625	20.8
-1.631	20.5
-1.636	20.2
-1.641	19.6
-1.647	18.5
-1.652	17.6
-1.657	16.4
-1.663	15.3
-1.668	14.0
-1.673	12.4
-1.679	11.2
-1.684	10.0
-1.689	9.2
-1.695	8.8
-1.700	8.8
-1.705	9.2
-1.711	9.7
-1.716	10.4
-1.721	11.3
-1.727	12.4
-1.732	13.4
-1.737	14.7
-1.743	16.0
-1.748	18.0
-1.753	19.7
-1.759	21.1
-1.764	21.9
-1.769	22.3
-1.775	22.3
-1.780	22.3
-1.786	22.5
-1.791	23.2
-1.796	24.4
-1.802	25.6
-1.807	26.4
-1.812	26.9
-1.818	26.8
-1.823	26.0
-1.828	24.4
-1.834	22.8
-1.839	20.9
-1.844	19.7
-1.850	18.7
-1.855	18.0
-1.860	17.6
-1.866	17.2
-1.871	16.4
-1.876	15.4
-1.882	14.1
-1.887	12.9
-1.892	11.6
-1.898	10.4
-1.903	9.2
-1.908	8.7
-1.914	8.4
-1.919	8.7
-1.924	9.2
-1.930	9.9
-1.935	10.7
-1.940	11.8
-1.946	13.0
-1.951	14.6
-1.956	16.1
-1.962	17.9
-1.967	19.1
-1.972	19.9
-1.978	19.9
-1.983	19.9
-1.989	19.9
-1.994	20.4
-1.999	21.3
-2.005	22.5
-2.010	23.4
-2.015	23.6
-2.021	23.2
-2.026	22.0
-2.031	20.1
-2.037	18.4
-2.042	16.9
-2.047	16.1
-2.053	15.7
-2.058	15.5
-2.063	15.1
-2.069	14.5
-2.074	13.6
-2.079	12.4
-2.085	11.2
-2.090	9.9
-2.095	8.7
-2.101	8.0
-2.106	7.6
-2.111	7.6
-2.117	8.0
-2.122	8.8
-2.127	9.7
-2.133	11.0
-2.138	12.4
-2.143	14.1
-2.149	15.6
-2.154	16.9
-2.159	17.4
-2.165	17.4
-2.170	17.0
-2.175	17.2
-2.181	17.9
-2.186	19.1
-2.191	20.2
-2.197	21.0
-2.202	21.2
-2.207	20.6
-2.213	19.0
-2.218	17.0
-2.223	15.3
-2.229	14.4
-2.234	13.7
-2.240	13.2
-2.245	12.8
-2.250	12.3
-2.256	11.6
-2.261	10.5
-2.266	9.1
-2.272	7.9
-2.277	7.1
-2.282	6.7
-2.288	6.4
-2.293	6.8
-2.298	7.5
-2.304	8.5
-2.309	9.7
-2.314	11.2
-2.320	12.6
-2.325	14.0
-2.330	14.5
-2.336	14.4
-2.341	13.7
-2.346	13.7
-2.352	14.1
-2.357	15.1
-2.362	16.3
-2.368	17.2
-2.373	16.4
-2.378	14.4
-2.384	12.0
-2.389	10.4
-2.394	9.6
-2.400	10.0
-2.405	10.5
-2.410	11.2
-2.416	11.2
-2.421	10.4
-2.426	9.2
-2.432	7.6
-2.437	6.4
-2.442	5.6
-2.448	5.3
-2.453	5.5
-2.458	5.9
-2.464	6.6
-2.469	7.5
-2.474	8.8
-2.480	10.4
-2.485	11.7
-2.490	12.4
-2.496	12.1
-2.501	11.4
-2.506	11.2
-2.512	11.6
-2.517	12.8
-2.522	14.2
-2.528	15.2
-2.533	15.1
-2.538	13.6
-2.544	11.6
-2.549	10.4
-2.554	9.7
-2.560	9.8
-2.565	10.0
-2.570	10.0
-2.576	9.2
-2.581	8.0
-2.586	6.7
-2.592	5.6
-2.597	4.9
-2.602	4.8
-2.608	4.8
-2.613	5.2
-2.619	5.6
-2.624	6.8
-2.629	8.2
-2.635	9.6
-2.640	10.4
-2.645	10.4
-2.651	9.6
-2.656	9.4
-2.661	9.8
-2.667	11.0
-2.672	12.3
-2.677	13.2
-2.683	12.6
-2.688	11.1
-2.693	9.5
-2.699	8.6
-2.704	8.3
-2.709	8.5
-2.715	8.6
-2.720	8.3
-2.725	7.2
-2.731	6.0
-2.736	4.4
-2.741	4.0
-2.747	3.9
-2.752	4.0
-2.757	4.4
-2.763	5.2
-2.768	6.0
-2.773	7.2
-2.779	8.4
-2.784	8.8
-2.789	8.3
-2.795	7.9
-2.800	7.9
-2.805	8.6
-2.811	9.7
-2.816	10.7
-2.821	10.7
-2.827	9.5
-2.832	7.9
-2.837	7.1
-2.843	6.8
-2.848	7.1
-2.853	7.2
-2.859	6.8
-2.864	5.6
-2.869	4.8
-2.875	4.0
-2.880	3.6
-2.885	3.4
-2.891	3.5
-2.896	3.9
-2.901	4.6
-2.907	5.5
-2.912	6.6
-2.917	7.0
-2.923	6.7
-2.928	6.3
-2.933	6.3
-2.939	6.8
-2.944	7.8
-2.949	8.6
-2.955	8.4
-2.960	7.2
-2.965	6.3
-2.971	5.5
-2.976	5.6
-2.981	5.6
-2.987	5.6
-2.992	5.2
-2.997	4.4
-3.003	3.6
-3.008	3.2
-3.013	2.8
-3.019	2.8
-3.024	3.2
-3.029	3.7
-3.035	4.4
-3.040	5.2
-3.045	5.6
-3.051	5.2
-3.056	4.8
-3.061	4.8
-3.067	5.2
-3.072	6.0
-3.077	6.6
-3.083	6.3
-3.088	5.5
-3.093	4.8
-3.099	4.4
-3.104	4.4
-3.109	4.4
-3.115	4.4
-3.120	4.0
-3.125	3.2
-3.131	2.8
-3.136	2.4
-3.141	2.4
-3.147	2.5
-3.152	2.9
-3.157	3.6
-3.163	4.0
-3.168	4.4
-3.173	4.0
-3.179	4.0
-3.184	4.0
-3.189	4.4
-3.195	4.8
-3.200	5.0
-3.205	4.6
-3.211	4.0
-3.216	3.6
-3.221	3.6
-3.227	3.6
-3.232	3.6
-3.237	3.2
-3.243	2.8
-3.248	2.3
-3.253	2.0
-3.259	2.0
-3.264	2.0
-3.269	2.4
-3.275	2.8
-3.280	3.2
-3.285	3.2
-3.291	2.9
-3.296	2.8
-3.301	2.8
-3.306	3.3
-3.312	3.6
-3.317	3.6
-3.322	3.2
-3.328	2.8
-3.333	2.7
-3.338	2.7
-3.344	2.7
-3.349	2.7
-3.354	2.2
-3.360	1.8
-3.365	1.5
-3.370	1.5
-3.376	1.5
-3.381	1.6
-3.386	2.0
-3.392	2.4
-3.397	2.4
-3.402	2.4
-3.408	2.1
-3.413	2.1
-3.418	2.4
-3.424	2.4
-3.429	2.4
-3.434	2.1
-3.440	1.9
-3.445	1.9
-3.450	1.9
-3.456	1.9
-3.461	1.6
-3.466	1.5
-3.472	1.2
-3.477	1.2
-3.482	1.2
-3.488	1.2
-3.493	1.2
-3.498	1.4
-3.504	1.4
-3.509	1.5
-3.514	1.4
-3.520	1.4
-3.525	1.4
-3.530	1.4
-3.536	1.4
-3.541	1.4
-3.546	1.2
-3.552	1.2
-3.557	1.2
-3.562	1.2
-3.568	1.2
-3.573	1.2
-3.578	1.1
-3.584	1.1
-3.589	1.0
-3.594	1.0
-3.600	1.0
-3.605	1.0
-3.610	1.0
-3.616	1.0
-3.621	0.9
-3.626	0.9
-3.632	0.9
-3.637	0.9
-3.642	0.9
-3.647	0.9
-3.653	0.8
-3.658	0.8
-3.663	0.8
-3.669	0.8
-3.674	0.8
-3.679	0.8
-3.685	0.8
-3.690	0.8
-3.695	0.8
-3.701	0.8
-3.706	0.8
-3.711	0.8
-3.717	0.8
-3.722	0.8
-3.727	0.8
-3.733	0.8
-3.738	0.8
-3.743	0.8
-3.749	0.8
-3.754	0.8
-3.759	0.8
-3.765	0.8
-3.770	0.8
-3.775	0.8
-3.781	0.8
-3.786	0.8
-3.791	0.8
-3.797	0.8
-3.802	0.8
-3.807	0.8
-3.813	0.8
-3.818	0.8
-3.823	0.8
-3.829	0.8
-3.834	0.8
-3.839	0.8
-3.844	0.8
-3.850	0.8
-3.855	0.8
-3.860	0.8
-3.866	0.8
-3.871	0.8
-3.876	0.8
-3.882	0.8
-3.887	0.8
-3.892	0.8
-3.898	0.8
-3.903	0.8
-3.908	0.8
-3.914	0.8
-3.919	0.8
-3.924	0.8
-3.930	0.8
-3.935	0.8
-3.940	0.8
-3.946	0.8
-3.951	0.8
-3.956	0.8
-3.962	0.8
-3.967	0.8
-3.972	0.8
-3.978	0.8
-3.983	0.8
-3.988	0.8
-3.994	0.8
-3.999	0.8
-4.004	0.8
-4.009	0.8
-4.015	0.8
-4.020	0.8
-4.025	0.8
-4.031	0.8
-4.036	0.8
-4.041	0.8
-4.047	0.8
-4.052	0.8
-4.057	0.8
-4.063	0.8
-4.068	0.8
-4.073	0.8
-4.079	0.8
-4.084	0.8
-4.089	0.8
-4.095	0.8
-4.100	0.8
-4.105	0.8
-4.111	0.8
-4.116	0.8
-4.121	0.8
-4.127	0.8
-4.132	0.8
-4.137	0.8
-4.143	0.8
-4.148	0.8
-4.153	0.8
-4.158	0.8
-4.164	0.8
-4.169	0.8
-4.174	0.8
-4.180	0.8
-4.185	0.8
-4.190	0.8
-4.196	0.8
-4.201	0.8
-4.206	0.8
-4.212	0.8
-4.217	0.8
-4.222	0.8
-4.228	0.8
-4.233	0.8
-4.238	0.8
-4.244	0.8
-4.249	0.8
-4.254	0.8
-4.260	0.8
-4.265	0.8
-4.270	0.8
-4.275	0.8
-4.281	0.8
-4.286	0.8
-4.291	0.8
-4.297	0.8
-4.302	0.8
-4.307	0.8
-4.313	0.8
-4.318	0.8
-4.323	0.8
-4.329	0.8
-4.334	0.8
-4.339	0.8
-4.345	0.8
-4.350	0.8
-4.355	0.8
-4.361	0.8
-4.366	0.8
-4.371	0.8
-4.377	0.8
-4.382	0.8
-4.387	0.8
-4.392	0.8
-4.398	0.8
-4.403	0.8
-4.408	0.8
-4.414	0.8
-4.419	0.8
-4.424	0.8
-4.430	0.8
-4.435	0.8
-4.440	0.8
-4.446	0.8
-4.451	0.8
-4.456	0.8
-4.462	0.8
-4.467	0.8
-4.472	0.8
-4.478	0.8
-4.483	0.8
-4.488	0.8
-4.493	0.8
-4.499	0.8
-4.504	0.8
-4.509	0.8
-4.515	0.8
-4.520	0.8
-4.525	0.8
-4.531	0.8
-4.536	0.8
-4.541	0.8
-4.547	0.8
-4.552	0.8
-4.557	0.8
-4.563	0.8
-4.568	0.8
-4.573	0.8
-4.578	0.8
-4.584	0.8
-4.589	0.8
-4.594	0.8
-4.600	0.8
-4.605	0.8
-4.610	0.8
-4.616	0.8
-4.621	0.8
-4.626	0.8
-4.632	0.8
-4.637	0.8
-4.642	0.8
-4.648	0.8
-4.653	0.8
-4.658	0.8
-4.663	0.8
-4.669	0.8
-4.674	0.8
-4.679	0.8
-4.685	0.8
-4.690	0.8
-4.695	0.8
-4.701	0.8
-4.706	0.8
-4.711	0.8
-4.717	0.8
-4.722	0.8
-4.727	0.8
-4.733	0.8
-4.738	0.8
-4.743	0.8
-4.748	0.8
-4.754	0.8
-4.759	0.8
-4.764	0.8
-4.770	0.8
-4.775	0.8
-4.780	0.8
-4.786	0.8
-4.791	0.8
-4.796	0.8
-4.802	0.8
-4.807	0.8
-4.812	0.8
-4.818	0.8
-4.823	0.8
-4.828	0.8
-4.833	0.8
-4.839	0.8
-4.844	0.8
-4.849	0.8
-4.855	0.8
-4.860	0.8
-4.865	0.8
-4.871	0.8
-4.876	0.8
-4.881	0.8
-4.887	0.8
-4.892	0.8
-4.897	0.8
-4.902	0.8
-4.908	0.8
-4.913	0.8
-4.918	0.8
-4.924	0.8
-4.929	0.8
-4.934	0.8
-4.940	0.8
-4.945	0.8
-4.950	0.8
-4.956	0.8
-4.961	0.8
-4.966	0.8
-4.971	0.8
-4.977	0.8
-4.982	0.8
-4.987	0.8
-4.993	0.8
-4.998	0.8
-5.003	0.8
-5.009	0.8
-5.014	0.8
-5.019	0.8
-5.025	0.8
-5.030	0.8
-5.035	0.8
-5.040	0.8
-5.046	0.8
-5.051	0.8
-5.056	0.8
-5.062	0.8
-5.067	0.8
-5.072	0.8
-5.078	0.8
-5.083	0.8
-5.088	0.8
-5.094	0.8
-5.099	0.8
-5.104	0.8
-5.109	0.8
-5.115	0.8
-5.120	0.8
-5.125	0.8
-5.131	0.8
-5.136	0.8
-5.141	0.8
-5.147	0.8
-5.152	0.8
-5.157	0.8
-5.162	0.8
-5.168	0.8
-5.173	0.8
-5.178	0.8
-5.184	0.8
-5.189	0.8
-5.194	0.8
-5.200	0.8
-5.205	0.8
-5.210	0.8
-5.216	0.8
-5.221	0.8
-5.226	0.8
-5.231	0.8
-5.237	0.8
-5.242	0.8
-5.247	0.8
-5.253	0.8
-5.258	0.8
-5.263	0.8
-5.269	0.8
-5.274	0.8
-5.279	0.8
-5.284	0.8
-5.290	0.8
-5.295	0.8
-5.300	0.8
-5.306	0.8
-5.311	0.8
-5.316	0.8
-5.322	0.8
-5.327	0.8
-5.332	0.8
-5.337	0.8
-5.343	0.8
-5.348	0.8
-5.353	0.8
-5.359	0.8
-5.364	0.8
-5.369	0.8
-5.375	0.8
-5.380	0.8
-5.385	0.8
-5.390	0.8
-5.396	0.8
-5.401	0.8
-5.406	0.8
-5.412	0.8
-5.417	0.8
-5.422	0.8
-5.428	0.8
-5.433	0.8
-5.438	0.8
-5.443	0.8
-5.449	0.8
-5.454	0.8
