#&a / °	I1 / %
5.459	0.0
5.454	0.0
5.449	0.0
5.443	0.0
5.438	0.0
5.433	0.0
5.428	0.0
5.422	0.0
5.417	0.0
5.412	0.0
5.406	0.0
5.401	0.0
5.396	0.0
5.390	0.0
5.385	0.0
5.380	0.0
5.375	0.0
5.369	0.0
5.364	0.0
5.359	0.0
5.353	0.0
5.348	0.0
5.343	0.0
5.337	0.0
5.332	0.0
5.327	0.0
5.322	0.0
5.316	0.0
5.311	0.0
5.306	0.0
5.300	0.0
5.295	0.0
5.290	0.0
5.284	0.0
5.279	0.0
5.274	0.0
5.269	0.0
5.263	0.0
5.258	0.0
5.253	0.0
5.247	0.0
5.242	0.0
5.237	0.0
5.231	0.0
5.226	0.0
5.221	0.0
5.216	0.0
5.210	0.0
5.205	0.0
5.200	0.0
5.194	0.0
5.189	0.0
5.184	0.0
5.178	0.0
5.173	0.0
5.168	0.0
5.162	0.0
5.157	0.0
5.152	0.0
5.147	0.0
5.141	0.0
5.136	0.0
5.131	0.0
5.125	0.0
5.120	0.0
5.115	0.0
5.109	0.0
5.104	0.0
5.099	0.0
5.094	0.0
5.088	0.0
5.083	0.0
5.078	0.0
5.072	0.0
5.067	0.0
5.062	0.0
5.056	0.0
5.051	0.0
5.046	0.0
5.040	0.0
5.035	0.0
5.030	0.0
5.025	0.0
5.019	0.0
5.014	0.0
5.009	0.0
5.003	0.0
4.998	0.0
4.993	0.0
4.987	0.0
4.982	0.0
4.977	0.0
4.971	0.0
4.966	0.0
4.961	0.0
4.956	0.0
4.950	0.0
4.945	0.0
4.940	0.0
4.934	0.0
4.929	0.0
4.924	0.0
4.918	0.0
4.913	0.0
4.908	0.0
4.902	0.0
4.897	0.0
4.892	0.0
4.887	0.0
4.881	0.0
4.876	0.0
4.871	0.0
4.865	0.0
4.860	0.0
4.855	0.0
4.849	0.0
4.844	0.0
4.839	0.0
4.833	0.0
4.828	0.0
4.823	0.0
4.818	0.0
4.812	0.0
4.807	0.0
4.802	0.0
4.796	0.0
4.791	0.0
4.786	0.0
4.780	0.0
4.775	0.0
4.770	0.0
4.764	0.0
4.759	0.0
4.754	0.0
4.748	0.0
4.743	0.0
4.738	0.0
4.733	0.0
4.727	0.0
4.722	0.0
4.717	0.0
4.711	0.0
4.706	0.0
4.701	0.0
4.695	0.0
4.690	0.0
4.685	0.0
4.679	0.0
4.674	0.0
4.669	0.0
4.663	0.0
4.658	0.0
4.653	0.0
4.648	0.0
4.642	0.0
4.637	0.1
4.632	0.1
4.626	0.1
4.621	0.1
4.616	0.1
4.610	0.1
4.605	0.1
4.600	0.1
4.594	0.1
4.589	0.1
4.584	0.1
4.578	0.1
4.573	0.1
4.568	0.1
4.563	0.1
4.557	0.1
4.552	0.1
4.547	0.1
4.541	0.1
4.536	0.1
4.531	0.1
4.525	0.1
4.520	0.1
4.515	0.1
4.509	0.1
4.504	0.1
4.499	0.1
4.493	0.0
4.488	0.0
4.483	0.0
4.478	0.1
4.472	0.1
4.467	0.1
4.462	0.1
4.456	0.1
4.451	0.1
4.446	0.1
4.440	0.1
4.435	0.1
4.430	0.1
4.424	0.1
4.419	0.1
4.414	0.1
4.408	0.1
4.403	0.2
4.398	0.1
4.392	0.2
4.387	0.1
4.382	0.2
4.377	0.1
4.371	0.2
4.366	0.1
4.361	0.2
4.355	0.2
4.350	0.2
4.345	0.2
4.339	0.3
4.334	0.3
4.329	0.3
4.323	0.3
4.318	0.3
4.313	0.3
4.307	0.3
4.302	0.3
4.297	0.4
4.291	0.4
4.286	0.4
4.281	0.4
4.275	0.4
4.270	0.4
4.265	0.4
4.260	0.4
4.254	0.4
4.249	0.4
4.244	0.4
4.238	0.4
4.233	0.4
4.228	0.4
4.222	0.4
4.217	0.4
4.212	0.4
4.206	0.4
4.201	0.4
4.196	0.4
4.190	0.4
4.185	0.4
4.180	0.5
4.174	0.5
4.169	0.6
4.164	0.6
4.158	0.7
4.153	0.7
4.148	0.8
4.143	0.8
4.137	0.8
4.132	0.8
4.127	0.8
4.121	0.8
4.116	0.8
4.111	0.8
4.105	0.8
4.100	0.8
4.095	0.8
4.089	0.8
4.084	0.8
4.079	0.8
4.073	0.8
4.068	0.8
4.063	0.8
4.057	0.8
4.052	0.8
4.047	0.8
4.041	0.9
4.036	0.9
4.031	0.9
4.025	0.9
4.020	0.9
4.015	0.9
4.009	1.0
4.004	1.2
3.999	1.2
3.994	1.2
3.988	1.2
3.983	1.2
3.978	1.2
3.972	1.2
3.967	1.2
3.962	1.2
3.956	1.2
3.951	1.2
3.946	1.5
3.940	1.5
3.935	1.5
3.930	1.2
3.924	1.2
3.919	1.2
3.914	1.4
3.908	1.5
3.903	1.6
3.898	1.6
3.892	1.6
3.887	1.6
3.882	1.8
3.876	1.8
3.871	1.8
3.866	1.8
3.860	1.8
3.855	1.8
3.850	1.9
3.844	1.9
3.839	1.9
3.834	1.7
3.829	1.7
3.823	1.7
3.818	1.9
3.813	2.0
3.807	2.1
3.802	2.1
3.797	2.4
3.791	2.4
3.786	2.8
3.781	2.8
3.775	2.8
3.770	2.6
3.765	2.5
3.759	2.5
3.754	2.7
3.749	2.7
3.743	2.7
3.738	2.4
3.733	2.4
3.727	2.4
3.722	2.4
3.717	2.8
3.711	3.1
3.706	3.1
3.701	3.1
3.695	3.1
3.690	3.5
3.685	4.0
3.679	4.3
3.674	4.0
3.669	3.6
3.663	3.5
3.658	3.5
3.653	3.7
3.647	4.0
3.642	3.8
3.637	3.4
3.632	3.1
3.626	2.8
3.621	2.8
3.616	3.2
3.610	3.7
3.605	4.0
3.600	4.0
3.594	4.0
3.589	4.0
3.584	4.5
3.578	5.2
3.573	5.3
3.568	4.9
3.562	4.5
3.557	4.1
3.552	4.4
3.546	4.8
3.541	5.2
3.536	4.8
3.530	4.4
3.525	4.0
3.520	3.6
3.514	3.5
3.509	3.9
3.504	4.4
3.498	4.8
3.493	4.8
3.488	4.8
3.482	4.8
3.477	5.2
3.472	6.4
3.466	7.2
3.461	7.1
3.456	6.4
3.450	5.6
3.445	5.2
3.440	5.3
3.434	5.8
3.429	6.0
3.424	5.6
3.418	5.2
3.413	4.4
3.408	4.0
3.402	4.0
3.397	4.4
3.392	5.2
3.386	5.6
3.381	5.6
3.376	5.2
3.370	5.2
3.365	5.6
3.360	7.1
3.354	8.5
3.349	8.8
3.344	8.0
3.338	7.2
3.333	6.4
3.328	6.4
3.322	6.8
3.317	7.5
3.312	7.2
3.306	6.4
3.301	5.6
3.296	4.8
3.291	4.4
3.285	4.4
3.280	5.2
3.275	6.4
3.269	7.2
3.264	7.1
3.259	6.6
3.253	6.2
3.248	6.6
3.243	7.9
3.237	9.5
3.232	10.0
3.227	9.6
3.221	8.4
3.216	7.5
3.211	7.3
3.205	7.9
3.200	8.8
3.195	8.8
3.189	8.0
3.184	6.8
3.179	5.6
3.173	5.1
3.168	4.8
3.163	5.2
3.157	6.5
3.152	7.9
3.147	8.5
3.141	8.2
3.136	7.8
3.131	7.4
3.125	8.0
3.120	10.0
3.115	12.3
3.109	13.0
3.104	12.0
3.099	10.4
3.093	9.2
3.088	8.5
3.083	9.2
3.077	10.1
3.072	10.5
3.067	9.7
3.061	8.5
3.056	7.2
3.051	6.1
3.045	5.3
3.040	5.6
3.035	6.5
3.029	8.1
3.024	9.4
3.019	9.9
3.013	9.5
3.008	9.0
3.003	8.8
2.997	9.8
2.992	12.1
2.987	14.8
2.981	15.6
2.976	14.4
2.971	12.6
2.965	11.0
2.960	10.2
2.955	10.6
2.949	11.7
2.944	12.4
2.939	11.7
2.933	10.4
2.928	8.8
2.923	7.6
2.917	6.8
2.912	6.4
2.907	6.8
2.901	8.4
2.896	10.0
2.891	11.3
2.885	11.6
2.880	11.2
2.875	10.7
2.869	10.6
2.864	11.6
2.859	14.4
2.853	17.2
2.848	18.3
2.843	17.5
2.837	15.6
2.832	13.4
2.827	12.2
2.821	12.1
2.816	13.2
2.811	14.4
2.805	14.4
2.800	13.2
2.795	11.6
2.789	9.7
2.784	8.4
2.779	7.5
2.773	7.5
2.768	8.3
2.763	9.9
2.757	11.9
2.752	13.2
2.747	13.6
2.741	13.2
2.736	12.4
2.731	12.0
2.725	12.5
2.720	14.9
2.715	18.1
2.709	20.5
2.704	20.9
2.699	19.4
2.693	17.1
2.688	15.1
2.683	13.9
2.677	14.3
2.672	15.8
2.667	16.6
2.661	16.3
2.656	14.8
2.651	12.8
2.645	10.8
2.640	9.2
2.635	8.4
2.629	8.1
2.624	8.9
2.619	10.4
2.613	12.4
2.608	14.4
2.602	15.5
2.597	15.6
2.592	15.1
2.586	14.4
2.581	14.4
2.576	15.6
2.570	17.9
2.565	19.9
2.560	21.0
2.554	20.6
2.549	19.1
2.544	17.4
2.538	15.8
2.533	15.0
2.528	15.5
2.522	17.1
2.517	18.7
2.512	18.7
2.506	17.6
2.501	15.6
2.496	13.6
2.490	12.0
2.485	10.5
2.480	9.6
2.474	9.6
2.469	10.4
2.464	12.0
2.458	14.0
2.453	15.7
2.448	16.7
2.442	17.1
2.437	16.7
2.432	16.1
2.426	15.7
2.421	16.5
2.416	18.9
2.410	22.4
2.405	25.6
2.400	27.4
2.394	27.0
2.389	25.1
2.384	22.5
2.378	20.0
2.373	18.5
2.368	18.6
2.362	19.9
2.357	21.2
2.352	21.2
2.346	20.0
2.341	18.0
2.336	16.0
2.330	14.0
2.325	12.4
2.320	11.2
2.314	10.4
2.309	10.4
2.304	11.4
2.298	13.1
2.293	15.1
2.288	16.8
2.282	18.1
2.277	18.5
2.272	18.5
2.266	18.0
2.261	17.6
2.256	17.6
2.250	19.2
2.245	22.1
2.240	25.7
2.234	28.6
2.229	30.2
2.223	29.6
2.218	27.5
2.213	24.6
2.207	21.9
2.202	20.2
2.197	19.9
2.191	21.0
2.186	22.5
2.181	23.2
2.175	22.5
2.170	20.9
2.165	18.8
2.159	16.4
2.154	14.4
2.149	12.8
2.143	11.6
2.138	10.8
2.133	10.8
2.127	11.6
2.122	13.2
2.117	15.2
2.111	17.2
2.106	18.9
2.101	20.2
2.095	20.6
2.090	20.4
2.085	19.6
2.079	19.0
2.074	19.0
2.069	20.4
2.063	23.2
2.058	27.1
2.053	30.4
2.047	32.4
2.042	32.7
2.037	31.3
2.031	28.6
2.026	25.6
2.021	22.8
2.015	21.2
2.010	20.9
2.005	22.1
1.999	23.7
1.994	24.8
1.989	24.4
1.983	22.8
1.978	20.5
1.972	18.5
1.967	16.5
1.962	14.8
1.956	13.2
1.951	12.0
1.946	11.2
1.940	11.2
1.935	11.6
1.930	12.8
1.924	14.8
1.919	17.2
1.914	19.3
1.908	20.8
1.903	21.5
1.898	21.8
1.892	21.6
1.887	21.2
1.882	20.7
1.876	20.6
1.871	21.2
1.866	23.2
1.860	26.4
1.855	30.0
1.850	33.0
1.844	34.7
1.839	34.4
1.834	32.9
1.828	30.3
1.823	27.5
1.818	24.7
1.812	22.8
1.807	21.9
1.802	22.3
1.796	23.9
1.791	25.7
1.786	26.6
1.780	26.4
1.775	25.2
1.769	23.4
1.764	21.2
1.759	18.9
1.753	16.8
1.748	15.1
1.743	13.5
1.737	12.5
1.732	11.7
1.727	11.7
1.721	12.0
1.716	13.2
1.711	14.8
1.705	17.1
1.700	19.4
1.695	21.6
1.689	23.1
1.684	24.0
1.679	24.4
1.673	24.0
1.668	23.5
1.663	22.8
1.657	22.1
1.652	22.0
1.647	22.4
1.641	24.2
1.636	27.2
1.631	31.1
1.625	34.9
1.620	37.8
1.615	38.8
1.609	38.2
1.604	36.2
1.599	33.2
1.593	29.6
1.588	26.4
1.582	23.9
1.577	22.7
1.572	22.5
1.566	23.5
1.561	25.2
1.556	27.2
1.550	28.8
1.545	29.6
1.540	28.8
1.534	27.2
1.529	25.1
1.524	22.8
1.518	20.2
1.513	18.1
1.508	16.1
1.502	14.6
1.497	13.4
1.492	12.7
1.486	12.4
1.481	12.3
1.476	12.4
1.470	13.1
1.465	14.2
1.460	15.8
1.454	18.0
1.449	20.4
1.444	22.8
1.438	24.7
1.433	25.9
1.428	26.3
1.422	26.0
1.417	25.4
1.411	24.5
1.406	23.6
1.401	22.8
1.395	22.4
1.390	22.3
1.385	22.9
1.379	24.2
1.374	26.7
1.369	30.0
1.363	34.1
1.358	38.0
1.353	40.8
1.347	41.9
1.342	41.7
1.337	39.9
1.331	37.2
1.326	33.6
1.321	30.3
1.315	27.1
1.310	24.8
1.305	23.2
1.299	22.5
1.294	22.8
1.289	24.0
1.283	25.6
1.278	27.7
1.273	29.7
1.267	31.2
1.262	31.6
1.256	31.2
1.251	29.7
1.246	27.7
1.240	25.3
1.235	22.8
1.230	20.0
1.224	17.9
1.219	16.0
1.214	14.5
1.208	13.3
1.203	12.5
1.198	11.8
1.192	11.5
1.187	11.3
1.182	11.5
1.176	11.7
1.171	12.1
1.166	12.9
1.160	14.2
1.155	15.8
1.150	18.1
1.144	20.5
1.139	22.9
1.134	25.3
1.128	27.0
1.123	28.0
1.118	28.3
1.112	28.0
1.107	27.4
1.101	26.4
1.096	25.5
1.091	24.7
1.085	23.9
1.080	23.2
1.075	22.8
1.069	22.7
1.064	22.8
1.059	23.2
1.053	24.4
1.048	26.4
1.043	29.2
1.037	32.6
1.032	36.6
1.027	40.3
1.021	43.5
1.016	45.4
1.011	46.4
1.005	46.1
1.000	44.5
0.995	41.8
0.989	38.6
0.984	35.1
0.979	31.9
0.973	29.1
0.968	26.8
0.962	24.9
0.957	23.7
0.952	22.8
0.946	22.5
0.941	22.4
0.936	23.1
0.930	24.2
0.925	25.7
0.920	27.4
0.914	28.9
0.909	30.2
0.904	31.6
0.898	32.8
0.893	33.8
0.888	34.1
0.882	33.6
0.877	31.9
0.872	29.5
0.866	26.7
0.861	24.3
0.856	22.1
0.850	20.4
0.845	18.8
0.840	17.2
0.834	15.6
0.829	14.4
0.823	13.6
0.818	13.2
0.813	12.8
0.807	12.4
0.802	12.0
0.797	11.9
0.791	11.6
0.786	11.6
0.781	11.6
0.775	11.7
0.770	11.8
0.765	12.2
0.759	12.5
0.754	13.2
0.749	13.9
0.743	14.8
0.738	15.6
0.733	16.6
0.727	18.0
0.722	19.7
0.717	21.4
0.711	23.4
0.706	25.0
0.701	26.7
0.695	28.0
0.690	29.2
0.684	29.8
0.679	30.4
0.674	30.4
0.668	30.3
0.663	29.6
0.658	29.1
0.652	28.4
0.647	27.9
0.642	27.2
0.636	26.6
0.631	26.0
0.626	25.5
0.620	24.8
0.615	24.3
0.610	24.0
0.604	23.8
0.599	23.5
0.594	23.5
0.588	23.3
0.583	23.5
0.578	23.6
0.572	23.7
0.567	24.0
0.561	24.6
0.556	25.4
0.551	26.6
0.545	27.8
0.540	29.1
0.535	30.7
0.529	32.6
0.524	34.6
0.519	36.7
0.513	38.9
0.508	41.1
0.503	43.3
0.497	45.3
0.492	46.9
0.487	48.1
0.481	49.2
0.476	50.1
0.471	50.5
0.465	50.7
0.460	50.2
0.455	49.3
0.449	48.0
0.444	46.5
0.438	44.7
0.433	42.8
0.428	41.0
0.422	39.5
0.417	38.0
0.412	36.7
0.406	34.7
0.401	32.4
0.396	30.4
0.390	29.0
0.385	28.1
0.380	27.6
0.374	27.1
0.369	26.5
0.364	25.7
0.358	25.2
0.353	24.4
0.348	24.0
0.342	23.6
0.337	23.2
0.332	23.0
0.326	22.9
0.321	22.9
0.316	22.9
0.310	22.9
0.305	22.8
0.299	22.4
0.294	22.2
0.289	22.1
0.283	22.5
0.278	22.8
0.273	23.2
0.267	23.7
0.262	24.4
0.257	24.8
0.251	25.2
0.246	25.5
0.241	25.9
0.235	26.3
0.230	26.7
0.225	27.0
0.219	27.3
0.214	27.6
0.209	28.0
0.203	28.4
0.198	28.8
0.193	29.1
0.187	29.4
0.182	29.7
0.176	30.0
0.171	30.1
0.166	30.5
0.160	30.9
0.155	31.2
0.150	31.2
0.144	31.2
0.139	31.2
0.134	31.5
0.128	31.6
0.123	31.6
0.118	31.6
0.112	31.7
0.107	32.0
0.102	32.4
0.096	32.8
0.091	32.9
0.086	32.9
0.080	32.7
0.075	32.3
0.070	32.3
0.064	32.3
0.059	32.6
0.053	32.5
0.048	32.4
0.043	32.0
0.037	31.8
0.032	31.8
0.027	32.0
0.021	32.3
0.016	32.6
0.011	32.6
0.005	32.8
0.000	32.8
-0.005	32.6
-0.011	32.2
-0.016	32.0
-0.021	31.5
-0.027	30.8
-0.032	30.0
-0.037	30.0
-0.043	30.5
-0.048	31.3
-0.053	31.7
-0.059	32.0
-0.064	32.0
-0.070	32.1
-0.075	32.0
-0.080	32.0
-0.086	31.9
-0.091	31.9
-0.096	31.7
-0.102	31.6
-0.107	31.3
-0.112	31.3
-0.118	31.2
-0.123	31.1
-0.128	30.8
-0.134	30.6
-0.139	30.3
-0.144	30.0
-0.150	29.7
-0.155	29.6
-0.160	29.3
-0.166	29.3
-0.171	29.0
-0.176	28.7
-0.182	28.4
-0.187	28.0
-0.193	27.5
-0.198	27.0
-0.203	26.4
-0.209	25.9
-0.214	25.3
-0.219	24.6
-0.225	24.2
-0.230	24.0
-0.235	23.6
-0.241	23.2
-0.246	22.8
-0.251	22.8
-0.257	22.8
-0.262	22.8
-0.267	22.8
-0.273	22.9
-0.278	23.0
-0.283	23.3
-0.289	23.3
-0.294	23.6
-0.299	23.9
-0.305	24.6
-0.310	25.3
-0.316	26.1
-0.321	26.9
-0.326	27.7
-0.332	28.4
-0.337	28.9
-0.342	29.4
-0.348	30.2
-0.353	31.0
-0.358	32.1
-0.364	33.0
-0.369	33.7
-0.374	34.3
-0.380	35.4
-0.385	36.6
-0.390	37.8
-0.396	38.7
-0.401	39.7
-0.406	40.4
-0.412	41.2
-0.417	41.6
-0.422	42.2
-0.428	42.6
-0.433	42.8
-0.438	42.8
-0.444	42.8
-0.449	42.5
-0.455	42.2
-0.460	41.5
-0.465	40.7
-0.471	40.0
-0.476	39.2
-0.481	38.2
-0.487	37.2
-0.492	36.1
-0.497	34.9
-0.503	33.8
-0.508	32.6
-0.513	31.4
-0.519	30.2
-0.524	29.1
-0.529	28.2
-0.535	27.4
-0.540	26.8
-0.545	26.2
-0.551	25.8
-0.556	25.6
-0.561	25.6
-0.567	25.4
-0.572	25.4
-0.578	25.3
-0.583	25.3
-0.588	25.4
-0.594	25.7
-0.599	26.0
-0.604	26.3
-0.610	26.4
-0.615	26.5
-0.620	26.7
-0.626	26.9
-0.631	26.9
-0.636	26.8
-0.642	26.5
-0.647	26.1
-0.652	25.6
-0.658	25.2
-0.663	24.4
-0.668	24.0
-0.674	23.2
-0.679	22.4
-0.684	21.5
-0.690	20.7
-0.695	19.9
-0.701	19.0
-0.706	18.2
-0.711	17.4
-0.717	16.5
-0.722	15.9
-0.727	15.2
-0.733	14.8
-0.738	14.4
-0.743	14.0
-0.749	13.9
-0.754	13.9
-0.759	13.8
-0.765	13.8
-0.770	13.9
-0.775	14.3
-0.781	14.6
-0.786	15.1
-0.791	15.6
-0.797	16.4
-0.802	16.9
-0.807	17.9
-0.813	18.8
-0.818	19.8
-0.823	20.9
-0.829	22.1
-0.834	22.9
-0.840	24.1
-0.845	25.1
-0.850	26.2
-0.856	27.0
-0.861	27.6
-0.866	28.0
-0.872	28.4
-0.877	28.5
-0.882	28.5
-0.888	28.0
-0.893	27.6
-0.898	27.1
-0.904	26.7
-0.909	26.3
-0.914	26.3
-0.920	26.4
-0.925	27.1
-0.930	28.0
-0.936	29.3
-0.941	30.8
-0.946	32.6
-0.952	34.3
-0.957	35.9
-0.962	37.1
-0.968	38.1
-0.973	38.8
-0.979	39.1
-0.984	38.8
-0.989	38.2
-0.995	37.3
-1.000	36.0
-1.005	34.2
-1.011	32.5
-1.016	30.9
-1.021	29.5
-1.027	28.0
-1.032	26.8
-1.037	25.9
-1.043	25.4
-1.048	25.0
-1.053	25.1
-1.059	25.1
-1.064	25.2
-1.069	25.2
-1.075	25.2
-1.080	24.7
-1.085	24.4
-1.091	24.0
-1.096	23.4
-1.101	22.5
-1.107	21.6
-1.112	20.6
-1.118	19.7
-1.123	18.5
-1.128	17.6
-1.134	16.8
-1.139	16.0
-1.144	15.2
-1.150	14.6
-1.155	14.2
-1.160	14.2
-1.166	14.2
-1.171	14.7
-1.176	15.2
-1.182	16.0
-1.187	16.9
-1.192	18.1
-1.198	19.2
-1.203	20.5
-1.208	21.7
-1.214	22.9
-1.219	24.1
-1.224	25.4
-1.230	26.5
-1.235	27.4
-1.240	27.8
-1.246	27.8
-1.251	27.4
-1.256	27.0
-1.262	26.7
-1.267	26.7
-1.273	27.1
-1.278	28.1
-1.283	29.3
-1.289	31.0
-1.294	32.5
-1.299	34.1
-1.305	35.1
-1.310	35.8
-1.315	36.0
-1.321	35.7
-1.326	34.7
-1.331	33.5
-1.337	31.9
-1.342	30.2
-1.347	28.3
-1.353	26.6
-1.358	25.2
-1.363	24.4
-1.369	24.0
-1.374	24.0
-1.379	24.0
-1.385	24.0
-1.390	23.6
-1.395	23.3
-1.401	22.7
-1.406	22.0
-1.411	20.9
-1.417	19.8
-1.422	18.5
-1.428	17.4
-1.433	16.3
-1.438	15.3
-1.444	14.5
-1.449	14.0
-1.454	13.6
-1.460	13.6
-1.465	14.0
-1.470	14.8
-1.476	15.6
-1.481	16.8
-1.486	18.0
-1.492	19.5
-1.497	20.8
-1.502	22.3
-1.508	23.5
-1.513	24.4
-1.518	25.0
-1.524	25.3
-1.529	25.0
-1.534	24.5
-1.540	24.1
-1.545	24.1
-1.550	24.8
-1.556	26.0
-1.561	27.6
-1.566	29.1
-1.572	30.4
-1.577	31.4
-1.582	31.7
-1.588	31.6
-1.593	30.6
-1.599	29.2
-1.604	27.2
-1.609	25.0
-1.615	23.0
-1.620	21.6
-1.625	20.9
-1.631	20.9
-1.636	20.9
-1.641	20.9
-1.647	20.5
-1.652	19.7
-1.657	18.7
-1.663	18.0
-1.668	16.8
-1.673	15.6
-1.679	14.0
-1.684	12.8
-1.689	12.0
-1.695	11.6
-1.700	11.2
-1.705	11.6
-1.711	12.3
-1.716	13.2
-1.721	14.2
-1.727	15.4
-1.732	16.4
-1.737	17.6
-1.743	19.2
-1.748	20.8
-1.753	22.0
-1.759	22.4
-1.764	22.0
-1.769	21.6
-1.775	21.3
-1.780	21.6
-1.786	22.4
-1.791	23.8
-1.796	25.2
-1.802	26.8
-1.807	27.6
-1.812	28.1
-1.818	27.7
-1.823	26.6
-1.828	24.9
-1.834	22.9
-1.839	20.9
-1.844	19.7
-1.850	18.9
-1.855	18.8
-1.860	18.7
-1.866	18.5
-1.871	18.0
-1.876	17.3
-1.882	16.5
-1.887	15.6
-1.892	14.4
-1.898	13.2
-1.903	12.0
-1.908	11.2
-1.914	10.8
-1.919	10.8
-1.924	11.4
-1.930	12.2
-1.935	13.2
-1.940	14.4
-1.946	15.8
-1.951	17.4
-1.956	18.8
-1.962	20.0
-1.967	20.3
-1.972	19.9
-1.978	19.2
-1.983	19.2
-1.989	19.6
-1.994	20.8
-1.999	22.1
-2.005	23.6
-2.010	24.5
-2.015	24.8
-2.021	24.0
-2.026	22.5
-2.031	20.4
-2.037	18.4
-2.042	16.8
-2.047	16.1
-2.053	16.0
-2.058	16.1
-2.063	16.1
-2.069	16.0
-2.074	15.5
-2.079	14.7
-2.085	13.6
-2.090	12.4
-2.095	11.2
-2.101	10.4
-2.106	9.9
-2.111	9.9
-2.117	10.3
-2.122	11.1
-2.127	12.1
-2.133	13.6
-2.138	15.2
-2.143	16.7
-2.149	17.7
-2.154	18.1
-2.159	17.5
-2.165	16.8
-2.170	16.4
-2.175	16.8
-2.181	18.0
-2.186	19.6
-2.191	21.1
-2.197	22.0
-2.202	22.1
-2.207	21.2
-2.213	19.3
-2.218	17.0
-2.223	15.2
-2.229	14.3
-2.234	13.9
-2.240	13.8
-2.245	13.4
-2.250	13.3
-2.256	12.9
-2.261	12.5
-2.266	11.6
-2.272	10.3
-2.277	9.1
-2.282	8.4
-2.288	8.2
-2.293	8.6
-2.298	9.4
-2.304	10.7
-2.309	12.1
-2.314	13.7
-2.320	14.9
-2.325	15.4
-2.330	14.7
-2.336	13.8
-2.341	13.2
-2.346	13.6
-2.352	14.4
-2.357	15.7
-2.362	17.2
-2.368	18.1
-2.373	17.2
-2.378	14.8
-2.384	12.3
-2.389	10.4
-2.394	9.6
-2.400	10.0
-2.405	10.6
-2.410	11.5
-2.416	11.8
-2.421	11.9
-2.426	11.1
-2.432	9.9
-2.437	8.4
-2.442	7.4
-2.448	6.8
-2.453	6.9
-2.458	7.3
-2.464	8.3
-2.469	9.6
-2.474	11.2
-2.480	12.4
-2.485	13.1
-2.490	12.6
-2.496	11.7
-2.501	10.9
-2.506	10.9
-2.512	11.7
-2.517	13.3
-2.522	14.9
-2.528	16.0
-2.533	15.7
-2.538	14.0
-2.544	12.0
-2.549	10.4
-2.554	9.6
-2.560	9.6
-2.565	10.1
-2.570	10.5
-2.576	10.4
-2.581	9.7
-2.586	8.5
-2.592	7.3
-2.597	6.4
-2.602	6.0
-2.608	6.0
-2.613	6.4
-2.619	7.3
-2.624	8.8
-2.629	10.1
-2.635	10.9
-2.640	10.5
-2.645	9.7
-2.651	9.1
-2.656	9.2
-2.661	10.0
-2.667	11.5
-2.672	13.1
-2.677	13.9
-2.683	13.1
-2.688	11.4
-2.693	9.5
-2.699	8.4
-2.704	8.0
-2.709	8.4
-2.715	8.8
-2.720	9.2
-2.725	8.8
-2.731	7.6
-2.736	5.9
-2.741	5.2
-2.747	4.8
-2.752	4.9
-2.757	5.5
-2.763	6.4
-2.768	7.6
-2.773	8.8
-2.779	9.2
-2.784	8.6
-2.789	7.8
-2.795	7.5
-2.800	7.8
-2.805	8.9
-2.811	10.1
-2.816	11.2
-2.821	11.1
-2.827	9.6
-2.832	8.0
-2.837	7.1
-2.843	6.7
-2.848	6.9
-2.853	7.2
-2.859	7.5
-2.864	7.1
-2.869	6.1
-2.875	5.1
-2.880	4.4
-2.885	4.1
-2.891	4.4
-2.896	4.8
-2.901	5.9
-2.907	6.8
-2.912	7.3
-2.917	6.9
-2.923	6.4
-2.928	6.0
-2.933	6.0
-2.939	6.8
-2.944	8.0
-2.949	8.8
-2.955	8.7
-2.960	7.5
-2.965	6.3
-2.971	5.5
-2.976	5.4
-2.981	5.6
-2.987	6.0
-2.992	6.0
-2.997	5.2
-3.003	4.4
-3.008	4.0
-3.013	3.6
-3.019	3.6
-3.024	4.0
-3.029	4.8
-3.035	5.6
-3.040	6.0
-3.045	5.6
-3.051	5.2
-3.056	4.8
-3.061	4.9
-3.067	5.6
-3.072	6.4
-3.077	6.8
-3.083	6.4
-3.088	5.6
-3.093	4.8
-3.099	4.4
-3.104	4.4
-3.109	4.4
-3.115	4.7
-3.120	4.5
-3.125	4.0
-3.131	3.2
-3.136	2.8
-3.141	2.8
-3.147	3.2
-3.152	3.7
-3.157	4.1
-3.163	4.4
-3.168	4.3
-3.173	3.9
-3.179	3.8
-3.184	3.9
-3.189	4.4
-3.195	5.2
-3.200	5.2
-3.205	4.7
-3.211	4.0
-3.216	3.6
-3.221	3.6
-3.227	3.6
-3.232	3.9
-3.237	3.7
-3.243	3.3
-3.248	2.8
-3.253	2.4
-3.259	2.4
-3.264	2.4
-3.269	2.8
-3.275	3.2
-3.280	3.5
-3.285	3.3
-3.291	2.9
-3.296	2.8
-3.301	3.0
-3.306	3.6
-3.312	4.0
-3.317	3.8
-3.322	3.2
-3.328	2.8
-3.333	2.6
-3.338	2.6
-3.344	2.7
-3.349	2.8
-3.354	2.5
-3.360	2.1
-3.365	1.8
-3.370	1.8
-3.376	1.8
-3.381	2.0
-3.386	2.4
-3.392	2.4
-3.397	2.4
-3.402	2.3
-3.408	2.1
-3.413	2.1
-3.418	2.4
-3.424	2.6
-3.429	2.6
-3.434	2.2
-3.440	1.9
-3.445	1.9
-3.450	1.9
-3.456	2.0
-3.461	2.0
-3.466	1.7
-3.472	1.5
-3.477	1.4
-3.482	1.2
-3.488	1.2
-3.493	1.4
-3.498	1.6
-3.504	1.6
-3.509	1.6
-3.514	1.5
-3.520	1.5
-3.525	1.5
-3.530	1.5
-3.536	1.5
-3.541	1.5
-3.546	1.2
-3.552	1.2
-3.557	1.2
-3.562	1.2
-3.568	1.2
-3.573	1.2
-3.578	1.2
-3.584	1.2
-3.589	1.2
-3.594	1.2
-3.600	1.2
-3.605	1.2
-3.610	1.1
-3.616	1.1
-3.621	1.1
-3.626	1.1
-3.632	1.1
-3.637	1.1
-3.642	1.0
-3.647	1.0
-3.653	0.9
-3.658	0.9
-3.663	0.8
-3.669	0.8
-3.674	0.8
-3.679	0.8
-3.685	0.8
-3.690	0.8
-3.695	0.8
-3.701	0.8
-3.706	0.8
-3.711	0.8
-3.717	0.8
-3.722	0.8
-3.727	0.8
-3.733	0.8
-3.738	0.8
-3.743	0.8
-3.749	0.8
-3.754	0.8
-3.759	0.8
-3.765	0.8
-3.770	0.8
-3.775	0.8
-3.781	0.8
-3.786	0.8
-3.791	0.8
-3.797	0.8
-3.802	0.8
-3.807	0.8
-3.813	0.8
-3.818	0.8
-3.823	0.8
-3.829	0.8
-3.834	0.8
-3.839	0.8
-3.844	0.8
-3.850	0.8
-3.855	0.8
-3.860	0.8
-3.866	0.8
-3.871	0.8
-3.876	0.8
-3.882	0.8
-3.887	0.8
-3.892	0.8
-3.898	0.8
-3.903	0.8
-3.908	0.8
-3.914	0.8
-3.919	0.8
-3.924	0.8
-3.930	0.8
-3.935	0.8
-3.940	0.8
-3.946	0.8
-3.951	0.8
-3.956	0.8
-3.962	0.8
-3.967	0.8
-3.972	0.8
-3.978	0.8
-3.983	0.8
-3.988	0.8
-3.994	0.8
-3.999	0.8
-4.004	0.8
-4.009	0.8
-4.015	0.8
-4.020	0.8
-4.025	0.8
-4.031	0.8
-4.036	0.8
-4.041	0.8
-4.047	0.8
-4.052	0.8
-4.057	0.8
-4.063	0.8
-4.068	0.8
-4.073	0.8
-4.079	0.8
-4.084	0.8
-4.089	0.8
-4.095	0.8
-4.100	0.8
-4.105	0.8
-4.111	0.8
-4.116	0.8
-4.121	0.8
-4.127	0.8
-4.132	0.8
-4.137	0.8
-4.143	0.8
-4.148	0.8
-4.153	0.8
-4.158	0.8
-4.164	0.8
-4.169	0.8
-4.174	0.8
-4.180	0.8
-4.185	0.8
-4.190	0.8
-4.196	0.8
-4.201	0.8
-4.206	0.8
-4.212	0.8
-4.217	0.8
-4.222	0.8
-4.228	0.8
-4.233	0.8
-4.238	0.8
-4.244	0.8
-4.249	0.8
-4.254	0.8
-4.260	0.8
-4.265	0.8
-4.270	0.8
-4.275	0.8
-4.281	0.8
-4.286	0.8
-4.291	0.8
-4.297	0.8
-4.302	0.8
-4.307	0.8
-4.313	0.8
-4.318	0.8
-4.323	0.8
-4.329	0.8
-4.334	0.8
-4.339	0.8
-4.345	0.8
-4.350	0.8
-4.355	0.8
-4.361	0.8
-4.366	0.8
-4.371	0.8
-4.377	0.8
-4.382	0.8
-4.387	0.8
-4.392	0.8
-4.398	0.8
-4.403	0.8
-4.408	0.8
-4.414	0.8
-4.419	0.8
-4.424	0.8
-4.430	0.8
-4.435	0.8
-4.440	0.8
-4.446	0.8
-4.451	0.8
-4.456	0.8
-4.462	0.8
-4.467	0.8
-4.472	0.8
-4.478	0.8
-4.483	0.8
-4.488	0.8
-4.493	0.8
-4.499	0.8
-4.504	0.8
-4.509	0.8
-4.515	0.8
-4.520	0.8
-4.525	0.8
-4.531	0.8
-4.536	0.8
-4.541	0.8
-4.547	0.8
-4.552	0.8
-4.557	0.8
-4.563	0.8
-4.568	0.8
-4.573	0.8
-4.578	0.8
-4.584	0.8
-4.589	0.8
-4.594	0.8
-4.600	0.8
-4.605	0.8
-4.610	0.8
-4.616	0.8
-4.621	0.8
-4.626	0.8
-4.632	0.8
-4.637	0.8
-4.642	0.8
-4.648	0.8
-4.653	0.8
-4.658	0.8
-4.663	0.8
-4.669	0.8
-4.674	0.8
-4.679	0.8
-4.685	0.8
-4.690	0.8
-4.695	0.8
-4.701	0.8
-4.706	0.8
-4.711	0.8
-4.717	0.8
-4.722	0.8
-4.727	0.8
-4.733	0.8
-4.738	0.8
-4.743	0.8
-4.748	0.8
-4.754	0.8
-4.759	0.8
-4.764	0.8
-4.770	0.8
-4.775	0.8
-4.780	0.8
-4.786	0.8
-4.791	0.8
-4.796	0.8
-4.802	0.8
-4.807	0.8
-4.812	0.8
-4.818	0.8
-4.823	0.8
-4.828	0.8
-4.833	0.8
-4.839	0.8
-4.844	0.8
-4.849	0.8
-4.855	0.8
-4.860	0.8
-4.865	0.8
-4.871	0.8
-4.876	0.8
-4.881	0.8
-4.887	0.8
-4.892	0.8
-4.897	0.8
-4.902	0.8
-4.908	0.8
-4.913	0.8
-4.918	0.8
-4.924	0.8
-4.929	0.8
-4.934	0.8
-4.940	0.8
-4.945	0.8
-4.950	0.8
-4.956	0.8
-4.961	0.8
-4.966	0.8
-4.971	0.8
-4.977	0.8
-4.982	0.8
-4.987	0.8
-4.993	0.8
-4.998	0.8
-5.003	0.8
-5.009	0.8
-5.014	0.8
-5.019	0.8
-5.025	0.8
-5.030	0.8
-5.035	0.8
-5.040	0.8
-5.046	0.8
-5.051	0.8
-5.056	0.8
-5.062	0.8
-5.067	0.8
-5.072	0.8
-5.078	0.8
-5.083	0.8
-5.088	0.8
-5.094	0.8
-5.099	0.8
-5.104	0.8
-5.109	0.8
-5.115	0.8
-5.120	0.8
-5.125	0.8
-5.131	0.8
-5.136	0.8
-5.141	0.8
-5.147	0.8
-5.152	0.8
-5.157	0.8
-5.162	0.8
-5.168	0.8
-5.173	0.8
-5.178	0.8
-5.184	0.8
-5.189	0.8
-5.194	0.8
-5.200	0.8
-5.205	0.8
-5.210	0.8
-5.216	0.8
-5.221	0.8
-5.226	0.8
-5.231	0.8
-5.237	0.8
-5.242	0.8
-5.247	0.8
-5.253	0.8
-5.258	0.8
-5.263	0.8
-5.269	0.8
-5.274	0.8
-5.279	0.8
-5.284	0.8
-5.290	0.8
-5.295	0.8
-5.300	0.8
-5.306	0.8
-5.311	0.8
-5.316	0.8
-5.322	0.8
-5.327	0.8
-5.332	0.8
-5.337	0.8
-5.343	0.8
-5.348	0.8
-5.353	0.8
-5.359	0.8
-5.364	0.8
-5.369	0.8
-5.375	0.8
-5.380	0.8
-5.385	0.8
-5.390	0.8
-5.396	0.8
-5.401	0.8
-5.406	0.8
-5.412	0.8
-5.417	0.8
-5.422	0.8
-5.428	0.8
-5.433	0.8
-5.438	0.8
-5.443	0.8
-5.449	0.8
-5.454	0.8
