#&a / °	I1 / %
5.459	0.0
5.454	0.0
5.449	0.0
5.443	0.0
5.438	0.0
5.433	0.0
5.428	0.0
5.422	0.0
5.417	0.0
5.412	0.0
5.406	0.0
5.401	0.0
5.396	0.0
5.390	0.0
5.385	0.0
5.380	0.0
5.375	0.0
5.369	0.0
5.364	0.0
5.359	0.0
5.353	0.0
5.348	0.0
5.343	0.0
5.337	0.0
5.332	0.0
5.327	0.0
5.322	0.0
5.316	0.0
5.311	0.0
5.306	0.0
5.300	0.0
5.295	0.0
5.290	0.0
5.284	0.0
5.279	0.0
5.274	0.0
5.269	0.0
5.263	0.0
5.258	0.0
5.253	0.0
5.247	0.0
5.242	0.0
5.237	0.0
5.231	0.0
5.226	0.0
5.221	0.0
5.216	0.0
5.210	0.0
5.205	0.0
5.200	0.0
5.194	0.0
5.189	0.0
5.184	0.0
5.178	0.0
5.173	0.0
5.168	0.0
5.162	0.0
5.157	0.0
5.152	0.0
5.147	0.0
5.141	0.0
5.136	0.0
5.131	0.0
5.125	0.0
5.120	0.0
5.115	0.0
5.109	0.0
5.104	0.0
5.099	0.0
5.094	0.0
5.088	0.0
5.083	0.0
5.078	0.0
5.072	0.0
5.067	0.0
5.062	0.0
5.056	0.0
5.051	0.0
5.046	0.0
5.040	0.0
5.035	0.0
5.030	0.0
5.025	0.0
5.019	0.0
5.014	0.0
5.009	0.0
5.003	0.0
4.998	0.0
4.993	0.0
4.987	0.0
4.982	0.0
4.977	0.0
4.971	0.0
4.966	0.0
4.961	0.0
4.956	0.0
4.950	0.0
4.945	0.0
4.940	0.0
4.934	0.0
4.929	0.0
4.924	0.0
4.918	0.0
4.913	0.0
4.908	0.0
4.902	0.0
4.897	0.0
4.892	0.0
4.887	0.0
4.881	0.0
4.876	0.0
4.871	0.0
4.865	0.0
4.860	0.0
4.855	0.0
4.849	0.0
4.844	0.0
4.839	0.0
4.833	0.0
4.828	0.0
4.823	0.0
4.818	0.0
4.812	0.0
4.807	0.0
4.802	0.0
4.796	0.0
4.791	0.0
4.786	0.0
4.780	0.0
4.775	0.0
4.770	0.0
4.764	0.0
4.759	0.0
4.754	0.0
4.748	0.0
4.743	0.0
4.738	0.0
4.733	0.0
4.727	0.0
4.722	0.0
4.717	0.0
4.711	0.0
4.706	0.0
4.701	0.0
4.695	0.0
4.690	0.0
4.685	0.0
4.679	0.0
4.674	0.0
4.669	0.0
4.663	0.0
4.658	0.0
4.653	0.0
4.648	0.0
4.642	0.0
4.637	0.0
4.632	0.0
4.626	0.0
4.621	0.0
4.616	0.0
4.610	0.0
4.605	0.0
4.600	0.0
4.594	0.0
4.589	0.0
4.584	0.1
4.578	0.0
4.573	0.0
4.568	0.0
4.563	0.0
4.557	0.0
4.552	0.0
4.547	0.0
4.541	0.0
4.536	0.0
4.531	0.0
4.525	0.0
4.520	0.0
4.515	0.0
4.509	0.0
4.504	0.0
4.499	0.1
4.493	0.0
4.488	0.0
4.483	0.0
4.478	0.1
4.472	0.0
4.467	0.1
4.462	0.1
4.456	0.1
4.451	0.1
4.446	0.1
4.440	0.1
4.435	0.1
4.430	0.1
4.424	0.1
4.419	0.1
4.414	0.1
4.408	0.0
4.403	0.1
4.398	0.1
4.392	0.1
4.387	0.1
4.382	0.1
4.377	0.1
4.371	0.1
4.366	0.1
4.361	0.1
4.355	0.1
4.350	0.1
4.345	0.1
4.339	0.2
4.334	0.1
4.329	0.2
4.323	0.2
4.318	0.2
4.313	0.2
4.307	0.3
4.302	0.3
4.297	0.3
4.291	0.3
4.286	0.4
4.281	0.4
4.275	0.4
4.270	0.4
4.265	0.4
4.260	0.4
4.254	0.4
4.249	0.4
4.244	0.4
4.238	0.4
4.233	0.4
4.228	0.4
4.222	0.4
4.217	0.4
4.212	0.4
4.206	0.4
4.201	0.4
4.196	0.4
4.190	0.4
4.185	0.4
4.180	0.4
4.174	0.4
4.169	0.6
4.164	0.6
4.158	0.7
4.153	0.7
4.148	0.7
4.143	0.7
4.137	0.8
4.132	0.8
4.127	0.8
4.121	0.8
4.116	0.8
4.111	0.8
4.105	0.8
4.100	0.8
4.095	0.8
4.089	0.8
4.084	0.8
4.079	0.8
4.073	0.8
4.068	0.8
4.063	0.8
4.057	0.8
4.052	0.8
4.047	0.8
4.041	0.8
4.036	0.8
4.031	0.8
4.025	0.8
4.020	0.8
4.015	0.8
4.009	0.9
4.004	1.0
3.999	1.2
3.994	1.2
3.988	1.2
3.983	1.2
3.978	1.2
3.972	1.2
3.967	1.2
3.962	1.2
3.956	1.2
3.951	1.2
3.946	1.4
3.940	1.4
3.935	1.3
3.930	1.2
3.924	1.2
3.919	1.2
3.914	1.2
3.908	1.3
3.903	1.6
3.898	1.6
3.892	1.6
3.887	1.6
3.882	1.8
3.876	1.8
3.871	1.8
3.866	1.8
3.860	1.8
3.855	1.8
3.850	1.8
3.844	1.8
3.839	1.7
3.834	1.6
3.829	1.6
3.823	1.6
3.818	1.6
3.813	1.8
3.807	2.0
3.802	2.0
3.797	2.3
3.791	2.4
3.786	2.8
3.781	2.8
3.775	2.8
3.770	2.6
3.765	2.6
3.759	2.6
3.754	2.7
3.749	2.7
3.743	2.5
3.738	2.2
3.733	2.1
3.727	2.0
3.722	2.3
3.717	2.5
3.711	2.8
3.706	2.8
3.701	2.9
3.695	3.0
3.690	3.4
3.685	3.8
3.679	4.2
3.674	3.9
3.669	3.6
3.663	3.5
3.658	3.6
3.653	3.7
3.647	3.7
3.642	3.6
3.637	3.2
3.632	2.8
3.626	2.7
3.621	2.7
3.616	3.1
3.610	3.5
3.605	3.9
3.600	3.9
3.594	3.9
3.589	4.0
3.584	4.4
3.578	5.2
3.573	5.2
3.568	4.8
3.562	4.4
3.557	4.1
3.552	4.4
3.546	4.8
3.541	4.8
3.536	4.4
3.530	4.0
3.525	3.6
3.520	3.2
3.514	2.9
3.509	3.3
3.504	4.0
3.498	4.8
3.493	4.8
3.488	4.8
3.482	4.8
3.477	5.2
3.472	6.2
3.466	7.0
3.461	6.9
3.456	6.2
3.450	5.4
3.445	5.1
3.440	5.5
3.434	5.9
3.429	5.9
3.424	5.2
3.418	4.4
3.413	4.0
3.408	3.6
3.402	3.6
3.397	4.0
3.392	4.8
3.386	5.6
3.381	5.6
3.376	5.3
3.370	5.2
3.365	5.6
3.360	6.9
3.354	8.3
3.349	8.7
3.344	7.9
3.338	7.0
3.333	6.4
3.328	6.4
3.322	6.9
3.317	7.2
3.312	6.8
3.306	5.9
3.301	5.0
3.296	4.4
3.291	4.0
3.285	4.0
3.280	4.8
3.275	6.0
3.269	6.8
3.264	6.8
3.259	6.4
3.253	6.1
3.248	6.5
3.243	7.7
3.237	9.2
3.232	9.6
3.227	9.2
3.221	8.4
3.216	7.5
3.211	7.5
3.205	8.2
3.200	8.8
3.195	8.4
3.189	7.3
3.184	6.0
3.179	5.2
3.173	4.4
3.168	4.4
3.163	4.5
3.157	5.7
3.152	7.2
3.147	8.0
3.141	8.0
3.136	7.6
3.131	7.3
3.125	8.0
3.120	9.8
3.115	11.9
3.109	12.4
3.104	11.6
3.099	10.2
3.093	9.0
3.088	8.6
3.083	9.5
3.077	10.3
3.072	10.1
3.067	9.0
3.061	7.6
3.056	6.2
3.051	5.4
3.045	5.0
3.040	4.9
3.035	5.6
3.029	7.2
3.024	8.8
3.019	9.6
3.013	9.4
3.008	9.0
3.003	8.7
2.997	9.6
2.992	11.8
2.987	14.3
2.981	14.9
2.976	13.8
2.971	12.1
2.965	10.7
2.960	10.3
2.955	11.0
2.949	11.9
2.944	11.9
2.939	11.0
2.933	9.4
2.928	7.8
2.923	6.6
2.917	5.7
2.912	5.6
2.907	6.0
2.901	7.2
2.896	9.2
2.891	10.8
2.885	11.3
2.880	11.2
2.875	10.7
2.869	10.7
2.864	11.5
2.859	14.0
2.853	16.5
2.848	17.6
2.843	16.8
2.837	15.2
2.832	13.2
2.827	12.0
2.821	12.3
2.816	13.5
2.811	14.0
2.805	13.5
2.800	12.2
2.795	10.4
2.789	8.8
2.784	7.6
2.779	6.8
2.773	6.5
2.768	7.0
2.763	8.6
2.757	10.6
2.752	12.2
2.747	13.0
2.741	13.0
2.736	12.7
2.731	12.2
2.725	12.5
2.720	14.6
2.715	17.6
2.709	19.9
2.704	20.2
2.699	18.8
2.693	16.6
2.688	14.9
2.683	14.1
2.677	14.8
2.672	16.0
2.667	16.4
2.661	15.3
2.656	13.6
2.651	11.4
2.645	9.6
2.640	8.2
2.635	7.4
2.629	7.2
2.624	7.6
2.619	9.0
2.613	11.0
2.608	13.0
2.602	14.6
2.597	15.1
2.592	14.9
2.586	14.4
2.581	14.4
2.576	15.6
2.570	17.6
2.565	19.6
2.560	20.4
2.554	20.0
2.549	18.8
2.544	17.2
2.538	15.7
2.533	15.2
2.528	16.0
2.522	17.5
2.517	18.3
2.512	17.9
2.506	16.3
2.501	14.3
2.496	12.4
2.490	10.8
2.485	9.6
2.480	8.7
2.474	8.4
2.469	8.9
2.464	10.5
2.458	12.5
2.453	14.5
2.448	15.9
2.442	16.7
2.437	16.6
2.432	16.2
2.426	15.8
2.421	16.6
2.416	18.8
2.410	22.1
2.405	25.1
2.400	26.7
2.394	26.3
2.389	24.6
2.384	22.1
2.378	19.8
2.373	18.6
2.368	19.1
2.362	20.3
2.357	21.1
2.352	20.3
2.346	18.7
2.341	16.6
2.336	14.5
2.330	12.6
2.325	11.1
2.320	9.9
2.314	9.2
2.309	9.2
2.304	10.0
2.298	11.4
2.293	13.4
2.288	15.4
2.282	17.0
2.277	17.9
2.272	18.2
2.266	17.8
2.261	17.6
2.256	17.6
2.250	19.1
2.245	21.9
2.240	25.4
2.234	28.1
2.229	29.5
2.223	28.8
2.218	26.8
2.213	24.0
2.207	21.6
2.202	20.4
2.197	20.6
2.191	21.7
2.186	22.8
2.181	22.6
2.175	21.3
2.170	19.3
2.165	17.2
2.159	14.8
2.154	12.8
2.149	11.2
2.143	10.2
2.138	9.6
2.133	9.6
2.127	10.1
2.122	11.3
2.117	13.3
2.111	15.3
2.106	17.4
2.101	19.0
2.095	19.9
2.090	20.1
2.085	19.6
2.079	19.2
2.074	19.2
2.069	20.4
2.063	23.0
2.058	26.6
2.053	29.8
2.047	31.7
2.042	31.8
2.037	30.4
2.031	27.9
2.026	25.1
2.021	22.7
2.015	21.5
2.010	21.6
2.005	22.9
1.999	24.1
1.994	24.4
1.989	23.2
1.983	21.2
1.978	18.8
1.972	16.8
1.967	14.8
1.962	13.2
1.956	11.6
1.951	10.7
1.946	9.9
1.940	9.7
1.935	10.1
1.930	11.2
1.924	12.9
1.919	15.2
1.914	17.6
1.908	19.2
1.903	20.4
1.898	21.2
1.892	21.3
1.887	21.2
1.882	20.8
1.876	20.7
1.871	21.3
1.866	23.2
1.860	26.1
1.855	29.6
1.850	32.4
1.844	33.9
1.839	33.5
1.834	31.9
1.828	29.5
1.823	26.7
1.818	24.3
1.812	22.7
1.807	22.3
1.802	23.1
1.796	24.7
1.791	26.0
1.786	26.1
1.780	24.9
1.775	23.3
1.769	21.2
1.764	19.0
1.759	16.9
1.753	14.8
1.748	13.2
1.743	12.0
1.737	11.2
1.732	10.7
1.727	10.5
1.721	10.8
1.716	11.6
1.711	12.8
1.705	14.8
1.700	17.1
1.695	19.5
1.689	21.4
1.684	22.7
1.679	23.3
1.673	23.6
1.668	23.3
1.663	22.9
1.657	22.4
1.652	22.1
1.647	22.5
1.641	24.1
1.636	26.9
1.631	30.7
1.625	34.3
1.620	36.9
1.615	37.8
1.609	37.2
1.604	35.2
1.599	32.3
1.593	28.8
1.588	25.7
1.582	23.6
1.577	22.8
1.572	23.1
1.566	24.5
1.561	26.3
1.556	28.0
1.550	28.8
1.545	28.5
1.540	27.0
1.534	24.9
1.529	22.5
1.524	20.1
1.518	17.8
1.513	15.9
1.508	14.2
1.502	13.0
1.497	12.0
1.492	11.6
1.486	11.2
1.481	11.2
1.476	11.2
1.470	11.6
1.465	12.4
1.460	13.8
1.454	15.6
1.449	18.0
1.444	20.4
1.438	22.7
1.433	24.2
1.428	25.4
1.422	25.5
1.417	25.2
1.411	24.4
1.406	23.7
1.401	22.9
1.395	22.5
1.390	22.4
1.385	23.0
1.379	24.2
1.374	26.6
1.369	29.8
1.363	33.7
1.358	37.3
1.353	40.0
1.347	41.0
1.342	40.5
1.337	38.7
1.331	36.1
1.326	32.8
1.321	29.6
1.315	26.7
1.310	24.6
1.305	23.2
1.299	23.0
1.294	23.4
1.289	25.0
1.283	27.0
1.278	28.9
1.273	30.3
1.267	31.0
1.262	30.6
1.256	29.4
1.251	27.3
1.246	24.9
1.240	22.2
1.235	19.8
1.230	17.5
1.224	15.6
1.219	14.0
1.214	12.8
1.208	12.0
1.203	11.4
1.198	10.9
1.192	10.6
1.187	10.4
1.182	10.4
1.176	10.7
1.171	10.9
1.166	11.5
1.160	12.5
1.155	13.7
1.150	15.6
1.144	17.7
1.139	20.0
1.134	22.5
1.128	24.7
1.123	26.3
1.118	27.3
1.112	27.6
1.107	27.4
1.101	26.7
1.096	25.9
1.091	24.8
1.085	24.3
1.080	23.6
1.075	23.2
1.069	22.9
1.064	22.9
1.059	23.3
1.053	24.4
1.048	26.4
1.043	29.1
1.037	32.3
1.032	36.0
1.027	39.6
1.021	42.6
1.016	44.3
1.011	45.1
1.005	44.8
1.000	43.3
0.995	40.6
0.989	37.4
0.984	33.9
0.979	31.0
0.973	28.2
0.968	26.1
0.962	24.5
0.957	23.6
0.952	23.1
0.946	23.1
0.941	23.4
0.936	24.2
0.930	25.4
0.925	27.2
0.920	29.0
0.914	30.4
0.909	31.3
0.904	32.1
0.898	32.7
0.893	32.8
0.888	32.2
0.882	30.9
0.877	28.5
0.872	25.7
0.866	22.9
0.861	20.7
0.856	18.8
0.850	17.3
0.845	16.0
0.840	14.8
0.834	13.6
0.829	12.8
0.823	12.0
0.818	11.6
0.813	11.2
0.807	11.2
0.802	11.0
0.797	10.8
0.791	10.7
0.786	10.7
0.781	10.7
0.775	10.8
0.770	10.8
0.765	10.8
0.759	11.2
0.754	11.6
0.749	12.0
0.743	12.8
0.738	13.6
0.733	14.4
0.727	15.6
0.722	16.8
0.717	18.4
0.711	20.0
0.706	21.7
0.701	23.5
0.695	25.2
0.690	26.7
0.684	27.9
0.679	29.0
0.674	29.5
0.668	29.7
0.663	29.4
0.658	29.1
0.652	28.7
0.647	28.3
0.642	27.7
0.636	27.2
0.631	26.5
0.626	25.9
0.620	25.3
0.615	24.8
0.610	24.3
0.604	24.0
0.599	23.8
0.594	23.7
0.588	23.6
0.583	23.6
0.578	23.6
0.572	23.7
0.567	24.1
0.561	24.6
0.556	25.4
0.551	26.6
0.545	27.8
0.540	29.1
0.535	30.5
0.529	32.2
0.524	34.2
0.519	36.3
0.513	38.4
0.508	40.7
0.503	42.7
0.497	44.5
0.492	45.9
0.487	47.1
0.481	48.2
0.476	48.9
0.471	49.3
0.465	49.3
0.460	48.8
0.455	48.0
0.449	46.6
0.444	45.0
0.438	43.3
0.433	41.4
0.428	39.7
0.422	38.2
0.417	36.9
0.412	35.5
0.406	33.6
0.401	31.5
0.396	29.5
0.390	28.3
0.385	27.5
0.380	27.1
0.374	26.6
0.369	26.1
0.364	25.4
0.358	24.9
0.353	24.3
0.348	23.9
0.342	23.5
0.337	23.2
0.332	23.2
0.326	23.2
0.321	23.2
0.316	23.5
0.310	23.5
0.305	23.5
0.299	23.1
0.294	23.0
0.289	23.1
0.283	23.4
0.278	23.7
0.273	24.4
0.267	24.9
0.262	25.6
0.257	26.0
0.251	26.5
0.246	26.9
0.241	27.3
0.235	27.7
0.230	28.1
0.225	28.5
0.219	28.8
0.214	29.1
0.209	29.5
0.203	29.9
0.198	30.0
0.193	30.1
0.187	30.5
0.182	30.8
0.176	31.1
0.171	31.4
0.166	31.6
0.160	31.7
0.155	32.0
0.150	32.0
0.144	31.9
0.139	31.9
0.134	32.0
0.128	32.0
0.123	32.0
0.118	32.0
0.112	32.0
0.107	32.1
0.102	32.5
0.096	32.8
0.091	32.9
0.086	32.7
0.080	32.5
0.075	32.2
0.070	32.1
0.064	32.0
0.059	32.2
0.053	32.1
0.048	32.1
0.043	31.7
0.037	31.3
0.032	31.3
0.027	31.5
0.021	31.6
0.016	31.8
0.011	31.9
0.005	32.0
0.000	32.2
-0.005	32.0
-0.011	31.7
-0.016	31.4
-0.021	30.9
-0.027	30.3
-0.032	29.6
-0.037	29.6
-0.043	30.0
-0.048	30.8
-0.053	31.3
-0.059	31.6
-0.064	31.7
-0.070	31.7
-0.075	31.7
-0.080	31.7
-0.086	31.7
-0.091	31.7
-0.096	31.7
-0.102	31.7
-0.107	31.6
-0.112	31.6
-0.118	31.5
-0.123	31.5
-0.128	31.3
-0.134	31.3
-0.139	31.1
-0.144	30.7
-0.150	30.4
-0.155	30.4
-0.160	30.4
-0.166	30.3
-0.171	30.1
-0.176	29.8
-0.182	29.4
-0.187	29.0
-0.193	28.6
-0.198	28.0
-0.203	27.3
-0.209	26.9
-0.214	26.2
-0.219	25.8
-0.225	25.3
-0.230	24.9
-0.235	24.4
-0.241	24.0
-0.246	23.7
-0.251	23.6
-0.257	23.5
-0.262	23.5
-0.267	23.5
-0.273	23.5
-0.278	23.6
-0.283	23.6
-0.289	23.6
-0.294	23.7
-0.299	24.1
-0.305	24.8
-0.310	25.4
-0.316	26.2
-0.321	26.9
-0.326	27.6
-0.332	28.1
-0.337	28.7
-0.342	29.1
-0.348	29.7
-0.353	30.5
-0.358	31.5
-0.364	32.3
-0.369	32.9
-0.374	33.5
-0.380	34.5
-0.385	35.6
-0.390	36.8
-0.396	37.6
-0.401	38.6
-0.406	39.3
-0.412	40.1
-0.417	40.6
-0.422	41.1
-0.428	41.5
-0.433	41.9
-0.438	41.9
-0.444	41.9
-0.449	41.6
-0.455	41.2
-0.460	40.5
-0.465	39.9
-0.471	39.2
-0.476	38.4
-0.481	37.6
-0.487	36.8
-0.492	35.6
-0.497	34.6
-0.503	33.4
-0.508	32.3
-0.513	31.2
-0.519	30.0
-0.524	29.1
-0.529	28.2
-0.535	27.4
-0.540	26.8
-0.545	26.2
-0.551	25.9
-0.556	25.6
-0.561	25.6
-0.567	25.5
-0.572	25.5
-0.578	25.5
-0.583	25.5
-0.588	25.5
-0.594	25.9
-0.599	25.9
-0.604	26.1
-0.610	26.1
-0.615	26.2
-0.620	26.2
-0.626	26.2
-0.631	26.0
-0.636	25.7
-0.642	25.3
-0.647	24.5
-0.652	23.8
-0.658	23.4
-0.663	23.0
-0.668	22.3
-0.674	21.4
-0.679	20.5
-0.684	19.6
-0.690	18.7
-0.695	17.9
-0.701	17.1
-0.706	16.3
-0.711	15.5
-0.717	14.7
-0.722	14.2
-0.727	13.6
-0.733	13.2
-0.738	12.8
-0.743	12.5
-0.749	12.3
-0.754	12.2
-0.759	12.2
-0.765	12.2
-0.770	12.4
-0.775	12.6
-0.781	13.0
-0.786	13.4
-0.791	13.8
-0.797	14.6
-0.802	15.3
-0.807	16.1
-0.813	16.8
-0.818	17.9
-0.823	19.0
-0.829	20.1
-0.834	21.2
-0.840	22.3
-0.845	23.2
-0.850	24.3
-0.856	25.2
-0.861	26.0
-0.866	26.7
-0.872	27.4
-0.877	27.9
-0.882	28.2
-0.888	28.1
-0.893	27.9
-0.898	27.5
-0.904	27.2
-0.909	26.8
-0.914	26.8
-0.920	26.8
-0.925	27.2
-0.930	28.0
-0.936	29.2
-0.941	30.4
-0.946	32.0
-0.952	33.6
-0.957	35.2
-0.962	36.3
-0.968	37.2
-0.973	37.7
-0.979	38.1
-0.984	37.8
-0.989	37.3
-0.995	36.5
-1.000	35.3
-1.005	33.7
-1.011	32.1
-1.016	30.6
-1.021	29.3
-1.027	28.0
-1.032	26.8
-1.037	26.0
-1.043	25.5
-1.048	25.1
-1.053	25.1
-1.059	25.0
-1.064	25.0
-1.069	24.8
-1.075	24.3
-1.080	23.8
-1.085	23.3
-1.091	22.6
-1.096	21.8
-1.101	20.9
-1.107	19.9
-1.112	18.7
-1.118	17.7
-1.123	16.6
-1.128	15.7
-1.134	14.8
-1.139	14.0
-1.144	13.2
-1.150	12.8
-1.155	12.6
-1.160	12.6
-1.166	12.6
-1.171	13.1
-1.176	13.6
-1.182	14.4
-1.187	15.2
-1.192	16.4
-1.198	17.6
-1.203	18.8
-1.208	20.0
-1.214	21.2
-1.219	22.4
-1.224	23.9
-1.230	25.1
-1.235	26.3
-1.240	27.0
-1.246	27.4
-1.251	27.4
-1.256	27.3
-1.262	27.0
-1.267	27.1
-1.273	27.3
-1.278	28.1
-1.283	29.2
-1.289	30.5
-1.294	31.9
-1.299	33.3
-1.305	34.2
-1.310	34.9
-1.315	35.2
-1.321	34.8
-1.326	34.0
-1.331	32.8
-1.337	31.5
-1.342	29.9
-1.347	28.2
-1.353	26.6
-1.358	25.2
-1.363	24.4
-1.369	24.0
-1.374	23.9
-1.379	23.6
-1.385	23.2
-1.390	22.8
-1.395	22.3
-1.401	21.5
-1.406	20.7
-1.411	19.5
-1.417	18.3
-1.422	16.9
-1.428	15.7
-1.433	14.5
-1.438	13.6
-1.444	12.8
-1.449	12.4
-1.454	12.1
-1.460	12.3
-1.465	12.6
-1.470	13.3
-1.476	14.1
-1.481	15.3
-1.486	16.4
-1.492	17.8
-1.497	19.1
-1.502	20.6
-1.508	21.8
-1.513	23.1
-1.518	24.2
-1.524	24.9
-1.529	25.0
-1.534	24.9
-1.540	24.5
-1.545	24.4
-1.550	24.8
-1.556	25.9
-1.561	27.1
-1.566	28.6
-1.572	29.8
-1.577	30.7
-1.582	31.0
-1.588	30.9
-1.593	30.0
-1.599	28.7
-1.604	26.8
-1.609	24.8
-1.615	22.8
-1.620	21.6
-1.625	20.9
-1.631	20.8
-1.636	20.7
-1.641	20.4
-1.647	19.6
-1.652	18.5
-1.657	17.6
-1.663	16.8
-1.668	15.6
-1.673	14.0
-1.679	12.4
-1.684	11.3
-1.689	10.5
-1.695	10.1
-1.700	10.0
-1.705	10.4
-1.711	11.2
-1.716	12.0
-1.721	12.8
-1.727	14.0
-1.732	15.1
-1.737	16.3
-1.743	17.7
-1.748	19.5
-1.753	21.1
-1.759	21.9
-1.764	22.2
-1.769	22.0
-1.775	21.6
-1.780	21.7
-1.786	22.2
-1.791	23.4
-1.796	24.6
-1.802	26.0
-1.807	26.9
-1.812	27.4
-1.818	27.1
-1.823	26.2
-1.828	24.6
-1.834	22.8
-1.839	20.8
-1.844	19.6
-1.850	18.7
-1.855	18.3
-1.860	18.0
-1.866	17.6
-1.871	17.1
-1.876	16.3
-1.882	15.4
-1.887	14.3
-1.892	13.1
-1.898	11.9
-1.903	10.7
-1.908	10.0
-1.914	9.6
-1.919	9.8
-1.924	10.4
-1.930	11.2
-1.935	12.0
-1.940	13.2
-1.946	14.4
-1.951	16.0
-1.956	17.6
-1.962	19.1
-1.967	19.9
-1.972	20.0
-1.978	19.6
-1.983	19.2
-1.989	19.5
-1.994	20.4
-1.999	21.6
-2.005	23.0
-2.010	23.9
-2.015	24.2
-2.021	23.5
-2.026	22.1
-2.031	20.1
-2.037	18.2
-2.042	16.8
-2.047	16.1
-2.053	15.8
-2.058	15.8
-2.063	15.6
-2.069	15.2
-2.074	14.4
-2.079	13.6
-2.085	12.4
-2.090	11.2
-2.095	10.0
-2.101	9.2
-2.106	8.8
-2.111	8.8
-2.117	9.2
-2.122	10.0
-2.127	10.9
-2.133	12.4
-2.138	13.9
-2.143	15.6
-2.149	16.8
-2.154	17.7
-2.159	17.6
-2.165	17.2
-2.170	16.8
-2.175	17.1
-2.181	18.0
-2.186	19.2
-2.191	20.4
-2.197	21.4
-2.202	21.5
-2.207	20.8
-2.213	19.2
-2.218	17.0
-2.223	15.2
-2.229	14.3
-2.234	13.7
-2.240	13.5
-2.245	13.1
-2.250	12.7
-2.256	12.3
-2.261	11.6
-2.266	10.4
-2.272	9.2
-2.277	8.0
-2.282	7.6
-2.288	7.5
-2.293	7.8
-2.298	8.4
-2.304	9.6
-2.309	10.9
-2.314	12.5
-2.320	13.8
-2.325	14.8
-2.330	14.7
-2.336	14.1
-2.341	13.3
-2.346	13.5
-2.352	14.1
-2.357	15.3
-2.362	16.6
-2.368	17.7
-2.373	16.8
-2.378	14.5
-2.384	12.1
-2.389	10.4
-2.394	9.6
-2.400	9.9
-2.405	10.5
-2.410	11.3
-2.416	11.5
-2.421	11.2
-2.426	10.1
-2.432	8.8
-2.437	7.6
-2.442	6.8
-2.448	6.3
-2.453	6.3
-2.458	6.7
-2.464	7.5
-2.469	8.7
-2.474	10.0
-2.480	11.4
-2.485	12.5
-2.490	12.5
-2.496	11.7
-2.501	11.0
-2.506	11.0
-2.512	11.7
-2.517	13.0
-2.522	14.6
-2.528	15.6
-2.533	15.4
-2.538	13.8
-2.544	11.7
-2.549	10.3
-2.554	9.6
-2.560	9.7
-2.565	10.1
-2.570	10.3
-2.576	9.9
-2.581	9.0
-2.586	7.6
-2.592	6.4
-2.597	5.6
-2.602	5.2
-2.608	5.2
-2.613	5.6
-2.619	6.4
-2.624	7.7
-2.629	9.2
-2.635	10.3
-2.640	10.6
-2.645	10.0
-2.651	9.2
-2.656	9.2
-2.661	9.9
-2.667	11.2
-2.672	12.5
-2.677	13.4
-2.683	12.8
-2.688	11.2
-2.693	9.5
-2.699	8.4
-2.704	8.0
-2.709	8.4
-2.715	8.8
-2.720	8.8
-2.725	8.0
-2.731	6.8
-2.736	5.3
-2.741	4.8
-2.747	4.4
-2.752	4.4
-2.757	4.8
-2.763	5.6
-2.768	6.8
-2.773	8.1
-2.779	8.9
-2.784	8.8
-2.789	8.0
-2.795	7.6
-2.800	7.6
-2.805	8.7
-2.811	9.9
-2.816	10.9
-2.821	10.9
-2.827	9.6
-2.832	8.0
-2.837	7.2
-2.843	6.8
-2.848	6.9
-2.853	7.2
-2.859	7.2
-2.864	6.4
-2.869	5.6
-2.875	4.7
-2.880	4.1
-2.885	3.7
-2.891	3.9
-2.896	4.3
-2.901	5.2
-2.907	6.4
-2.912	7.2
-2.917	7.2
-2.923	6.7
-2.928	6.2
-2.933	6.2
-2.939	6.8
-2.944	8.0
-2.949	8.8
-2.955	8.5
-2.960	7.3
-2.965	6.2
-2.971	5.4
-2.976	5.4
-2.981	5.6
-2.987	6.0
-2.992	5.6
-2.997	5.0
-3.003	4.2
-3.008	3.6
-3.013	3.2
-3.019	3.2
-3.024	3.6
-3.029	4.0
-3.035	4.8
-3.040	5.6
-3.045	5.6
-3.051	5.2
-3.056	4.8
-3.061	4.8
-3.067	5.3
-3.072	6.3
-3.077	6.8
-3.083	6.4
-3.088	5.6
-3.093	4.8
-3.099	4.4
-3.104	4.4
-3.109	4.4
-3.115	4.4
-3.120	4.0
-3.125	3.5
-3.131	2.9
-3.136	2.8
-3.141	2.8
-3.147	3.0
-3.152	3.4
-3.157	4.0
-3.163	4.4
-3.168	4.4
-3.173	4.0
-3.179	3.9
-3.184	3.9
-3.189	4.3
-3.195	5.0
-3.200	5.2
-3.205	4.7
-3.211	4.0
-3.216	3.6
-3.221	3.6
-3.227	3.6
-3.232	3.7
-3.237	3.5
-3.243	3.1
-3.248	2.5
-3.253	2.2
-3.259	2.1
-3.264	2.3
-3.269	2.6
-3.275	3.2
-3.280	3.5
-3.285	3.5
-3.291	3.1
-3.296	2.9
-3.301	3.0
-3.306	3.4
-3.312	3.8
-3.317	3.7
-3.322	3.2
-3.328	2.8
-3.333	2.6
-3.338	2.6
-3.344	2.7
-3.349	2.7
-3.354	2.3
-3.360	2.0
-3.365	1.6
-3.370	1.6
-3.376	1.6
-3.381	1.9
-3.386	2.3
-3.392	2.4
-3.397	2.4
-3.402	2.4
-3.408	2.1
-3.413	2.1
-3.418	2.4
-3.424	2.5
-3.429	2.5
-3.434	2.2
-3.440	1.9
-3.445	1.9
-3.450	1.9
-3.456	2.0
-3.461	1.9
-3.466	1.6
-3.472	1.2
-3.477	1.2
-3.482	1.2
-3.488	1.2
-3.493	1.2
-3.498	1.6
-3.504	1.6
-3.509	1.6
-3.514	1.5
-3.520	1.5
-3.525	1.5
-3.530	1.5
-3.536	1.5
-3.541	1.5
-3.546	1.2
-3.552	1.2
-3.557	1.2
-3.562	1.2
-3.568	1.2
-3.573	1.2
-3.578	1.2
-3.584	1.2
-3.589	1.1
-3.594	1.1
-3.600	1.1
-3.605	1.1
-3.610	1.1
-3.616	1.1
-3.621	1.0
-3.626	1.0
-3.632	1.0
-3.637	1.0
-3.642	0.9
-3.647	0.9
-3.653	0.8
-3.658	0.8
-3.663	0.8
-3.669	0.8
-3.674	0.8
-3.679	0.8
-3.685	0.8
-3.690	0.8
-3.695	0.8
-3.701	0.8
-3.706	0.8
-3.711	0.8
-3.717	0.8
-3.722	0.8
-3.727	0.8
-3.733	0.8
-3.738	0.8
-3.743	0.8
-3.749	0.8
-3.754	0.8
-3.759	0.8
-3.765	0.8
-3.770	0.8
-3.775	0.8
-3.781	0.8
-3.786	0.8
-3.791	0.8
-3.797	0.8
-3.802	0.8
-3.807	0.8
-3.813	0.8
-3.818	0.8
-3.823	0.8
-3.829	0.8
-3.834	0.8
-3.839	0.8
-3.844	0.8
-3.850	0.8
-3.855	0.8
-3.860	0.8
-3.866	0.8
-3.871	0.8
-3.876	0.8
-3.882	0.8
-3.887	0.8
-3.892	0.8
-3.898	0.8
-3.903	0.8
-3.908	0.8
-3.914	0.8
-3.919	0.8
-3.924	0.8
-3.930	0.8
-3.935	0.8
-3.940	0.8
-3.946	0.8
-3.951	0.8
-3.956	0.8
-3.962	0.8
-3.967	0.8
-3.972	0.8
-3.978	0.8
-3.983	0.8
-3.988	0.8
-3.994	0.8
-3.999	0.8
-4.004	0.8
-4.009	0.8
-4.015	0.8
-4.020	0.8
-4.025	0.8
-4.031	0.8
-4.036	0.8
-4.041	0.8
-4.047	0.8
-4.052	0.8
-4.057	0.8
-4.063	0.8
-4.068	0.8
-4.073	0.8
-4.079	0.8
-4.084	0.8
-4.089	0.8
-4.095	0.8
-4.100	0.8
-4.105	0.8
-4.111	0.8
-4.116	0.8
-4.121	0.8
-4.127	0.8
-4.132	0.8
-4.137	0.8
-4.143	0.8
-4.148	0.8
-4.153	0.8
-4.158	0.8
-4.164	0.8
-4.169	0.8
-4.174	0.8
-4.180	0.8
-4.185	0.8
-4.190	0.8
-4.196	0.8
-4.201	0.8
-4.206	0.8
-4.212	0.8
-4.217	0.8
-4.222	0.8
-4.228	0.8
-4.233	0.8
-4.238	0.8
-4.244	0.8
-4.249	0.8
-4.254	0.8
-4.260	0.8
-4.265	0.8
-4.270	0.8
-4.275	0.8
-4.281	0.8
-4.286	0.8
-4.291	0.8
-4.297	0.8
-4.302	0.8
-4.307	0.8
-4.313	0.8
-4.318	0.8
-4.323	0.8
-4.329	0.8
-4.334	0.8
-4.339	0.8
-4.345	0.8
-4.350	0.8
-4.355	0.8
-4.361	0.8
-4.366	0.8
-4.371	0.8
-4.377	0.8
-4.382	0.8
-4.387	0.8
-4.392	0.8
-4.398	0.8
-4.403	0.8
-4.408	0.8
-4.414	0.8
-4.419	0.8
-4.424	0.8
-4.430	0.8
-4.435	0.8
-4.440	0.8
-4.446	0.8
-4.451	0.8
-4.456	0.8
-4.462	0.8
-4.467	0.8
-4.472	0.8
-4.478	0.8
-4.483	0.8
-4.488	0.8
-4.493	0.8
-4.499	0.8
-4.504	0.8
-4.509	0.8
-4.515	0.8
-4.520	0.8
-4.525	0.8
-4.531	0.8
-4.536	0.8
-4.541	0.8
-4.547	0.8
-4.552	0.8
-4.557	0.8
-4.563	0.8
-4.568	0.8
-4.573	0.8
-4.578	0.8
-4.584	0.8
-4.589	0.8
-4.594	0.8
-4.600	0.8
-4.605	0.8
-4.610	0.8
-4.616	0.8
-4.621	0.8
-4.626	0.8
-4.632	0.8
-4.637	0.8
-4.642	0.8
-4.648	0.8
-4.653	0.8
-4.658	0.8
-4.663	0.8
-4.669	0.8
-4.674	0.8
-4.679	0.8
-4.685	0.8
-4.690	0.8
-4.695	0.8
-4.701	0.8
-4.706	0.8
-4.711	0.8
-4.717	0.8
-4.722	0.8
-4.727	0.8
-4.733	0.8
-4.738	0.8
-4.743	0.8
-4.748	0.8
-4.754	0.8
-4.759	0.8
-4.764	0.8
-4.770	0.8
-4.775	0.8
-4.780	0.8
-4.786	0.8
-4.791	0.8
-4.796	0.8
-4.802	0.8
-4.807	0.8
-4.812	0.8
-4.818	0.8
-4.823	0.8
-4.828	0.8
-4.833	0.8
-4.839	0.8
-4.844	0.8
-4.849	0.8
-4.855	0.8
-4.860	0.8
-4.865	0.8
-4.871	0.8
-4.876	0.8
-4.881	0.8
-4.887	0.8
-4.892	0.8
-4.897	0.8
-4.902	0.8
-4.908	0.8
-4.913	0.8
-4.918	0.8
-4.924	0.8
-4.929	0.8
-4.934	0.8
-4.940	0.8
-4.945	0.8
-4.950	0.8
-4.956	0.8
-4.961	0.8
-4.966	0.8
-4.971	0.8
-4.977	0.8
-4.982	0.8
-4.987	0.8
-4.993	0.8
-4.998	0.8
-5.003	0.8
-5.009	0.8
-5.014	0.8
-5.019	0.8
-5.025	0.8
-5.030	0.8
-5.035	0.8
-5.040	0.8
-5.046	0.8
-5.051	0.8
-5.056	0.8
-5.062	0.8
-5.067	0.8
-5.072	0.8
-5.078	0.8
-5.083	0.8
-5.088	0.8
-5.094	0.8
-5.099	0.8
-5.104	0.8
-5.109	0.8
-5.115	0.8
-5.120	0.8
-5.125	0.8
-5.131	0.8
-5.136	0.8
-5.141	0.8
-5.147	0.8
-5.152	0.8
-5.157	0.8
-5.162	0.8
-5.168	0.8
-5.173	0.8
-5.178	0.8
-5.184	0.8
-5.189	0.8
-5.194	0.8
-5.200	0.8
-5.205	0.8
-5.210	0.8
-5.216	0.8
-5.221	0.8
-5.226	0.8
-5.231	0.8
-5.237	0.8
-5.242	0.8
-5.247	0.8
-5.253	0.8
-5.258	0.8
-5.263	0.8
-5.269	0.8
-5.274	0.8
-5.279	0.8
-5.284	0.8
-5.290	0.8
-5.295	0.8
-5.300	0.8
-5.306	0.8
-5.311	0.8
-5.316	0.8
-5.322	0.8
-5.327	0.8
-5.332	0.8
-5.337	0.8
-5.343	0.8
-5.348	0.8
-5.353	0.8
-5.359	0.8
-5.364	0.8
-5.369	0.8
-5.375	0.8
-5.380	0.8
-5.385	0.8
-5.390	0.8
-5.396	0.8
-5.401	0.8
-5.406	0.8
-5.412	0.8
-5.417	0.8
-5.422	0.8
-5.428	0.8
-5.433	0.8
-5.438	0.8
-5.443	0.8
-5.449	0.8
-5.454	0.8
