#&a / °	I1 / %
5.459	0.0
5.454	0.0
5.449	0.0
5.443	0.0
5.438	0.0
5.433	0.0
5.428	0.0
5.422	0.0
5.417	0.0
5.412	0.0
5.406	0.0
5.401	0.0
5.396	0.0
5.390	0.0
5.385	0.0
5.380	0.0
5.375	0.0
5.369	0.0
5.364	0.0
5.359	0.0
5.353	0.0
5.348	0.0
5.343	0.0
5.337	0.0
5.332	0.0
5.327	0.0
5.322	0.0
5.316	0.0
5.311	0.0
5.306	0.0
5.300	0.0
5.295	0.0
5.290	0.0
5.284	0.0
5.279	0.0
5.274	0.0
5.269	0.0
5.263	0.0
5.258	0.0
5.253	0.0
5.247	0.0
5.242	0.0
5.237	0.0
5.231	0.0
5.226	0.0
5.221	0.0
5.216	0.0
5.210	0.0
5.205	0.0
5.200	0.0
5.194	0.0
5.189	0.0
5.184	0.0
5.178	0.0
5.173	0.0
5.168	0.0
5.162	0.0
5.157	0.0
5.152	0.0
5.147	0.0
5.141	0.0
5.136	0.0
5.131	0.0
5.125	0.0
5.120	0.0
5.115	0.0
5.109	0.0
5.104	0.0
5.099	0.0
5.094	0.0
5.088	0.0
5.083	0.0
5.078	0.0
5.072	0.0
5.067	0.0
5.062	0.0
5.056	0.0
5.051	0.0
5.046	0.0
5.040	0.0
5.035	0.0
5.030	0.0
5.025	0.0
5.019	0.0
5.014	0.0
5.009	0.0
5.003	0.0
4.998	0.0
4.993	0.0
4.987	0.0
4.982	0.0
4.977	0.0
4.971	0.0
4.966	0.0
4.961	0.0
4.956	0.0
4.950	0.0
4.945	0.0
4.940	0.0
4.934	0.0
4.929	0.0
4.924	0.0
4.918	0.0
4.913	0.0
4.908	0.0
4.902	0.0
4.897	0.0
4.892	0.0
4.887	0.0
4.881	0.0
4.876	0.0
4.871	0.0
4.865	0.0
4.860	0.0
4.855	0.0
4.849	0.0
4.844	0.0
4.839	0.0
4.833	0.0
4.828	0.0
4.823	0.0
4.818	0.0
4.812	0.0
4.807	0.0
4.802	0.0
4.796	0.0
4.791	0.0
4.786	0.0
4.780	0.0
4.775	0.0
4.770	0.0
4.764	0.1
4.759	0.0
4.754	0.0
4.748	0.0
4.743	0.0
4.738	0.0
4.733	0.0
4.727	0.0
4.722	0.0
4.717	0.0
4.711	0.0
4.706	0.0
4.701	0.1
4.695	0.0
4.690	0.1
4.685	0.1
4.679	0.1
4.674	0.0
4.669	0.1
4.663	0.1
4.658	0.1
4.653	0.1
4.648	0.1
4.642	0.1
4.637	0.1
4.632	0.1
4.626	0.1
4.621	0.1
4.616	0.1
4.610	0.0
4.605	0.1
4.600	0.1
4.594	0.1
4.589	0.1
4.584	0.1
4.578	0.0
4.573	0.0
4.568	0.0
4.563	0.0
4.557	0.0
4.552	0.0
4.547	0.0
4.541	0.0
4.536	0.0
4.531	0.0
4.525	0.0
4.520	0.0
4.515	0.0
4.509	0.0
4.504	0.0
4.499	0.1
4.493	0.1
4.488	0.1
4.483	0.1
4.478	0.1
4.472	0.1
4.467	0.2
4.462	0.1
4.456	0.2
4.451	0.1
4.446	0.1
4.440	0.1
4.435	0.1
4.430	0.1
4.424	0.2
4.419	0.1
4.414	0.1
4.408	0.1
4.403	0.1
4.398	0.1
4.392	0.1
4.387	0.1
4.382	0.1
4.377	0.1
4.371	0.1
4.366	0.1
4.361	0.1
4.355	0.1
4.350	0.1
4.345	0.1
4.339	0.2
4.334	0.2
4.329	0.2
4.323	0.2
4.318	0.3
4.313	0.3
4.307	0.3
4.302	0.3
4.297	0.4
4.291	0.4
4.286	0.4
4.281	0.4
4.275	0.4
4.270	0.4
4.265	0.4
4.260	0.4
4.254	0.4
4.249	0.4
4.244	0.4
4.238	0.4
4.233	0.4
4.228	0.4
4.222	0.4
4.217	0.4
4.212	0.4
4.206	0.4
4.201	0.4
4.196	0.4
4.190	0.5
4.185	0.5
4.180	0.6
4.174	0.6
4.169	0.6
4.164	0.6
4.158	0.7
4.153	0.7
4.148	0.8
4.143	0.8
4.137	0.8
4.132	0.8
4.127	0.8
4.121	0.8
4.116	0.8
4.111	0.8
4.105	0.8
4.100	0.8
4.095	0.8
4.089	0.8
4.084	0.8
4.079	0.8
4.073	0.8
4.068	0.8
4.063	0.8
4.057	0.8
4.052	0.8
4.047	0.8
4.041	0.9
4.036	0.9
4.031	1.0
4.025	1.0
4.020	1.0
4.015	1.0
4.009	1.2
4.004	1.2
3.999	1.2
3.994	1.2
3.988	1.2
3.983	1.2
3.978	1.2
3.972	1.2
3.967	1.2
3.962	1.2
3.956	1.2
3.951	1.2
3.946	1.6
3.940	1.6
3.935	1.6
3.930	1.4
3.924	1.4
3.919	1.4
3.914	1.6
3.908	1.6
3.903	1.6
3.898	1.6
3.892	1.6
3.887	1.6
3.882	1.8
3.876	1.8
3.871	1.9
3.866	1.8
3.860	1.9
3.855	1.9
3.850	2.0
3.844	2.0
3.839	2.0
3.834	2.0
3.829	2.0
3.823	1.9
3.818	2.0
3.813	2.0
3.807	2.1
3.802	2.1
3.797	2.3
3.791	2.4
3.786	2.8
3.781	2.8
3.775	2.8
3.770	2.6
3.765	2.6
3.759	2.6
3.754	2.7
3.749	2.7
3.743	2.8
3.738	2.5
3.733	2.5
3.727	2.4
3.722	2.6
3.717	2.8
3.711	3.2
3.706	3.2
3.701	3.1
3.695	3.1
3.690	3.5
3.685	4.0
3.679	4.4
3.674	4.0
3.669	3.6
3.663	3.3
3.658	3.4
3.653	3.6
3.647	4.0
3.642	4.0
3.637	3.6
3.632	3.2
3.626	3.1
3.621	3.2
3.616	3.6
3.610	4.0
3.605	4.1
3.600	4.0
3.594	4.0
3.589	4.0
3.584	4.5
3.578	5.2
3.573	5.4
3.568	5.0
3.562	4.6
3.557	4.2
3.552	4.3
3.546	4.5
3.541	5.0
3.536	4.8
3.530	4.5
3.525	4.0
3.520	3.6
3.514	3.6
3.509	4.0
3.504	4.7
3.498	5.1
3.493	4.8
3.488	4.8
3.482	4.8
3.477	5.2
3.472	6.3
3.466	7.2
3.461	7.2
3.456	6.4
3.450	5.6
3.445	5.2
3.440	5.2
3.434	5.6
3.429	6.0
3.424	6.0
3.418	5.2
3.413	4.7
3.408	4.3
3.402	4.4
3.397	4.8
3.392	5.6
3.386	6.0
3.381	6.0
3.376	5.3
3.370	5.2
3.365	5.6
3.360	6.9
3.354	8.5
3.349	8.9
3.344	8.1
3.338	7.2
3.333	6.4
3.328	6.2
3.322	6.8
3.317	7.6
3.312	7.6
3.306	6.8
3.301	5.7
3.296	5.2
3.291	4.8
3.285	4.9
3.280	5.7
3.275	6.8
3.269	7.2
3.264	7.1
3.259	6.5
3.253	6.1
3.248	6.5
3.243	7.8
3.237	9.4
3.232	10.1
3.227	9.6
3.221	8.4
3.216	7.4
3.211	7.1
3.205	7.5
3.200	8.7
3.195	9.1
3.189	8.5
3.184	7.3
3.179	6.3
3.173	5.5
3.168	5.2
3.163	5.7
3.157	7.1
3.152	8.3
3.147	8.7
3.141	8.3
3.136	7.7
3.131	7.3
3.125	8.0
3.120	10.0
3.115	12.4
3.109	13.2
3.104	12.3
3.099	10.7
3.093	9.2
3.088	8.4
3.083	8.8
3.077	10.0
3.072	10.8
3.067	10.4
3.061	9.2
3.056	7.6
3.051	6.6
3.045	6.0
3.040	6.0
3.035	7.2
3.029	8.8
3.024	10.0
3.019	10.0
3.013	9.6
3.008	8.9
3.003	8.7
2.997	9.7
2.992	12.1
2.987	14.8
2.981	15.6
2.976	14.7
2.971	12.8
2.965	11.2
2.960	10.0
2.955	10.4
2.949	11.6
2.944	12.6
2.939	12.3
2.933	11.1
2.928	9.5
2.923	8.1
2.917	7.2
2.912	6.9
2.907	7.5
2.901	9.1
2.896	10.7
2.891	11.7
2.885	11.8
2.880	11.4
2.875	10.7
2.869	10.5
2.864	11.6
2.859	14.3
2.853	17.2
2.848	18.5
2.843	17.8
2.837	15.9
2.832	13.8
2.827	12.3
2.821	11.7
2.816	12.8
2.811	14.1
2.805	14.7
2.800	13.9
2.795	12.4
2.789	10.6
2.784	9.0
2.779	8.2
2.773	8.1
2.768	8.9
2.763	10.7
2.757	12.4
2.752	13.6
2.747	13.7
2.741	13.2
2.736	12.3
2.731	11.9
2.725	12.3
2.720	14.7
2.715	18.0
2.709	20.7
2.704	21.2
2.699	20.0
2.693	17.6
2.688	15.3
2.683	14.0
2.677	14.0
2.672	15.3
2.667	16.6
2.661	16.8
2.656	15.6
2.651	13.5
2.645	11.6
2.640	10.0
2.635	9.2
2.629	8.9
2.624	9.7
2.619	11.2
2.613	13.3
2.608	14.9
2.602	15.8
2.597	15.7
2.592	15.0
2.586	14.3
2.581	14.2
2.576	15.5
2.570	17.8
2.565	20.0
2.560	21.2
2.554	20.9
2.549	19.7
2.544	17.8
2.538	16.2
2.533	15.0
2.528	15.2
2.522	16.5
2.517	18.4
2.512	19.1
2.506	18.3
2.501	16.7
2.496	14.7
2.490	12.8
2.485	11.4
2.480	10.5
2.474	10.4
2.469	11.2
2.464	13.0
2.458	15.0
2.453	16.6
2.448	17.4
2.442	17.4
2.437	16.8
2.432	16.0
2.426	15.6
2.421	16.4
2.416	18.8
2.410	22.4
2.405	25.7
2.400	27.7
2.394	27.5
2.389	25.6
2.384	22.8
2.378	20.1
2.373	18.4
2.368	18.0
2.362	19.2
2.357	20.8
2.352	21.5
2.346	20.8
2.341	19.2
2.336	17.2
2.330	15.0
2.325	13.3
2.320	12.0
2.314	11.3
2.309	11.2
2.304	12.4
2.298	14.2
2.293	16.0
2.288	17.6
2.282	18.7
2.277	19.0
2.272	18.6
2.266	17.9
2.261	17.4
2.256	17.4
2.250	18.9
2.245	22.0
2.240	25.7
2.234	28.8
2.229	30.5
2.223	30.0
2.218	27.9
2.213	25.0
2.207	22.1
2.202	20.0
2.197	19.5
2.191	20.3
2.186	22.0
2.181	23.2
2.175	23.2
2.170	21.9
2.165	19.9
2.159	17.6
2.154	15.6
2.149	13.7
2.143	12.4
2.138	11.6
2.133	11.6
2.127	12.5
2.122	14.2
2.117	16.1
2.111	18.1
2.106	19.8
2.101	20.8
2.095	21.0
2.090	20.6
2.085	19.6
2.079	18.8
2.074	18.8
2.069	20.1
2.063	22.9
2.058	26.9
2.053	30.5
2.047	32.8
2.042	33.1
2.037	31.6
2.031	29.2
2.026	26.0
2.021	23.2
2.015	21.2
2.010	20.4
2.005	21.3
1.999	23.1
1.994	24.8
1.989	24.9
1.983	23.7
1.978	21.7
1.972	19.7
1.967	17.7
1.962	16.0
1.956	14.3
1.951	13.1
1.946	12.0
1.940	12.0
1.935	12.4
1.930	14.0
1.924	16.0
1.919	18.4
1.914	20.3
1.908	21.5
1.903	22.0
1.898	22.0
1.892	21.6
1.887	21.1
1.882	20.5
1.876	20.4
1.871	21.1
1.866	23.1
1.860	26.2
1.855	29.9
1.850	33.1
1.844	34.8
1.839	34.8
1.834	33.4
1.828	30.9
1.823	28.0
1.818	25.1
1.812	22.8
1.807	21.6
1.802	21.6
1.796	22.8
1.791	24.9
1.786	26.4
1.780	26.8
1.775	26.1
1.769	24.6
1.764	22.6
1.759	20.4
1.753	18.3
1.748	16.3
1.743	14.7
1.737	13.5
1.732	12.8
1.727	12.8
1.721	13.2
1.716	14.4
1.711	16.0
1.705	18.4
1.700	20.6
1.695	22.6
1.689	23.9
1.684	24.6
1.679	24.6
1.673	24.2
1.668	23.5
1.663	22.6
1.657	21.9
1.652	21.7
1.647	22.2
1.641	24.0
1.636	27.0
1.631	31.0
1.625	34.9
1.620	38.1
1.615	39.3
1.609	38.8
1.604	36.9
1.599	33.9
1.593	30.3
1.588	26.8
1.582	24.1
1.577	22.5
1.572	22.0
1.566	22.7
1.561	24.2
1.556	26.3
1.550	28.3
1.545	29.6
1.540	29.6
1.534	28.6
1.529	26.7
1.524	24.6
1.518	22.1
1.513	19.8
1.508	17.6
1.502	16.0
1.497	14.7
1.492	13.8
1.486	13.2
1.481	13.2
1.476	13.4
1.470	14.1
1.465	15.3
1.460	17.2
1.454	19.6
1.449	21.9
1.444	24.0
1.438	25.6
1.433	26.4
1.428	26.6
1.422	26.2
1.417	25.2
1.411	24.2
1.406	23.3
1.401	22.5
1.395	22.1
1.390	22.0
1.385	22.7
1.379	24.0
1.374	26.5
1.369	29.9
1.363	34.0
1.358	38.0
1.353	41.1
1.347	42.5
1.342	42.4
1.337	40.8
1.331	38.1
1.326	34.5
1.321	30.9
1.315	27.5
1.310	25.0
1.305	23.1
1.299	22.2
1.294	22.2
1.289	23.0
1.283	24.5
1.278	26.6
1.273	28.7
1.267	30.6
1.262	31.8
1.256	32.0
1.251	31.2
1.246	29.6
1.240	27.4
1.235	24.9
1.230	22.3
1.224	19.9
1.219	17.6
1.214	16.0
1.208	14.6
1.203	13.6
1.198	12.8
1.192	12.4
1.187	12.3
1.182	12.4
1.176	12.5
1.171	13.2
1.166	14.1
1.160	15.6
1.155	17.4
1.150	19.8
1.144	22.2
1.139	24.7
1.134	26.6
1.128	28.0
1.123	28.5
1.118	28.5
1.112	28.0
1.107	27.2
1.101	26.2
1.096	25.2
1.091	24.3
1.085	23.6
1.080	23.0
1.075	22.7
1.069	22.5
1.064	22.8
1.059	23.2
1.053	24.4
1.048	26.3
1.043	29.1
1.037	32.5
1.032	36.4
1.027	40.2
1.021	43.5
1.016	45.6
1.011	46.9
1.005	46.9
1.000	45.6
0.995	42.9
0.989	39.6
0.984	36.0
0.979	32.7
0.973	29.7
0.968	27.3
0.962	25.3
0.957	23.9
0.952	22.8
0.946	22.3
0.941	22.0
0.936	22.4
0.930	23.2
0.925	24.6
0.920	26.1
0.914	27.7
0.909	28.9
0.904	30.5
0.898	32.1
0.893	33.7
0.888	34.6
0.882	34.7
0.877	33.5
0.872	31.6
0.866	29.1
0.861	26.7
0.856	24.7
0.850	22.8
0.845	20.9
0.840	19.2
0.834	17.6
0.829	16.1
0.823	15.0
0.818	14.4
0.813	13.8
0.807	13.3
0.802	12.9
0.797	12.7
0.791	12.4
0.786	12.4
0.781	12.4
0.775	12.4
0.770	12.5
0.765	12.9
0.759	13.3
0.754	14.1
0.749	15.0
0.743	16.1
0.738	17.2
0.733	18.5
0.727	20.0
0.722	21.8
0.717	23.5
0.711	25.4
0.706	27.0
0.701	28.6
0.695	29.6
0.690	30.4
0.684	30.7
0.679	30.8
0.674	30.5
0.668	30.1
0.663	29.3
0.658	28.7
0.652	27.9
0.647	27.3
0.642	26.7
0.636	26.1
0.631	25.5
0.626	25.1
0.620	24.4
0.615	24.0
0.610	23.6
0.604	23.4
0.599	23.2
0.594	23.2
0.588	23.1
0.583	23.2
0.578	23.4
0.572	23.6
0.567	23.7
0.561	24.4
0.556	25.2
0.551	26.4
0.545	27.6
0.540	28.9
0.535	30.5
0.529	32.3
0.524	34.3
0.519	36.6
0.513	38.8
0.508	41.1
0.503	43.4
0.497	45.3
0.492	46.9
0.487	48.3
0.481	49.6
0.476	50.7
0.471	51.3
0.465	51.5
0.460	51.1
0.455	50.3
0.449	49.0
0.444	47.5
0.438	45.8
0.433	43.9
0.428	42.0
0.422	40.6
0.417	39.1
0.412	37.5
0.406	35.5
0.401	33.2
0.396	31.1
0.390	29.6
0.385	28.7
0.380	28.2
0.374	27.5
0.369	27.0
0.364	26.2
0.358	25.5
0.353	24.7
0.348	24.2
0.342	23.6
0.337	23.2
0.332	22.9
0.326	22.8
0.321	22.7
0.316	22.7
0.310	22.7
0.305	22.4
0.299	22.0
0.294	21.7
0.289	21.6
0.283	21.8
0.278	22.2
0.273	22.6
0.267	23.0
0.262	23.4
0.257	23.6
0.251	24.1
0.246	24.5
0.241	24.9
0.235	25.2
0.230	25.6
0.225	25.9
0.219	26.3
0.214	26.5
0.209	26.8
0.203	27.2
0.198	27.6
0.193	27.9
0.187	28.2
0.182	28.5
0.176	28.8
0.171	29.2
0.166	29.6
0.160	30.0
0.155	30.1
0.150	30.1
0.144	30.1
0.139	30.2
0.134	30.5
0.128	30.7
0.123	30.8
0.118	30.8
0.112	31.1
0.107	31.4
0.102	31.7
0.096	32.1
0.091	32.4
0.086	32.3
0.080	32.1
0.075	31.9
0.070	31.9
0.064	31.9
0.059	32.2
0.053	32.1
0.048	32.0
0.043	31.7
0.037	31.5
0.032	31.5
0.027	31.7
0.021	32.0
0.016	32.3
0.011	32.3
0.005	32.5
0.000	32.5
-0.005	32.3
-0.011	32.0
-0.016	31.7
-0.021	30.9
-0.027	30.4
-0.032	29.6
-0.037	29.7
-0.043	30.3
-0.048	31.0
-0.053	31.4
-0.059	31.6
-0.064	31.6
-0.070	31.6
-0.075	31.5
-0.080	31.5
-0.086	31.2
-0.091	31.2
-0.096	31.0
-0.102	30.8
-0.107	30.6
-0.112	30.4
-0.118	30.4
-0.123	30.3
-0.128	30.1
-0.134	29.9
-0.139	29.5
-0.144	29.2
-0.150	28.8
-0.155	28.7
-0.160	28.4
-0.166	28.2
-0.171	27.9
-0.176	27.7
-0.182	27.3
-0.187	26.9
-0.193	26.4
-0.198	26.0
-0.203	25.5
-0.209	25.0
-0.214	24.4
-0.219	24.0
-0.225	23.6
-0.230	23.2
-0.235	22.8
-0.241	22.7
-0.246	22.3
-0.251	22.3
-0.257	22.2
-0.262	22.3
-0.267	22.4
-0.273	22.6
-0.278	22.8
-0.283	23.0
-0.289	23.1
-0.294	23.5
-0.299	23.8
-0.305	24.6
-0.310	25.3
-0.316	26.1
-0.321	27.0
-0.326	27.9
-0.332	28.6
-0.337	29.3
-0.342	29.7
-0.348	30.5
-0.353	31.4
-0.358	32.5
-0.364	33.5
-0.369	34.3
-0.374	35.0
-0.380	35.9
-0.385	37.1
-0.390	38.4
-0.396	39.3
-0.401	40.3
-0.406	41.1
-0.412	41.8
-0.417	42.2
-0.422	42.6
-0.428	42.9
-0.433	43.3
-0.438	43.2
-0.444	43.2
-0.449	43.0
-0.455	42.6
-0.460	41.8
-0.465	41.1
-0.471	40.3
-0.476	39.4
-0.481	38.3
-0.487	37.3
-0.492	36.1
-0.497	34.9
-0.503	33.7
-0.508	32.5
-0.513	31.3
-0.519	30.1
-0.524	28.9
-0.529	28.0
-0.535	27.2
-0.540	26.5
-0.545	26.0
-0.551	25.6
-0.556	25.4
-0.561	25.2
-0.567	25.1
-0.572	25.1
-0.578	25.0
-0.583	25.1
-0.588	25.2
-0.594	25.6
-0.599	25.8
-0.604	26.1
-0.610	26.3
-0.615	26.6
-0.620	26.8
-0.626	27.1
-0.631	27.2
-0.636	27.3
-0.642	27.0
-0.647	26.7
-0.652	26.2
-0.658	25.9
-0.663	25.5
-0.668	25.1
-0.674	24.3
-0.679	23.5
-0.684	22.7
-0.690	21.9
-0.695	21.1
-0.701	20.3
-0.706	19.5
-0.711	18.4
-0.717	17.6
-0.722	17.1
-0.727	16.5
-0.733	16.0
-0.738	15.6
-0.743	15.3
-0.749	15.0
-0.754	15.0
-0.759	14.9
-0.765	15.0
-0.770	15.2
-0.775	15.5
-0.781	15.9
-0.786	16.3
-0.791	16.8
-0.797	17.6
-0.802	18.4
-0.807	19.2
-0.813	20.1
-0.818	21.2
-0.823	22.3
-0.829	23.4
-0.834	24.4
-0.840	25.5
-0.845	26.3
-0.850	27.2
-0.856	27.9
-0.861	28.4
-0.866	28.6
-0.872	28.7
-0.877	28.6
-0.882	28.3
-0.888	27.6
-0.893	27.1
-0.898	26.4
-0.904	26.0
-0.909	25.6
-0.914	25.8
-0.920	26.2
-0.925	27.0
-0.930	28.1
-0.936	29.6
-0.941	31.2
-0.946	32.9
-0.952	34.8
-0.957	36.4
-0.962	37.6
-0.968	38.6
-0.973	39.2
-0.979	39.4
-0.984	39.0
-0.989	38.5
-0.995	37.5
-1.000	36.1
-1.005	34.3
-1.011	32.4
-1.016	30.8
-1.021	29.3
-1.027	27.9
-1.032	26.7
-1.037	25.8
-1.043	25.2
-1.048	24.8
-1.053	24.8
-1.059	25.0
-1.064	25.3
-1.069	25.3
-1.075	25.3
-1.080	25.2
-1.085	25.2
-1.091	24.7
-1.096	24.3
-1.101	23.5
-1.107	22.6
-1.112	21.6
-1.118	20.8
-1.123	19.8
-1.128	18.7
-1.134	17.9
-1.139	17.1
-1.144	16.3
-1.150	15.8
-1.155	15.4
-1.160	15.3
-1.166	15.3
-1.171	15.7
-1.176	16.3
-1.182	17.2
-1.187	18.2
-1.192	19.3
-1.198	20.4
-1.203	21.6
-1.208	22.8
-1.214	24.0
-1.219	25.2
-1.224	26.4
-1.230	27.2
-1.235	28.0
-1.240	28.0
-1.246	27.6
-1.251	27.1
-1.256	26.6
-1.262	26.2
-1.267	26.3
-1.273	26.9
-1.278	28.1
-1.283	29.6
-1.289	31.2
-1.294	32.9
-1.299	34.5
-1.305	35.6
-1.310	36.1
-1.315	36.4
-1.321	36.0
-1.326	34.8
-1.331	33.5
-1.337	31.9
-1.342	30.0
-1.347	28.1
-1.353	26.4
-1.358	25.1
-1.363	24.4
-1.369	24.0
-1.374	24.0
-1.379	24.0
-1.385	24.0
-1.390	24.0
-1.395	23.9
-1.401	23.4
-1.406	22.8
-1.411	21.7
-1.417	20.6
-1.422	19.4
-1.428	18.4
-1.433	17.3
-1.438	16.4
-1.444	15.6
-1.449	15.0
-1.454	14.6
-1.460	14.8
-1.465	15.2
-1.470	16.0
-1.476	16.8
-1.481	18.0
-1.486	19.2
-1.492	20.5
-1.497	21.8
-1.502	23.1
-1.508	24.3
-1.513	25.1
-1.518	25.3
-1.524	25.3
-1.529	24.6
-1.534	24.1
-1.540	23.7
-1.545	23.8
-1.550	24.7
-1.556	26.2
-1.561	27.9
-1.566	29.6
-1.572	30.8
-1.577	31.8
-1.582	32.1
-1.588	31.8
-1.593	30.8
-1.599	29.3
-1.604	27.2
-1.609	24.8
-1.615	22.8
-1.620	21.6
-1.625	20.8
-1.631	20.8
-1.636	21.0
-1.641	21.1
-1.647	20.8
-1.652	20.3
-1.657	19.5
-1.663	18.6
-1.668	17.5
-1.673	16.3
-1.679	14.8
-1.684	13.6
-1.689	12.8
-1.695	12.3
-1.700	12.2
-1.705	12.4
-1.711	13.2
-1.716	14.1
-1.721	15.2
-1.727	16.4
-1.732	17.3
-1.737	18.5
-1.743	20.0
-1.748	21.5
-1.753	22.3
-1.759	22.4
-1.764	21.9
-1.769	21.2
-1.775	21.0
-1.780	21.5
-1.786	22.5
-1.791	24.0
-1.796	25.5
-1.802	27.1
-1.807	27.9
-1.812	28.4
-1.818	27.9
-1.823	26.8
-1.828	24.8
-1.834	22.8
-1.839	20.8
-1.844	19.4
-1.850	18.6
-1.855	18.6
-1.860	18.6
-1.866	18.7
-1.871	18.2
-1.876	17.8
-1.882	17.1
-1.887	16.3
-1.892	15.2
-1.898	14.0
-1.903	12.8
-1.908	12.0
-1.914	11.6
-1.919	11.8
-1.924	12.2
-1.930	13.0
-1.935	14.1
-1.940	15.3
-1.946	16.5
-1.951	18.2
-1.956	19.4
-1.962	20.2
-1.967	20.2
-1.972	19.6
-1.978	18.8
-1.983	18.8
-1.989	19.6
-1.994	20.8
-1.999	22.4
-2.005	24.0
-2.010	24.9
-2.015	25.1
-2.021	24.2
-2.026	22.6
-2.031	20.4
-2.037	18.3
-2.042	16.8
-2.047	16.0
-2.053	16.0
-2.058	16.3
-2.063	16.3
-2.069	16.3
-2.074	15.9
-2.079	15.2
-2.085	14.4
-2.090	13.2
-2.095	12.0
-2.101	11.2
-2.106	10.7
-2.111	10.7
-2.117	10.8
-2.122	11.6
-2.127	12.8
-2.133	14.4
-2.138	16.0
-2.143	17.5
-2.149	18.2
-2.154	17.9
-2.159	17.1
-2.165	16.4
-2.170	16.4
-2.175	16.8
-2.181	18.2
-2.186	19.9
-2.191	21.4
-2.197	22.3
-2.202	22.3
-2.207	21.4
-2.213	19.4
-2.218	17.0
-2.223	15.1
-2.229	14.2
-2.234	13.8
-2.240	13.7
-2.245	13.6
-2.250	13.6
-2.256	13.5
-2.261	13.2
-2.266	12.1
-2.272	10.9
-2.277	9.7
-2.282	9.1
-2.288	8.8
-2.293	9.2
-2.298	10.0
-2.304	11.2
-2.309	12.8
-2.314	14.4
-2.320	15.3
-2.325	15.3
-2.330	14.5
-2.336	13.6
-2.341	13.1
-2.346	13.5
-2.352	14.4
-2.357	16.0
-2.362	17.6
-2.368	18.4
-2.373	17.3
-2.378	14.9
-2.384	12.3
-2.389	10.4
-2.394	9.6
-2.400	9.9
-2.405	10.5
-2.410	11.5
-2.416	11.9
-2.421	12.0
-2.426	11.6
-2.432	10.5
-2.437	9.1
-2.442	8.0
-2.448	7.6
-2.453	7.6
-2.458	8.0
-2.464	9.1
-2.469	10.4
-2.474	11.9
-2.480	12.9
-2.485	13.2
-2.490	12.2
-2.496	11.2
-2.501	10.8
-2.506	10.8
-2.512	11.8
-2.517	13.5
-2.522	15.2
-2.528	16.3
-2.533	15.9
-2.538	14.0
-2.544	11.8
-2.549	10.3
-2.554	9.6
-2.560	9.6
-2.565	10.0
-2.570	10.4
-2.576	10.6
-2.581	10.2
-2.586	9.0
-2.592	7.7
-2.597	6.8
-2.602	6.4
-2.608	6.4
-2.613	7.0
-2.619	8.0
-2.624	9.6
-2.629	10.8
-2.635	11.1
-2.640	10.4
-2.645	9.6
-2.651	8.9
-2.656	9.2
-2.661	10.0
-2.667	11.6
-2.672	13.2
-2.677	14.0
-2.683	13.2
-2.688	11.4
-2.693	9.4
-2.699	8.4
-2.704	8.0
-2.709	8.3
-2.715	8.7
-2.720	9.2
-2.725	9.1
-2.731	8.3
-2.736	6.7
-2.741	5.8
-2.747	5.2
-2.752	5.4
-2.757	5.9
-2.763	7.0
-2.768	8.3
-2.773	9.3
-2.779	9.2
-2.784	8.4
-2.789	7.6
-2.795	7.4
-2.800	7.8
-2.805	9.0
-2.811	10.3
-2.816	11.4
-2.821	11.2
-2.827	9.7
-2.832	8.0
-2.837	7.1
-2.843	6.7
-2.848	6.8
-2.853	7.2
-2.859	7.6
-2.864	7.4
-2.869	6.5
-2.875	5.6
-2.880	4.8
-2.885	4.5
-2.891	4.5
-2.896	5.2
-2.901	6.4
-2.907	7.2
-2.912	7.6
-2.917	6.8
-2.923	6.4
-2.928	6.0
-2.933	6.2
-2.939	7.0
-2.944	8.3
-2.949	9.1
-2.955	8.8
-2.960	7.6
-2.965	6.3
-2.971	5.5
-2.976	5.5
-2.981	5.6
-2.987	6.0
-2.992	6.0
-2.997	5.6
-3.003	4.8
-3.008	4.1
-3.013	3.7
-3.019	3.8
-3.024	4.2
-3.029	5.0
-3.035	5.7
-3.040	6.0
-3.045	5.3
-3.051	4.9
-3.056	4.8
-3.061	5.1
-3.067	5.6
-3.072	6.5
-3.077	6.9
-3.083	6.5
-3.088	5.6
-3.093	4.8
-3.099	4.4
-3.104	4.4
-3.109	4.4
-3.115	4.8
-3.120	4.8
-3.125	4.4
-3.131	3.6
-3.136	3.2
-3.141	3.2
-3.147	3.6
-3.152	4.0
-3.157	4.4
-3.163	4.4
-3.168	4.1
-3.173	3.7
-3.179	3.7
-3.184	4.0
-3.189	4.5
-3.195	5.2
-3.200	5.3
-3.205	4.8
-3.211	4.0
-3.216	3.6
-3.221	3.6
-3.227	3.6
-3.232	4.0
-3.237	4.0
-3.243	3.6
-3.248	3.1
-3.253	2.7
-3.259	2.6
-3.264	2.8
-3.269	3.2
-3.275	3.6
-3.280	3.6
-3.285	3.2
-3.291	2.8
-3.296	2.8
-3.301	3.1
-3.306	3.6
-3.312	4.0
-3.317	3.9
-3.322	3.2
-3.328	2.8
-3.333	2.6
-3.338	2.6
-3.344	2.7
-3.349	2.8
-3.354	2.8
-3.360	2.4
-3.365	2.0
-3.370	2.0
-3.376	2.0
-3.381	2.4
-3.386	2.4
-3.392	2.4
-3.397	2.4
-3.402	2.2
-3.408	2.0
-3.413	2.2
-3.418	2.4
-3.424	2.7
-3.429	2.6
-3.434	2.3
-3.440	1.9
-3.445	1.9
-3.450	1.9
-3.456	2.0
-3.461	2.0
-3.466	1.9
-3.472	1.6
-3.477	1.5
-3.482	1.4
-3.488	1.4
-3.493	1.6
-3.498	1.6
-3.504	1.6
-3.509	1.6
-3.514	1.4
-3.520	1.4
-3.525	1.4
-3.530	1.6
-3.536	1.6
-3.541	1.6
-3.546	1.2
-3.552	1.2
-3.557	1.2
-3.562	1.2
-3.568	1.2
-3.573	1.2
-3.578	1.2
-3.584	1.2
-3.589	1.2
-3.594	1.2
-3.600	1.2
-3.605	1.2
-3.610	1.2
-3.616	1.2
-3.621	1.1
-3.626	1.1
-3.632	1.1
-3.637	1.1
-3.642	1.0
-3.647	1.0
-3.653	0.9
-3.658	0.9
-3.663	0.8
-3.669	0.8
-3.674	0.8
-3.679	0.8
-3.685	0.8
-3.690	0.8
-3.695	0.8
-3.701	0.8
-3.706	0.8
-3.711	0.8
-3.717	0.8
-3.722	0.8
-3.727	0.8
-3.733	0.8
-3.738	0.8
-3.743	0.8
-3.749	0.8
-3.754	0.8
-3.759	0.8
-3.765	0.8
-3.770	0.8
-3.775	0.8
-3.781	0.8
-3.786	0.8
-3.791	0.8
-3.797	0.8
-3.802	0.8
-3.807	0.8
-3.813	0.8
-3.818	0.8
-3.823	0.8
-3.829	0.8
-3.834	0.8
-3.839	0.8
-3.844	0.8
-3.850	0.8
-3.855	0.8
-3.860	0.8
-3.866	0.8
-3.871	0.8
-3.876	0.8
-3.882	0.8
-3.887	0.8
-3.892	0.8
-3.898	0.8
-3.903	0.8
-3.908	0.8
-3.914	0.8
-3.919	0.8
-3.924	0.8
-3.930	0.8
-3.935	0.8
-3.940	0.8
-3.946	0.8
-3.951	0.8
-3.956	0.8
-3.962	0.8
-3.967	0.8
-3.972	0.8
-3.978	0.8
-3.983	0.8
-3.988	0.8
-3.994	0.8
-3.999	0.8
-4.004	0.8
-4.009	0.8
-4.015	0.8
-4.020	0.8
-4.025	0.8
-4.031	0.8
-4.036	0.8
-4.041	0.8
-4.047	0.8
-4.052	0.8
-4.057	0.8
-4.063	0.8
-4.068	0.8
-4.073	0.8
-4.079	0.8
-4.084	0.8
-4.089	0.8
-4.095	0.8
-4.100	0.8
-4.105	0.8
-4.111	0.8
-4.116	0.8
-4.121	0.8
-4.127	0.8
-4.132	0.8
-4.137	0.8
-4.143	0.8
-4.148	0.8
-4.153	0.8
-4.158	0.8
-4.164	0.8
-4.169	0.8
-4.174	0.8
-4.180	0.8
-4.185	0.8
-4.190	0.8
-4.196	0.8
-4.201	0.8
-4.206	0.8
-4.212	0.8
-4.217	0.8
-4.222	0.8
-4.228	0.8
-4.233	0.8
-4.238	0.8
-4.244	0.8
-4.249	0.8
-4.254	0.8
-4.260	0.8
-4.265	0.8
-4.270	0.8
-4.275	0.8
-4.281	0.8
-4.286	0.8
-4.291	0.8
-4.297	0.8
-4.302	0.8
-4.307	0.8
-4.313	0.8
-4.318	0.8
-4.323	0.8
-4.329	0.8
-4.334	0.8
-4.339	0.8
-4.345	0.8
-4.350	0.8
-4.355	0.8
-4.361	0.8
-4.366	0.8
-4.371	0.8
-4.377	0.8
-4.382	0.8
-4.387	0.8
-4.392	0.8
-4.398	0.8
-4.403	0.8
-4.408	0.8
-4.414	0.8
-4.419	0.8
-4.424	0.8
-4.430	0.8
-4.435	0.8
-4.440	0.8
-4.446	0.8
-4.451	0.8
-4.456	0.8
-4.462	0.8
-4.467	0.8
-4.472	0.8
-4.478	0.8
-4.483	0.8
-4.488	0.8
-4.493	0.8
-4.499	0.8
-4.504	0.8
-4.509	0.8
-4.515	0.8
-4.520	0.8
-4.525	0.8
-4.531	0.8
-4.536	0.8
-4.541	0.8
-4.547	0.8
-4.552	0.8
-4.557	0.8
-4.563	0.8
-4.568	0.8
-4.573	0.8
-4.578	0.8
-4.584	0.8
-4.589	0.8
-4.594	0.8
-4.600	0.8
-4.605	0.8
-4.610	0.8
-4.616	0.8
-4.621	0.8
-4.626	0.8
-4.632	0.8
-4.637	0.8
-4.642	0.8
-4.648	0.8
-4.653	0.8
-4.658	0.8
-4.663	0.8
-4.669	0.8
-4.674	0.8
-4.679	0.8
-4.685	0.8
-4.690	0.8
-4.695	0.8
-4.701	0.8
-4.706	0.8
-4.711	0.8
-4.717	0.8
-4.722	0.8
-4.727	0.8
-4.733	0.8
-4.738	0.8
-4.743	0.8
-4.748	0.8
-4.754	0.8
-4.759	0.8
-4.764	0.8
-4.770	0.8
-4.775	0.8
-4.780	0.8
-4.786	0.8
-4.791	0.8
-4.796	0.8
-4.802	0.8
-4.807	0.8
-4.812	0.8
-4.818	0.8
-4.823	0.8
-4.828	0.8
-4.833	0.8
-4.839	0.8
-4.844	0.8
-4.849	0.8
-4.855	0.8
-4.860	0.8
-4.865	0.8
-4.871	0.8
-4.876	0.8
-4.881	0.8
-4.887	0.8
-4.892	0.8
-4.897	0.8
-4.902	0.8
-4.908	0.8
-4.913	0.8
-4.918	0.8
-4.924	0.8
-4.929	0.8
-4.934	0.8
-4.940	0.8
-4.945	0.8
-4.950	0.8
-4.956	0.8
-4.961	0.8
-4.966	0.8
-4.971	0.8
-4.977	0.8
-4.982	0.8
-4.987	0.8
-4.993	0.8
-4.998	0.8
-5.003	0.8
-5.009	0.8
-5.014	0.8
-5.019	0.8
-5.025	0.8
-5.030	0.8
-5.035	0.8
-5.040	0.8
-5.046	0.8
-5.051	0.8
-5.056	0.8
-5.062	0.8
-5.067	0.8
-5.072	0.8
-5.078	0.8
-5.083	0.8
-5.088	0.8
-5.094	0.8
-5.099	0.8
-5.104	0.8
-5.109	0.8
-5.115	0.8
-5.120	0.8
-5.125	0.8
-5.131	0.8
-5.136	0.8
-5.141	0.8
-5.147	0.8
-5.152	0.8
-5.157	0.8
-5.162	0.8
-5.168	0.8
-5.173	0.8
-5.178	0.8
-5.184	0.8
-5.189	0.8
-5.194	0.8
-5.200	0.8
-5.205	0.8
-5.210	0.8
-5.216	0.8
-5.221	0.8
-5.226	0.8
-5.231	0.8
-5.237	0.8
-5.242	0.8
-5.247	0.8
-5.253	0.8
-5.258	0.8
-5.263	0.8
-5.269	0.8
-5.274	0.8
-5.279	0.8
-5.284	0.8
-5.290	0.8
-5.295	0.8
-5.300	0.8
-5.306	0.8
-5.311	0.8
-5.316	0.8
-5.322	0.8
-5.327	0.8
-5.332	0.8
-5.337	0.8
-5.343	0.8
-5.348	0.8
-5.353	0.8
-5.359	0.8
-5.364	0.8
-5.369	0.8
-5.375	0.8
-5.380	0.8
-5.385	0.8
-5.390	0.8
-5.396	0.8
-5.401	0.8
-5.406	0.8
-5.412	0.8
-5.417	0.8
-5.422	0.8
-5.428	0.8
-5.433	0.8
-5.438	0.8
-5.443	0.8
-5.449	0.8
-5.454	0.8
