#&a / °	I1 / %
5.459	0.0
5.454	0.1
5.449	0.0
5.443	0.0
5.438	0.0
5.433	0.0
5.428	0.0
5.422	0.0
5.417	0.0
5.412	0.0
5.406	0.0
5.401	0.0
5.396	0.0
5.390	0.0
5.385	0.0
5.380	0.0
5.375	0.0
5.369	0.0
5.364	0.0
5.359	0.0
5.353	0.0
5.348	0.0
5.343	0.0
5.337	0.0
5.332	0.0
5.327	0.0
5.322	0.0
5.316	0.0
5.311	0.0
5.306	0.0
5.300	0.0
5.295	0.0
5.290	0.0
5.284	0.0
5.279	0.0
5.274	0.0
5.269	0.0
5.263	0.0
5.258	0.0
5.253	0.0
5.247	0.0
5.242	0.0
5.237	0.0
5.231	0.0
5.226	0.0
5.221	0.0
5.216	0.0
5.210	0.0
5.205	0.0
5.200	0.0
5.194	0.0
5.189	0.0
5.184	0.0
5.178	0.0
5.173	0.0
5.168	0.0
5.162	0.0
5.157	0.0
5.152	0.0
5.147	0.0
5.141	0.0
5.136	0.0
5.131	0.0
5.125	0.0
5.120	0.0
5.115	0.0
5.109	0.0
5.104	0.0
5.099	0.0
5.094	0.0
5.088	0.0
5.083	0.0
5.078	0.0
5.072	0.0
5.067	0.0
5.062	0.0
5.056	0.0
5.051	0.0
5.046	0.0
5.040	0.0
5.035	0.0
5.030	0.0
5.025	0.0
5.019	0.0
5.014	0.0
5.009	0.0
5.003	0.0
4.998	0.1
4.993	0.0
4.987	0.0
4.982	0.0
4.977	0.0
4.971	0.0
4.966	0.0
4.961	0.0
4.956	0.0
4.950	0.0
4.945	0.0
4.940	0.0
4.934	0.0
4.929	0.0
4.924	0.0
4.918	0.0
4.913	0.1
4.908	0.1
4.902	0.1
4.897	0.1
4.892	0.1
4.887	0.0
4.881	0.1
4.876	0.0
4.871	0.0
4.865	0.0
4.860	0.1
4.855	0.1
4.849	0.1
4.844	0.1
4.839	0.1
4.833	0.1
4.828	0.1
4.823	0.0
4.818	0.1
4.812	0.1
4.807	0.1
4.802	0.1
4.796	0.1
4.791	0.1
4.786	0.1
4.780	0.1
4.775	0.1
4.770	0.1
4.764	0.1
4.759	0.1
4.754	0.1
4.748	0.1
4.743	0.1
4.738	0.1
4.733	0.1
4.727	0.1
4.722	0.1
4.717	0.1
4.711	0.1
4.706	0.1
4.701	0.1
4.695	0.1
4.690	0.1
4.685	0.1
4.679	0.1
4.674	0.1
4.669	0.1
4.663	0.1
4.658	0.1
4.653	0.1
4.648	0.1
4.642	0.1
4.637	0.1
4.632	0.1
4.626	0.2
4.621	0.2
4.616	0.2
4.610	0.2
4.605	0.2
4.600	0.2
4.594	0.2
4.589	0.2
4.584	0.2
4.578	0.2
4.573	0.2
4.568	0.2
4.563	0.2
4.557	0.2
4.552	0.2
4.547	0.2
4.541	0.2
4.536	0.2
4.531	0.3
4.525	0.2
4.520	0.3
4.515	0.2
4.509	0.3
4.504	0.2
4.499	0.3
4.493	0.2
4.488	0.3
4.483	0.2
4.478	0.2
4.472	0.2
4.467	0.2
4.462	0.2
4.456	0.2
4.451	0.2
4.446	0.2
4.440	0.2
4.435	0.2
4.430	0.2
4.424	0.2
4.419	0.2
4.414	0.2
4.408	0.2
4.403	0.3
4.398	0.2
4.392	0.3
4.387	0.3
4.382	0.3
4.377	0.3
4.371	0.3
4.366	0.3
4.361	0.3
4.355	0.3
4.350	0.3
4.345	0.3
4.339	0.3
4.334	0.3
4.329	0.4
4.323	0.4
4.318	0.4
4.313	0.4
4.307	0.4
4.302	0.4
4.297	0.4
4.291	0.4
4.286	0.4
4.281	0.4
4.275	0.4
4.270	0.4
4.265	0.4
4.260	0.4
4.254	0.4
4.249	0.4
4.244	0.4
4.238	0.4
4.233	0.4
4.228	0.4
4.222	0.4
4.217	0.4
4.212	0.5
4.206	0.5
4.201	0.6
4.196	0.7
4.190	0.7
4.185	0.7
4.180	0.8
4.174	0.8
4.169	0.8
4.164	0.8
4.158	0.8
4.153	0.8
4.148	0.8
4.143	0.8
4.137	0.8
4.132	0.8
4.127	0.8
4.121	0.8
4.116	0.8
4.111	0.8
4.105	0.8
4.100	0.8
4.095	0.8
4.089	0.8
4.084	0.8
4.079	0.8
4.073	0.9
4.068	0.9
4.063	1.0
4.057	1.0
4.052	1.0
4.047	1.0
4.041	1.1
4.036	1.2
4.031	1.2
4.025	1.2
4.020	1.2
4.015	1.2
4.009	1.3
4.004	1.3
3.999	1.3
3.994	1.3
3.988	1.3
3.983	1.2
3.978	1.3
3.972	1.4
3.967	1.4
3.962	1.4
3.956	1.4
3.951	1.4
3.946	1.6
3.940	1.6
3.935	1.6
3.930	1.6
3.924	1.6
3.919	1.6
3.914	1.7
3.908	1.7
3.903	1.7
3.898	1.7
3.892	1.7
3.887	1.7
3.882	2.0
3.876	2.0
3.871	2.0
3.866	2.0
3.860	2.0
3.855	2.0
3.850	2.0
3.844	2.0
3.839	2.1
3.834	2.1
3.829	2.2
3.823	2.3
3.818	2.4
3.813	2.4
3.807	2.4
3.802	2.4
3.797	2.4
3.791	2.4
3.786	2.8
3.781	2.9
3.775	2.8
3.770	2.8
3.765	2.7
3.759	2.6
3.754	2.7
3.749	2.8
3.743	3.1
3.738	3.0
3.733	3.0
3.727	3.1
3.722	3.2
3.717	3.3
3.711	3.3
3.706	3.2
3.701	3.2
3.695	3.2
3.690	3.6
3.685	4.0
3.679	4.4
3.674	4.1
3.669	3.8
3.663	3.4
3.658	3.4
3.653	3.6
3.647	4.0
3.642	4.4
3.637	4.3
3.632	4.0
3.626	4.0
3.621	4.0
3.616	4.4
3.610	4.4
3.605	4.4
3.600	4.0
3.594	4.0
3.589	4.0
3.584	4.5
3.578	5.3
3.573	5.7
3.568	5.2
3.562	4.8
3.557	4.4
3.552	4.2
3.546	4.4
3.541	5.1
3.536	5.5
3.530	5.5
3.525	5.1
3.520	4.8
3.514	4.8
3.509	5.2
3.504	5.6
3.498	5.6
3.493	5.2
3.488	4.8
3.482	4.8
3.477	5.2
3.472	6.4
3.466	7.5
3.461	7.5
3.456	6.8
3.450	5.9
3.445	5.2
3.440	4.8
3.434	5.3
3.429	6.1
3.424	6.7
3.418	6.4
3.413	6.0
3.408	5.3
3.402	5.6
3.397	6.2
3.392	6.8
3.386	6.5
3.381	6.1
3.376	5.4
3.370	5.2
3.365	5.6
3.360	7.1
3.354	8.8
3.349	9.6
3.344	8.8
3.338	7.7
3.333	6.6
3.328	6.1
3.322	6.1
3.317	7.0
3.312	8.0
3.306	8.0
3.301	7.2
3.296	6.5
3.291	6.1
3.285	6.5
3.280	7.3
3.275	8.1
3.269	8.0
3.264	7.3
3.259	6.5
3.253	6.1
3.248	6.5
3.243	7.9
3.237	9.9
3.232	10.6
3.227	10.3
3.221	9.2
3.216	8.0
3.211	7.2
3.205	7.2
3.200	8.0
3.195	9.2
3.189	9.6
3.184	9.0
3.179	8.1
3.173	7.2
3.168	7.2
3.163	8.0
3.157	9.2
3.152	9.6
3.147	9.3
3.141	8.5
3.136	7.7
3.131	7.3
3.125	8.0
3.120	10.0
3.115	12.8
3.109	14.0
3.104	13.2
3.099	11.6
3.093	10.0
3.088	8.8
3.083	8.4
3.077	9.2
3.072	10.8
3.067	11.6
3.061	11.2
3.056	9.9
3.051	8.7
3.045	8.0
3.040	8.4
3.035	9.6
3.029	10.8
3.024	10.8
3.019	10.4
3.013	9.6
3.008	8.9
3.003	8.6
2.997	9.7
2.992	12.2
2.987	15.4
2.981	16.6
2.976	15.9
2.971	13.9
2.965	11.9
2.960	10.4
2.955	9.9
2.949	10.4
2.944	12.0
2.939	13.2
2.933	13.2
2.928	12.0
2.923	10.6
2.917	9.5
2.912	9.3
2.907	10.1
2.901	11.7
2.896	12.8
2.891	13.2
2.885	12.5
2.880	11.7
2.875	10.8
2.869	10.5
2.864	11.6
2.859	14.4
2.853	17.8
2.848	19.7
2.843	19.3
2.837	17.4
2.832	14.9
2.827	12.9
2.821	11.7
2.816	11.8
2.811	13.2
2.805	15.2
2.800	15.9
2.795	15.2
2.789	13.6
2.784	12.0
2.779	10.8
2.773	10.8
2.768	11.9
2.763	13.6
2.757	14.8
2.752	15.2
2.747	14.5
2.741	13.6
2.736	12.1
2.731	11.7
2.725	12.3
2.720	14.8
2.715	18.5
2.709	21.8
2.704	22.8
2.699	21.6
2.693	19.2
2.688	16.4
2.683	14.4
2.677	13.6
2.672	14.1
2.667	16.0
2.661	17.7
2.656	18.1
2.651	16.8
2.645	15.0
2.640	13.0
2.635	12.0
2.629	12.0
2.624	13.1
2.619	14.7
2.613	16.3
2.608	17.2
2.602	17.2
2.597	16.4
2.592	15.2
2.586	14.4
2.581	14.3
2.576	15.6
2.570	18.0
2.565	20.6
2.560	22.2
2.554	22.4
2.549	21.2
2.544	19.2
2.538	17.3
2.533	15.6
2.528	14.8
2.522	15.2
2.517	17.2
2.512	19.3
2.506	20.4
2.501	19.9
2.496	18.6
2.490	16.6
2.485	15.0
2.480	13.9
2.474	13.9
2.469	15.1
2.464	16.9
2.458	18.5
2.453	19.3
2.448	19.2
2.442	18.4
2.437	17.2
2.432	16.1
2.426	15.6
2.421	16.3
2.416	18.7
2.410	22.8
2.405	26.6
2.400	29.2
2.394	29.5
2.389	27.8
2.384	24.9
2.378	21.8
2.373	19.2
2.368	17.7
2.362	17.6
2.357	19.2
2.352	21.4
2.346	22.7
2.341	22.4
2.336	21.2
2.330	19.2
2.325	17.3
2.320	15.7
2.314	15.1
2.309	15.4
2.304	16.6
2.298	18.3
2.293	19.6
2.288	20.5
2.282	20.8
2.277	20.3
2.272	19.2
2.266	18.0
2.261	17.2
2.256	17.2
2.250	18.8
2.245	22.0
2.240	26.0
2.234	29.8
2.229	32.2
2.223	32.2
2.218	30.2
2.213	27.0
2.207	23.8
2.202	20.9
2.197	19.2
2.191	18.8
2.186	20.1
2.181	22.4
2.175	24.4
2.170	24.8
2.165	24.0
2.159	22.1
2.154	19.9
2.149	17.9
2.143	16.6
2.138	15.8
2.133	16.1
2.127	17.1
2.122	18.7
2.117	20.3
2.111	21.7
2.106	22.6
2.101	22.8
2.095	22.0
2.090	21.0
2.085	19.6
2.079	18.5
2.074	18.5
2.069	19.8
2.063	22.9
2.058	27.3
2.053	31.3
2.047	34.3
2.042	35.1
2.037	34.1
2.031	31.6
2.026	28.3
2.021	24.7
2.015	21.9
2.010	20.1
2.005	19.8
1.999	20.9
1.994	23.3
1.989	25.3
1.983	26.1
1.978	25.5
1.972	24.3
1.967	22.6
1.962	20.8
1.956	18.8
1.951	17.3
1.946	16.3
1.940	16.3
1.935	16.9
1.930	18.6
1.924	20.6
1.919	22.5
1.914	23.7
1.908	24.0
1.903	23.7
1.898	23.1
1.892	22.0
1.887	21.1
1.882	20.3
1.876	20.1
1.871	20.9
1.866	22.9
1.860	26.2
1.855	30.4
1.850	34.2
1.844	36.7
1.839	37.1
1.834	36.0
1.828	33.6
1.823	30.4
1.818	27.1
1.812	24.3
1.807	22.0
1.802	20.9
1.796	20.9
1.791	22.4
1.786	24.5
1.780	26.8
1.775	28.2
1.769	28.5
1.764	27.6
1.759	25.6
1.753	23.6
1.748	21.6
1.743	19.6
1.737	18.0
1.732	17.2
1.727	17.2
1.721	17.9
1.716	19.5
1.711	21.4
1.705	23.4
1.700	25.0
1.695	26.2
1.689	26.5
1.684	26.4
1.679	25.6
1.673	24.7
1.668	23.5
1.663	22.5
1.657	21.7
1.652	21.6
1.647	22.1
1.641	24.0
1.636	27.1
1.631	31.4
1.625	35.8
1.620	39.4
1.615	41.3
1.609	41.4
1.604	39.8
1.599	36.8
1.593	32.9
1.588	29.0
1.582	25.8
1.577	23.6
1.572	22.1
1.566	21.6
1.561	22.0
1.556	23.6
1.550	25.7
1.545	28.3
1.540	30.3
1.534	31.5
1.529	31.3
1.524	30.2
1.518	28.3
1.513	26.0
1.508	23.6
1.502	21.6
1.497	19.7
1.492	18.5
1.486	17.7
1.481	17.6
1.476	17.9
1.470	19.1
1.465	20.6
1.460	22.6
1.454	24.8
1.449	26.8
1.444	28.0
1.438	28.5
1.433	28.4
1.428	27.7
1.422	26.5
1.417	25.2
1.411	24.0
1.406	23.0
1.401	22.3
1.395	21.9
1.390	21.9
1.385	22.6
1.379	24.0
1.374	26.5
1.369	30.0
1.363	34.4
1.358	38.9
1.353	42.6
1.347	44.7
1.342	45.2
1.337	44.0
1.331	41.6
1.326	37.9
1.321	34.0
1.315	30.1
1.310	26.9
1.305	24.4
1.299	22.7
1.294	21.7
1.289	21.6
1.283	22.1
1.278	23.4
1.273	25.2
1.267	27.6
1.262	29.8
1.256	31.9
1.251	33.3
1.246	34.0
1.240	33.5
1.235	32.0
1.230	29.8
1.224	27.4
1.219	24.9
1.214	22.5
1.208	20.3
1.203	18.7
1.198	17.5
1.192	16.7
1.187	16.3
1.182	16.3
1.176	16.8
1.171	17.8
1.166	19.2
1.160	21.2
1.155	23.5
1.150	26.0
1.144	28.0
1.139	29.6
1.134	30.4
1.128	30.6
1.123	30.0
1.118	29.1
1.112	27.9
1.107	26.8
1.101	25.6
1.096	24.7
1.091	23.9
1.085	23.2
1.080	22.7
1.075	22.5
1.069	22.4
1.064	22.7
1.059	23.2
1.053	24.4
1.048	26.2
1.043	29.0
1.037	32.4
1.032	36.5
1.027	40.5
1.021	44.5
1.016	47.2
1.011	49.2
1.005	50.0
1.000	49.2
0.995	46.8
0.989	43.6
0.984	39.7
0.979	36.1
0.973	32.7
0.968	29.9
0.962	27.3
0.957	25.4
0.952	23.7
0.946	22.6
0.941	21.7
0.936	21.3
0.930	21.5
0.925	22.2
0.920	23.0
0.914	24.2
0.909	25.4
0.904	27.1
0.898	29.1
0.893	31.3
0.888	33.3
0.882	34.9
0.877	35.7
0.872	35.7
0.866	34.8
0.861	33.8
0.856	32.7
0.850	31.5
0.845	29.9
0.840	27.9
0.834	25.7
0.829	23.6
0.823	21.9
0.818	20.4
0.813	19.2
0.807	18.4
0.802	17.6
0.797	16.9
0.791	16.5
0.786	16.3
0.781	16.3
0.775	16.4
0.770	16.6
0.765	17.0
0.759	17.9
0.754	19.1
0.749	20.4
0.743	22.0
0.738	23.6
0.733	25.2
0.727	27.0
0.722	28.7
0.717	30.2
0.711	31.6
0.706	32.3
0.701	32.7
0.695	32.8
0.690	32.6
0.684	32.1
0.679	31.5
0.674	30.7
0.668	29.8
0.663	28.7
0.658	27.9
0.652	27.2
0.647	26.7
0.642	26.0
0.636	25.6
0.631	25.0
0.626	24.4
0.620	24.0
0.615	23.7
0.610	23.3
0.604	23.2
0.599	23.2
0.594	23.1
0.588	23.1
0.583	23.2
0.578	23.3
0.572	23.6
0.567	23.7
0.561	24.3
0.556	25.1
0.551	26.4
0.545	27.6
0.540	28.8
0.535	30.4
0.529	32.3
0.524	34.3
0.519	36.7
0.513	38.9
0.508	41.4
0.503	43.7
0.497	46.1
0.492	48.0
0.487	49.9
0.481	51.5
0.476	53.0
0.471	54.0
0.465	54.6
0.460	54.6
0.455	54.2
0.449	53.1
0.444	51.8
0.438	50.1
0.433	48.3
0.428	46.4
0.422	44.8
0.417	43.3
0.412	41.7
0.406	39.3
0.401	36.9
0.396	34.5
0.390	32.8
0.385	31.7
0.380	30.9
0.374	30.1
0.369	29.3
0.364	28.4
0.358	27.6
0.353	26.6
0.348	25.8
0.342	25.0
0.337	24.4
0.332	24.0
0.326	23.6
0.321	23.2
0.316	23.0
0.310	22.7
0.305	22.3
0.299	21.6
0.294	21.2
0.289	20.8
0.283	20.8
0.278	20.9
0.273	21.3
0.267	21.6
0.262	21.9
0.257	22.1
0.251	22.3
0.246	22.4
0.241	22.5
0.235	22.7
0.230	22.9
0.225	23.1
0.219	23.4
0.214	23.6
0.209	23.9
0.203	24.2
0.198	24.6
0.193	24.8
0.187	25.1
0.182	25.2
0.176	25.6
0.171	25.9
0.166	26.3
0.160	26.6
0.155	27.0
0.150	27.0
0.144	27.0
0.139	27.1
0.134	27.3
0.128	27.5
0.123	27.6
0.118	27.7
0.112	28.0
0.107	28.3
0.102	28.8
0.096	29.1
0.091	29.5
0.086	29.5
0.080	29.5
0.075	29.4
0.070	29.4
0.064	29.4
0.059	29.7
0.053	29.6
0.048	29.6
0.043	29.2
0.037	29.2
0.032	29.2
0.027	29.6
0.021	29.9
0.016	30.0
0.011	30.0
0.005	30.0
0.000	30.3
-0.005	30.1
-0.011	29.8
-0.016	29.5
-0.021	28.9
-0.027	28.2
-0.032	27.6
-0.037	27.6
-0.043	28.0
-0.048	28.7
-0.053	29.0
-0.059	29.1
-0.064	29.1
-0.070	29.1
-0.075	28.8
-0.080	28.7
-0.086	28.4
-0.091	28.4
-0.096	28.1
-0.102	28.0
-0.107	27.7
-0.112	27.6
-0.118	27.5
-0.123	27.4
-0.128	27.1
-0.134	26.9
-0.139	26.6
-0.144	26.3
-0.150	25.9
-0.155	25.7
-0.160	25.5
-0.166	25.4
-0.171	25.1
-0.176	25.0
-0.182	24.7
-0.187	24.4
-0.193	24.1
-0.198	23.8
-0.203	23.5
-0.209	23.1
-0.214	22.7
-0.219	22.4
-0.225	22.0
-0.230	22.0
-0.235	21.8
-0.241	21.7
-0.246	21.6
-0.251	21.6
-0.257	21.6
-0.262	21.9
-0.267	22.3
-0.273	22.7
-0.278	23.0
-0.283	23.4
-0.289	23.6
-0.294	24.1
-0.299	24.7
-0.305	25.5
-0.310	26.4
-0.316	27.6
-0.321	28.7
-0.326	29.6
-0.332	30.5
-0.337	31.3
-0.342	32.0
-0.348	33.0
-0.353	34.0
-0.358	35.3
-0.364	36.4
-0.369	37.2
-0.374	37.9
-0.380	39.0
-0.385	40.3
-0.390	41.6
-0.396	42.6
-0.401	43.5
-0.406	44.1
-0.412	44.8
-0.417	45.2
-0.422	45.5
-0.428	45.7
-0.433	45.8
-0.438	45.8
-0.444	45.6
-0.449	45.1
-0.455	44.5
-0.460	43.6
-0.465	42.7
-0.471	41.7
-0.476	40.6
-0.481	39.4
-0.487	38.1
-0.492	36.8
-0.497	35.5
-0.503	34.0
-0.508	32.8
-0.513	31.4
-0.519	30.2
-0.524	28.9
-0.529	27.9
-0.535	27.1
-0.540	26.4
-0.545	25.9
-0.551	25.5
-0.556	25.2
-0.561	25.0
-0.567	24.7
-0.572	24.8
-0.578	24.8
-0.583	24.8
-0.588	25.0
-0.594	25.3
-0.599	25.7
-0.604	26.0
-0.610	26.4
-0.615	26.8
-0.620	27.3
-0.626	27.8
-0.631	28.2
-0.636	28.7
-0.642	28.8
-0.647	28.8
-0.652	28.7
-0.658	28.7
-0.663	28.7
-0.668	28.5
-0.674	27.9
-0.679	27.3
-0.684	26.5
-0.690	26.0
-0.695	25.2
-0.701	24.4
-0.706	23.8
-0.711	23.2
-0.717	22.4
-0.722	21.9
-0.727	21.4
-0.733	20.9
-0.738	20.5
-0.743	20.3
-0.749	20.0
-0.754	20.0
-0.759	20.0
-0.765	20.0
-0.770	20.2
-0.775	20.5
-0.781	20.9
-0.786	21.4
-0.791	22.0
-0.797	22.8
-0.802	23.5
-0.807	24.4
-0.813	25.2
-0.818	26.1
-0.823	27.1
-0.829	28.2
-0.834	28.9
-0.840	29.6
-0.845	30.0
-0.850	30.2
-0.856	30.2
-0.861	29.8
-0.866	29.1
-0.872	28.5
-0.877	27.7
-0.882	26.9
-0.888	26.1
-0.893	25.5
-0.898	25.0
-0.904	24.9
-0.909	25.1
-0.914	25.8
-0.920	26.6
-0.925	27.8
-0.930	29.3
-0.936	31.2
-0.941	33.1
-0.946	35.2
-0.952	37.2
-0.957	38.9
-0.962	40.1
-0.968	41.1
-0.973	41.5
-0.979	41.5
-0.984	41.0
-0.989	40.2
-0.995	38.8
-1.000	37.2
-1.005	35.1
-1.011	33.1
-1.016	31.1
-1.021	29.4
-1.027	27.9
-1.032	26.7
-1.037	25.6
-1.043	25.1
-1.048	24.7
-1.053	24.8
-1.059	25.1
-1.064	25.6
-1.069	26.0
-1.075	26.4
-1.080	26.7
-1.085	27.1
-1.091	27.2
-1.096	27.2
-1.101	26.7
-1.107	26.0
-1.112	25.3
-1.118	24.5
-1.123	23.7
-1.128	23.2
-1.134	22.5
-1.139	21.9
-1.144	21.2
-1.150	20.8
-1.155	20.4
-1.160	20.2
-1.166	20.2
-1.171	20.7
-1.176	21.2
-1.182	22.0
-1.187	22.8
-1.192	24.0
-1.198	24.9
-1.203	26.0
-1.208	26.9
-1.214	28.0
-1.219	28.8
-1.224	29.2
-1.230	29.2
-1.235	28.8
-1.240	27.9
-1.246	26.9
-1.251	26.0
-1.256	25.6
-1.262	25.6
-1.267	26.3
-1.273	27.5
-1.278	29.3
-1.283	31.2
-1.289	33.3
-1.294	35.0
-1.299	36.6
-1.305	37.6
-1.310	38.3
-1.315	38.3
-1.321	37.6
-1.326	36.3
-1.331	34.7
-1.337	32.8
-1.342	30.6
-1.347	28.4
-1.353	26.4
-1.358	25.1
-1.363	24.3
-1.369	24.0
-1.374	24.1
-1.379	24.4
-1.385	24.8
-1.390	25.2
-1.395	25.5
-1.401	25.5
-1.406	25.5
-1.411	24.8
-1.417	24.0
-1.422	23.0
-1.428	22.2
-1.433	21.4
-1.438	20.8
-1.444	20.0
-1.449	19.6
-1.454	19.2
-1.460	19.3
-1.465	19.6
-1.470	20.3
-1.476	21.2
-1.481	22.4
-1.486	23.6
-1.492	24.7
-1.497	25.6
-1.502	26.4
-1.508	26.6
-1.513	26.4
-1.518	25.6
-1.524	24.7
-1.529	23.7
-1.534	23.2
-1.540	23.3
-1.545	24.2
-1.550	25.8
-1.556	27.8
-1.561	29.8
-1.566	31.5
-1.572	32.9
-1.577	33.7
-1.582	33.8
-1.588	33.4
-1.593	31.9
-1.599	30.1
-1.604	27.6
-1.609	25.2
-1.615	22.8
-1.620	21.5
-1.625	20.8
-1.631	20.9
-1.636	21.3
-1.641	21.9
-1.647	22.1
-1.652	22.0
-1.657	21.6
-1.663	21.2
-1.668	20.4
-1.673	19.5
-1.679	18.0
-1.684	17.1
-1.689	16.2
-1.695	15.8
-1.700	15.8
-1.705	16.3
-1.711	16.8
-1.716	17.9
-1.721	18.7
-1.727	19.7
-1.732	20.6
-1.737	21.7
-1.743	22.6
-1.748	23.1
-1.753	22.8
-1.759	21.9
-1.764	20.9
-1.769	20.5
-1.775	20.9
-1.780	22.1
-1.786	23.6
-1.791	25.5
-1.796	27.2
-1.802	28.8
-1.807	29.6
-1.812	29.9
-1.818	29.2
-1.823	27.7
-1.828	25.4
-1.834	23.0
-1.839	20.9
-1.844	19.3
-1.850	18.6
-1.855	18.8
-1.860	19.1
-1.866	19.5
-1.871	19.7
-1.876	19.7
-1.882	19.3
-1.887	18.9
-1.892	18.1
-1.898	17.4
-1.903	16.6
-1.908	15.9
-1.914	15.5
-1.919	15.5
-1.924	15.9
-1.930	16.7
-1.935	17.6
-1.940	18.8
-1.946	19.9
-1.951	20.8
-1.956	21.1
-1.962	20.6
-1.967	19.4
-1.972	18.4
-1.978	18.1
-1.983	18.9
-1.989	20.1
-1.994	21.9
-1.999	23.6
-2.005	25.4
-2.010	26.4
-2.015	26.4
-2.021	25.2
-2.026	23.2
-2.031	20.6
-2.037	18.4
-2.042	16.8
-2.047	16.0
-2.053	16.0
-2.058	16.5
-2.063	16.9
-2.069	17.2
-2.074	17.2
-2.079	17.2
-2.085	16.8
-2.090	16.1
-2.095	15.3
-2.101	14.5
-2.106	13.8
-2.111	13.7
-2.117	14.0
-2.122	14.8
-2.127	16.0
-2.133	17.6
-2.138	18.7
-2.143	19.2
-2.149	18.4
-2.154	17.2
-2.159	16.1
-2.165	15.7
-2.170	16.2
-2.175	17.6
-2.181	19.3
-2.186	21.2
-2.191	22.7
-2.197	23.6
-2.202	23.4
-2.207	22.1
-2.213	19.7
-2.218	17.1
-2.223	15.1
-2.229	14.2
-2.234	13.9
-2.240	14.0
-2.245	14.0
-2.250	14.4
-2.256	14.8
-2.261	15.1
-2.266	14.7
-2.272	13.8
-2.277	12.7
-2.282	11.9
-2.288	11.5
-2.293	11.9
-2.298	12.8
-2.304	14.4
-2.309	15.7
-2.314	16.5
-2.320	16.2
-2.325	15.0
-2.330	13.6
-2.336	12.9
-2.341	12.9
-2.346	13.9
-2.352	15.3
-2.357	17.1
-2.362	18.7
-2.368	19.5
-2.373	18.1
-2.378	15.3
-2.384	12.5
-2.389	10.5
-2.394	9.7
-2.400	9.9
-2.405	10.6
-2.410	11.6
-2.416	12.4
-2.421	13.1
-2.426	13.1
-2.432	12.6
-2.437	11.5
-2.442	10.4
-2.448	9.6
-2.453	9.8
-2.458	10.4
-2.464	11.6
-2.469	13.0
-2.474	14.1
-2.480	14.0
-2.485	12.8
-2.490	11.6
-2.496	10.8
-2.501	10.8
-2.506	11.5
-2.512	12.8
-2.517	14.8
-2.522	16.4
-2.528	17.3
-2.533	16.5
-2.538	14.4
-2.544	12.0
-2.549	10.4
-2.554	9.6
-2.560	9.6
-2.565	10.1
-2.570	10.9
-2.576	11.3
-2.581	11.6
-2.586	11.0
-2.592	10.0
-2.597	8.8
-2.602	8.4
-2.608	8.4
-2.613	9.2
-2.619	10.4
-2.624	11.6
-2.629	11.8
-2.635	11.0
-2.640	9.8
-2.645	9.0
-2.651	8.9
-2.656	9.6
-2.661	10.8
-2.667	12.7
-2.672	14.3
-2.677	14.9
-2.683	13.7
-2.688	11.7
-2.693	9.6
-2.699	8.4
-2.704	8.0
-2.709	8.4
-2.715	8.8
-2.720	9.6
-2.725	10.0
-2.731	9.7
-2.736	8.7
-2.741	7.7
-2.747	7.0
-2.752	7.2
-2.757	8.0
-2.763	9.2
-2.768	10.0
-2.773	10.0
-2.779	8.9
-2.784	7.9
-2.789	7.3
-2.795	7.4
-2.800	8.2
-2.805	9.6
-2.811	11.2
-2.816	12.1
-2.821	11.6
-2.827	10.0
-2.832	8.0
-2.837	7.1
-2.843	6.7
-2.848	6.8
-2.853	7.2
-2.859	8.0
-2.864	8.3
-2.869	7.9
-2.875	7.0
-2.880	6.2
-2.885	5.9
-2.891	6.1
-2.896	6.9
-2.901	8.0
-2.907	8.1
-2.912	7.6
-2.917	6.7
-2.923	6.1
-2.928	6.0
-2.933	6.6
-2.939	7.6
-2.944	8.9
-2.949	9.7
-2.955	9.3
-2.960	7.7
-2.965	6.4
-2.971	5.6
-2.976	5.5
-2.981	5.6
-2.987	6.0
-2.992	6.4
-2.997	6.5
-3.003	6.0
-3.008	5.2
-3.013	4.8
-3.019	5.0
-3.024	5.6
-3.029	6.4
-3.035	6.4
-3.040	6.0
-3.045	5.2
-3.051	4.8
-3.056	4.8
-3.061	5.2
-3.067	6.0
-3.072	7.1
-3.077	7.5
-3.083	6.8
-3.088	5.6
-3.093	4.8
-3.099	4.4
-3.104	4.4
-3.109	4.4
-3.115	5.0
-3.120	5.3
-3.125	4.9
-3.131	4.4
-3.136	4.0
-3.141	4.0
-3.147	4.4
-3.152	4.9
-3.157	5.0
-3.163	4.6
-3.168	4.1
-3.173	3.7
-3.179	3.7
-3.184	4.1
-3.189	4.9
-3.195	5.6
-3.200	5.6
-3.205	4.8
-3.211	4.0
-3.216	3.6
-3.221	3.6
-3.227	3.6
-3.232	4.0
-3.237	4.3
-3.243	4.1
-3.248	3.6
-3.253	3.2
-3.259	3.2
-3.264	3.6
-3.269	4.0
-3.275	4.0
-3.280	3.6
-3.285	3.2
-3.291	2.8
-3.296	2.8
-3.301	3.2
-3.306	4.0
-3.312	4.4
-3.317	4.0
-3.322	3.2
-3.328	2.8
-3.333	2.5
-3.338	2.5
-3.344	2.7
-3.349	3.1
-3.354	3.1
-3.360	2.8
-3.365	2.4
-3.370	2.4
-3.376	2.4
-3.381	2.8
-3.386	2.8
-3.392	2.8
-3.397	2.4
-3.402	2.2
-3.408	2.1
-3.413	2.4
-3.418	2.6
-3.424	2.8
-3.429	2.8
-3.434	2.4
-3.440	2.0
-3.445	2.0
-3.450	2.0
-3.456	2.0
-3.461	2.0
-3.466	2.0
-3.472	1.9
-3.477	1.7
-3.482	1.6
-3.488	1.7
-3.493	1.7
-3.498	1.7
-3.504	1.6
-3.509	1.6
-3.514	1.5
-3.520	1.5
-3.525	1.6
-3.530	1.6
-3.536	1.6
-3.541	1.6
-3.546	1.2
-3.552	1.2
-3.557	1.2
-3.562	1.2
-3.568	1.2
-3.573	1.2
-3.578	1.2
-3.584	1.2
-3.589	1.2
-3.594	1.2
-3.600	1.2
-3.605	1.2
-3.610	1.2
-3.616	1.2
-3.621	1.2
-3.626	1.2
-3.632	1.2
-3.637	1.2
-3.642	1.2
-3.647	1.2
-3.653	1.0
-3.658	1.0
-3.663	0.9
-3.669	0.9
-3.674	0.9
-3.679	0.9
-3.685	0.8
-3.690	0.8
-3.695	0.8
-3.701	0.8
-3.706	0.8
-3.711	0.8
-3.717	0.8
-3.722	0.8
-3.727	0.8
-3.733	0.8
-3.738	0.8
-3.743	0.8
-3.749	0.8
-3.754	0.8
-3.759	0.8
-3.765	0.8
-3.770	0.8
-3.775	0.8
-3.781	0.8
-3.786	0.8
-3.791	0.8
-3.797	0.8
-3.802	0.8
-3.807	0.8
-3.813	0.8
-3.818	0.8
-3.823	0.8
-3.829	0.8
-3.834	0.8
-3.839	0.8
-3.844	0.8
-3.850	0.8
-3.855	0.8
-3.860	0.8
-3.866	0.8
-3.871	0.8
-3.876	0.8
-3.882	0.8
-3.887	0.8
-3.892	0.8
-3.898	0.8
-3.903	0.8
-3.908	0.8
-3.914	0.8
-3.919	0.8
-3.924	0.8
-3.930	0.8
-3.935	0.8
-3.940	0.8
-3.946	0.8
-3.951	0.8
-3.956	0.8
-3.962	0.8
-3.967	0.8
-3.972	0.8
-3.978	0.8
-3.983	0.8
-3.988	0.8
-3.994	0.8
-3.999	0.8
-4.004	0.8
-4.009	0.8
-4.015	0.8
-4.020	0.8
-4.025	0.8
-4.031	0.8
-4.036	0.8
-4.041	0.8
-4.047	0.8
-4.052	0.8
-4.057	0.8
-4.063	0.8
-4.068	0.8
-4.073	0.8
-4.079	0.8
-4.084	0.8
-4.089	0.8
-4.095	0.8
-4.100	0.8
-4.105	0.8
-4.111	0.8
-4.116	0.8
-4.121	0.8
-4.127	0.8
-4.132	0.8
-4.137	0.8
-4.143	0.8
-4.148	0.8
-4.153	0.8
-4.158	0.8
-4.164	0.8
-4.169	0.8
-4.174	0.8
-4.180	0.8
-4.185	0.8
-4.190	0.8
-4.196	0.8
-4.201	0.8
-4.206	0.8
-4.212	0.8
-4.217	0.8
-4.222	0.8
-4.228	0.8
-4.233	0.8
-4.238	0.8
-4.244	0.8
-4.249	0.8
-4.254	0.8
-4.260	0.8
-4.265	0.8
-4.270	0.8
-4.275	0.8
-4.281	0.8
-4.286	0.8
-4.291	0.8
-4.297	0.8
-4.302	0.8
-4.307	0.8
-4.313	0.8
-4.318	0.8
-4.323	0.8
-4.329	0.8
-4.334	0.8
-4.339	0.8
-4.345	0.8
-4.350	0.8
-4.355	0.8
-4.361	0.8
-4.366	0.8
-4.371	0.8
-4.377	0.8
-4.382	0.8
-4.387	0.8
-4.392	0.8
-4.398	0.8
-4.403	0.8
-4.408	0.8
-4.414	0.8
-4.419	0.8
-4.424	0.8
-4.430	0.8
-4.435	0.8
-4.440	0.8
-4.446	0.8
-4.451	0.8
-4.456	0.8
-4.462	0.8
-4.467	0.8
-4.472	0.8
-4.478	0.8
-4.483	0.8
-4.488	0.8
-4.493	0.8
-4.499	0.8
-4.504	0.8
-4.509	0.8
-4.515	0.8
-4.520	0.8
-4.525	0.8
-4.531	0.8
-4.536	0.8
-4.541	0.8
-4.547	0.8
-4.552	0.8
-4.557	0.8
-4.563	0.8
-4.568	0.8
-4.573	0.8
-4.578	0.8
-4.584	0.8
-4.589	0.8
-4.594	0.8
-4.600	0.8
-4.605	0.8
-4.610	0.8
-4.616	0.8
-4.621	0.8
-4.626	0.8
-4.632	0.8
-4.637	0.8
-4.642	0.8
-4.648	0.8
-4.653	0.8
-4.658	0.8
-4.663	0.8
-4.669	0.8
-4.674	0.8
-4.679	0.8
-4.685	0.8
-4.690	0.8
-4.695	0.8
-4.701	0.8
-4.706	0.8
-4.711	0.8
-4.717	0.8
-4.722	0.8
-4.727	0.8
-4.733	0.8
-4.738	0.8
-4.743	0.8
-4.748	0.8
-4.754	0.8
-4.759	0.8
-4.764	0.8
-4.770	0.8
-4.775	0.8
-4.780	0.8
-4.786	0.8
-4.791	0.8
-4.796	0.8
-4.802	0.8
-4.807	0.8
-4.812	0.8
-4.818	0.8
-4.823	0.8
-4.828	0.8
-4.833	0.8
-4.839	0.8
-4.844	0.8
-4.849	0.8
-4.855	0.8
-4.860	0.8
-4.865	0.8
-4.871	0.8
-4.876	0.8
-4.881	0.8
-4.887	0.8
-4.892	0.8
-4.897	0.8
-4.902	0.8
-4.908	0.8
-4.913	0.8
-4.918	0.8
-4.924	0.8
-4.929	0.8
-4.934	0.8
-4.940	0.8
-4.945	0.8
-4.950	0.8
-4.956	0.8
-4.961	0.8
-4.966	0.8
-4.971	0.8
-4.977	0.8
-4.982	0.8
-4.987	0.8
-4.993	0.8
-4.998	0.8
-5.003	0.8
-5.009	0.8
-5.014	0.8
-5.019	0.8
-5.025	0.8
-5.030	0.8
-5.035	0.8
-5.040	0.8
-5.046	0.8
-5.051	0.8
-5.056	0.8
-5.062	0.8
-5.067	0.8
-5.072	0.8
-5.078	0.8
-5.083	0.8
-5.088	0.8
-5.094	0.8
-5.099	0.8
-5.104	0.8
-5.109	0.8
-5.115	0.8
-5.120	0.8
-5.125	0.8
-5.131	0.8
-5.136	0.8
-5.141	0.8
-5.147	0.8
-5.152	0.8
-5.157	0.8
-5.162	0.8
-5.168	0.8
-5.173	0.8
-5.178	0.8
-5.184	0.8
-5.189	0.8
-5.194	0.8
-5.200	0.8
-5.205	0.8
-5.210	0.8
-5.216	0.8
-5.221	0.8
-5.226	0.8
-5.231	0.8
-5.237	0.8
-5.242	0.8
-5.247	0.8
-5.253	0.8
-5.258	0.8
-5.263	0.8
-5.269	0.8
-5.274	0.8
-5.279	0.8
-5.284	0.8
-5.290	0.8
-5.295	0.8
-5.300	0.8
-5.306	0.8
-5.311	0.8
-5.316	0.8
-5.322	0.8
-5.327	0.8
-5.332	0.8
-5.337	0.8
-5.343	0.8
-5.348	0.8
-5.353	0.8
-5.359	0.8
-5.364	0.8
-5.369	0.8
-5.375	0.8
-5.380	0.8
-5.385	0.8
-5.390	0.8
-5.396	0.8
-5.401	0.8
-5.406	0.8
-5.412	0.8
-5.417	0.8
-5.422	0.8
-5.428	0.8
-5.433	0.8
-5.438	0.8
-5.443	0.8
-5.449	0.8
-5.454	0.8
