&a / °	I1 / %
5.459	0.0
5.454	0.0
5.449	0.0
5.443	0.0
5.438	0.0
5.433	0.0
5.428	0.0
5.422	0.0
5.417	0.0
5.412	0.0
5.406	0.0
5.401	0.0
5.396	0.0
5.390	0.0
5.385	0.0
5.380	0.0
5.375	0.0
5.369	0.0
5.364	0.0
5.359	0.0
5.353	0.0
5.348	0.0
5.343	0.0
5.337	0.0
5.332	0.0
5.327	0.0
5.322	0.0
5.316	0.0
5.311	0.0
5.306	0.0
5.300	0.0
5.295	0.0
5.290	0.0
5.284	0.0
5.279	0.0
5.274	0.0
5.269	0.0
5.263	0.0
5.258	0.0
5.253	0.0
5.247	0.0
5.242	0.0
5.237	0.0
5.231	0.0
5.226	0.0
5.221	0.0
5.216	0.0
5.210	0.0
5.205	0.0
5.200	0.0
5.194	0.0
5.189	0.0
5.184	0.0
5.178	0.0
5.173	0.0
5.168	0.0
5.162	0.0
5.157	0.0
5.152	0.0
5.147	0.0
5.141	0.0
5.136	0.0
5.131	0.0
5.125	0.0
5.120	0.0
5.115	0.0
5.109	0.0
5.104	0.0
5.099	0.0
5.094	0.0
5.088	0.0
5.083	0.0
5.078	0.0
5.072	0.0
5.067	0.0
5.062	0.0
5.056	0.0
5.051	0.0
5.046	0.0
5.040	0.0
5.035	0.0
5.030	0.0
5.025	0.0
5.019	0.0
5.014	0.0
5.009	0.0
5.003	0.0
4.998	0.0
4.993	0.0
4.987	0.0
4.982	0.0
4.977	0.0
4.971	0.0
4.966	0.0
4.961	0.0
4.956	0.1
4.950	0.1
4.945	0.1
4.940	0.0
4.934	0.0
4.929	0.0
4.924	0.0
4.918	0.0
4.913	0.0
4.908	0.0
4.902	0.0
4.897	0.0
4.892	0.0
4.887	0.0
4.881	0.1
4.876	0.1
4.871	0.1
4.865	0.1
4.860	0.1
4.855	0.0
4.849	0.1
4.844	0.0
4.839	0.0
4.833	0.0
4.828	0.1
4.823	0.0
4.818	0.1
4.812	0.1
4.807	0.1
4.802	0.1
4.796	0.1
4.791	0.1
4.786	0.1
4.780	0.1
4.775	0.1
4.770	0.1
4.764	0.1
4.759	0.1
4.754	0.1
4.748	0.1
4.743	0.1
4.738	0.0
4.733	0.1
4.727	0.1
4.722	0.1
4.717	0.1
4.711	0.1
4.706	0.1
4.701	0.1
4.695	0.1
4.690	0.1
4.685	0.1
4.679	0.1
4.674	0.1
4.669	0.1
4.663	0.1
4.658	0.1
4.653	0.1
4.648	0.1
4.642	0.1
4.637	0.1
4.632	0.1
4.626	0.1
4.621	0.1
4.616	0.1
4.610	0.1
4.605	0.1
4.600	0.1
4.594	0.1
4.589	0.1
4.584	0.1
4.578	0.1
4.573	0.1
4.568	0.1
4.563	0.2
4.557	0.1
4.552	0.2
4.547	0.2
4.541	0.2
4.536	0.2
4.531	0.2
4.525	0.2
4.520	0.2
4.515	0.2
4.509	0.2
4.504	0.2
4.499	0.2
4.493	0.1
4.488	0.2
4.483	0.2
4.478	0.2
4.472	0.2
4.467	0.2
4.462	0.2
4.456	0.2
4.451	0.2
4.446	0.2
4.440	0.2
4.435	0.2
4.430	0.2
4.424	0.2
4.419	0.2
4.414	0.3
4.408	0.2
4.403	0.2
4.398	0.2
4.392	0.3
4.387	0.2
4.382	0.3
4.377	0.3
4.371	0.3
4.366	0.3
4.361	0.3
4.355	0.3
4.350	0.3
4.345	0.3
4.339	0.3
4.334	0.3
4.329	0.4
4.323	0.3
4.318	0.4
4.313	0.4
4.307	0.4
4.302	0.4
4.297	0.4
4.291	0.4
4.286	0.4
4.281	0.4
4.275	0.4
4.270	0.4
4.265	0.4
4.260	0.4
4.254	0.4
4.249	0.4
4.244	0.4
4.238	0.4
4.233	0.4
4.228	0.4
4.222	0.4
4.217	0.4
4.212	0.4
4.206	0.4
4.201	0.5
4.196	0.5
4.190	0.5
4.185	0.5
4.180	0.6
4.174	0.6
4.169	0.7
4.164	0.7
4.158	0.8
4.153	0.8
4.148	0.8
4.143	0.8
4.137	0.8
4.132	0.8
4.127	0.8
4.121	0.8
4.116	0.8
4.111	0.8
4.105	0.8
4.100	0.8
4.095	0.8
4.089	0.8
4.084	0.8
4.079	0.8
4.073	0.8
4.068	0.9
4.063	0.9
4.057	0.9
4.052	0.9
4.047	0.9
4.041	1.0
4.036	1.1
4.031	1.2
4.025	1.2
4.020	1.2
4.015	1.2
4.009	1.2
4.004	1.2
3.999	1.2
3.994	1.2
3.988	1.2
3.983	1.2
3.978	1.2
3.972	1.3
3.967	1.3
3.962	1.3
3.956	1.3
3.951	1.3
3.946	1.6
3.940	1.6
3.935	1.6
3.930	1.6
3.924	1.6
3.919	1.6
3.914	1.6
3.908	1.6
3.903	1.6
3.898	1.6
3.892	1.6
3.887	1.6
3.882	1.9
3.876	1.9
3.871	1.9
3.866	1.9
3.860	1.9
3.855	1.9
3.850	2.0
3.844	2.0
3.839	2.0
3.834	2.0
3.829	2.0
3.823	2.0
3.818	2.2
3.813	2.2
3.807	2.3
3.802	2.3
3.797	2.4
3.791	2.4
3.786	2.8
3.781	2.8
3.775	2.8
3.770	2.7
3.765	2.6
3.759	2.6
3.754	2.7
3.749	2.8
3.743	2.8
3.738	2.8
3.733	2.8
3.727	2.8
3.722	3.2
3.717	3.2
3.711	3.2
3.706	3.2
3.701	3.2
3.695	3.2
3.690	3.6
3.685	4.0
3.679	4.4
3.674	4.0
3.669	3.6
3.663	3.3
3.658	3.3
3.653	3.6
3.647	4.0
3.642	4.0
3.637	4.0
3.632	3.6
3.626	3.6
3.621	3.6
3.616	4.0
3.610	4.4
3.605	4.4
3.600	4.0
3.594	4.0
3.589	4.0
3.584	4.5
3.578	5.3
3.573	5.6
3.568	5.2
3.562	4.7
3.557	4.3
3.552	4.3
3.546	4.4
3.541	5.1
3.536	5.2
3.530	4.8
3.525	4.4
3.520	4.1
3.514	4.1
3.509	4.5
3.504	5.0
3.498	5.2
3.493	4.8
3.488	4.8
3.482	4.8
3.477	5.2
3.472	6.4
3.466	7.3
3.461	7.3
3.456	6.5
3.450	5.6
3.445	5.2
3.440	4.8
3.434	5.6
3.429	6.3
3.424	6.4
3.418	6.0
3.413	5.2
3.408	4.8
3.402	4.8
3.397	5.6
3.392	6.4
3.386	6.4
3.381	6.0
3.376	5.3
3.370	5.2
3.365	5.6
3.360	7.1
3.354	8.7
3.349	9.2
3.344	8.4
3.338	7.3
3.333	6.4
3.328	6.0
3.322	6.4
3.317	7.3
3.312	7.7
3.306	7.4
3.301	6.6
3.296	5.8
3.291	5.2
3.285	5.6
3.280	6.5
3.275	7.5
3.269	7.6
3.264	7.2
3.259	6.4
3.253	6.0
3.248	6.4
3.243	7.9
3.237	9.5
3.232	10.3
3.227	9.9
3.221	8.8
3.216	7.6
3.211	7.0
3.205	7.2
3.200	8.4
3.195	9.2
3.189	9.2
3.184	8.4
3.179	7.2
3.173	6.4
3.168	6.4
3.163	7.0
3.157	8.2
3.152	9.0
3.147	9.0
3.141	8.3
3.136	7.6
3.131	7.3
3.125	8.0
3.120	10.0
3.115	12.5
3.109	13.3
3.104	12.6
3.099	11.0
3.093	9.5
3.088	8.4
3.083	8.4
3.077	9.6
3.072	10.8
3.067	10.8
3.061	10.0
3.056	8.8
3.051	7.6
3.045	6.8
3.040	7.2
3.035	8.4
3.029	9.7
3.024	10.4
3.019	10.3
3.013	9.6
3.008	8.8
3.003	8.6
2.997	9.7
2.992	12.2
2.987	15.1
2.981	16.2
2.976	15.2
2.971	13.2
2.965	11.5
2.960	10.2
2.955	10.0
2.949	10.9
2.944	12.4
2.939	12.9
2.933	12.3
2.928	10.7
2.923	9.2
2.917	8.3
2.912	8.1
2.907	8.9
2.901	10.5
2.896	11.9
2.891	12.5
2.885	12.2
2.880	11.4
2.875	10.6
2.869	10.5
2.864	11.6
2.859	14.4
2.853	17.5
2.848	19.0
2.843	18.3
2.837	16.5
2.832	14.1
2.827	12.4
2.821	11.6
2.816	12.1
2.811	13.7
2.805	15.0
2.800	15.0
2.795	13.8
2.789	12.1
2.784	10.5
2.779	9.5
2.773	9.5
2.768	10.6
2.763	12.3
2.757	13.9
2.752	14.6
2.747	14.2
2.741	13.4
2.736	12.0
2.731	11.6
2.725	12.2
2.720	14.7
2.715	18.3
2.709	21.1
2.704	21.9
2.699	20.7
2.693	18.2
2.688	15.8
2.683	14.0
2.677	13.6
2.672	14.6
2.667	16.6
2.661	17.5
2.656	17.1
2.651	15.2
2.645	13.3
2.640	11.6
2.635	10.8
2.629	10.5
2.624	11.5
2.619	13.2
2.613	15.0
2.608	16.2
2.602	16.6
2.597	16.1
2.592	15.1
2.586	14.3
2.581	14.2
2.576	15.5
2.570	17.9
2.565	20.3
2.560	21.6
2.554	21.6
2.549	20.4
2.544	18.4
2.538	16.7
2.533	15.2
2.528	14.8
2.522	15.7
2.517	17.8
2.512	19.3
2.506	19.6
2.501	18.4
2.496	16.8
2.490	14.8
2.485	13.2
2.480	12.0
2.474	12.0
2.469	13.2
2.464	15.1
2.458	16.9
2.453	18.1
2.448	18.4
2.442	18.0
2.437	17.1
2.432	16.1
2.426	15.6
2.421	16.4
2.416	18.8
2.410	22.7
2.405	26.3
2.400	28.5
2.394	28.5
2.389	26.8
2.384	23.9
2.378	20.9
2.373	18.7
2.368	17.7
2.362	18.3
2.357	20.1
2.352	21.7
2.346	22.1
2.341	21.1
2.336	19.2
2.330	17.2
2.325	15.4
2.320	13.9
2.314	13.2
2.309	13.5
2.304	14.7
2.298	16.4
2.293	18.1
2.288	19.2
2.282	20.0
2.277	19.7
2.272	18.9
2.266	17.9
2.261	17.2
2.256	17.2
2.250	18.8
2.245	22.0
2.240	26.0
2.234	29.5
2.229	31.4
2.223	31.1
2.218	29.1
2.213	25.9
2.207	22.8
2.202	20.1
2.197	18.9
2.191	19.3
2.186	21.0
2.181	23.0
2.175	24.1
2.170	23.6
2.165	22.1
2.159	19.9
2.154	17.8
2.149	15.8
2.143	14.5
2.138	13.8
2.133	14.0
2.127	15.1
2.122	16.7
2.117	18.4
2.111	20.1
2.106	21.3
2.101	21.9
2.095	21.5
2.090	20.7
2.085	19.5
2.079	18.5
2.074	18.5
2.069	19.9
2.063	23.0
2.058	27.2
2.053	31.0
2.047	33.6
2.042	34.1
2.037	32.9
2.031	30.2
2.026	27.0
2.021	23.7
2.015	21.3
2.010	20.1
2.005	20.3
1.999	21.9
1.994	24.2
1.989	25.4
1.983	25.3
1.978	23.8
1.972	22.2
1.967	20.3
1.962	18.4
1.956	16.6
1.951	15.2
1.946	14.2
1.940	14.1
1.935	14.9
1.930	16.5
1.924	18.5
1.919	20.8
1.914	22.3
1.908	23.0
1.903	23.0
1.898	22.6
1.892	21.8
1.887	21.0
1.882	20.2
1.876	20.1
1.871	20.9
1.866	22.9
1.860	26.3
1.855	30.2
1.850	33.7
1.844	35.8
1.839	36.0
1.834	34.7
1.828	32.0
1.823	28.9
1.818	25.7
1.812	23.2
1.807	21.5
1.802	21.0
1.796	21.7
1.791	23.6
1.786	25.6
1.780	27.2
1.775	27.6
1.769	26.9
1.764	25.3
1.759	23.2
1.753	21.0
1.748	19.0
1.743	17.2
1.737	15.9
1.732	15.0
1.727	14.9
1.721	15.6
1.716	17.1
1.711	19.0
1.705	21.3
1.700	23.2
1.695	24.7
1.689	25.5
1.684	25.5
1.679	25.1
1.673	24.4
1.668	23.3
1.663	22.4
1.657	21.6
1.652	21.5
1.647	22.1
1.641	24.0
1.636	27.2
1.631	31.3
1.625	35.5
1.620	38.9
1.615	40.4
1.609	40.1
1.604	38.4
1.599	35.2
1.593	31.3
1.588	27.6
1.582	24.8
1.577	22.8
1.572	21.7
1.566	21.7
1.561	22.8
1.556	24.8
1.550	27.1
1.545	29.2
1.540	30.4
1.534	30.5
1.529	29.4
1.524	27.6
1.518	25.3
1.513	22.9
1.508	20.6
1.502	18.7
1.497	17.1
1.492	16.0
1.486	15.4
1.481	15.3
1.476	15.7
1.470	16.5
1.465	18.1
1.460	20.1
1.454	22.5
1.449	24.8
1.444	26.4
1.438	27.3
1.433	27.6
1.428	27.2
1.422	26.4
1.417	25.2
1.411	24.0
1.406	22.9
1.401	22.2
1.395	21.9
1.390	21.9
1.385	22.6
1.379	24.0
1.374	26.6
1.369	30.1
1.363	34.5
1.358	38.7
1.353	42.1
1.347	43.8
1.342	43.8
1.337	42.3
1.331	39.5
1.326	35.9
1.321	32.2
1.315	28.6
1.310	25.8
1.305	23.5
1.299	22.2
1.294	21.6
1.289	22.0
1.283	22.8
1.278	24.7
1.273	26.8
1.267	29.1
1.262	31.1
1.256	32.5
1.251	32.8
1.246	32.4
1.240	30.9
1.235	28.8
1.230	26.3
1.224	23.7
1.219	21.3
1.214	19.2
1.208	17.4
1.203	16.0
1.198	15.0
1.192	14.5
1.187	14.1
1.182	14.2
1.176	14.7
1.171	15.5
1.166	16.7
1.160	18.6
1.155	20.8
1.150	23.4
1.144	25.7
1.139	27.8
1.134	29.0
1.128	29.6
1.123	29.4
1.118	28.8
1.112	27.8
1.107	26.9
1.101	25.7
1.096	24.8
1.091	23.9
1.085	23.2
1.080	22.7
1.075	22.4
1.069	22.3
1.064	22.6
1.059	23.1
1.053	24.3
1.048	26.3
1.043	29.1
1.037	32.6
1.032	36.7
1.027	40.7
1.021	44.3
1.016	46.8
1.011	48.1
1.005	48.4
1.000	47.2
0.995	44.6
0.989	41.4
0.984	37.6
0.979	34.0
0.973	30.9
0.968	28.2
0.962	26.0
0.957	24.4
0.952	23.1
0.946	22.2
0.941	21.6
0.936	21.6
0.930	22.0
0.925	22.9
0.920	24.1
0.914	25.6
0.909	26.9
0.904	28.5
0.898	30.5
0.893	32.6
0.888	34.3
0.882	35.4
0.877	35.5
0.872	34.5
0.866	32.8
0.861	31.0
0.856	29.2
0.850	27.5
0.845	25.6
0.840	23.6
0.834	21.5
0.829	19.6
0.823	18.1
0.818	17.2
0.813	16.4
0.807	15.7
0.802	15.1
0.797	14.7
0.791	14.3
0.786	14.3
0.781	14.3
0.775	14.4
0.770	14.7
0.765	15.1
0.759	15.8
0.754	16.6
0.749	17.8
0.743	19.2
0.738	20.7
0.733	22.3
0.727	23.9
0.722	25.8
0.717	27.6
0.711	29.2
0.706	30.4
0.701	31.2
0.695	31.6
0.690	31.7
0.684	31.5
0.679	31.1
0.674	30.5
0.668	29.8
0.663	28.8
0.658	28.0
0.652	27.3
0.647	26.7
0.642	26.0
0.636	25.6
0.631	25.1
0.626	24.4
0.620	24.0
0.615	23.7
0.610	23.3
0.604	23.2
0.599	23.1
0.594	23.1
0.588	23.0
0.583	23.1
0.578	23.3
0.572	23.6
0.567	23.7
0.561	24.4
0.556	25.2
0.551	26.4
0.545	27.7
0.540	29.0
0.535	30.6
0.529	32.5
0.524	34.5
0.519	36.9
0.513	39.2
0.508	41.6
0.503	44.0
0.497	46.1
0.492	47.7
0.487	49.3
0.481	50.8
0.476	52.0
0.471	52.8
0.465	53.1
0.460	52.8
0.455	52.1
0.449	50.8
0.444	49.5
0.438	47.7
0.433	45.8
0.428	43.9
0.422	42.4
0.417	40.8
0.412	39.3
0.406	37.0
0.401	34.6
0.396	32.4
0.390	30.8
0.385	29.9
0.380	29.4
0.374	28.7
0.369	27.9
0.364	27.0
0.358	26.2
0.353	25.4
0.348	24.6
0.342	24.0
0.337	23.6
0.332	23.2
0.326	22.8
0.321	22.7
0.316	22.6
0.310	22.4
0.305	22.0
0.299	21.5
0.294	21.2
0.289	20.9
0.283	21.0
0.278	21.2
0.273	21.6
0.267	21.9
0.262	22.3
0.257	22.7
0.251	23.0
0.246	23.1
0.241	23.4
0.235	23.6
0.230	23.7
0.225	24.1
0.219	24.4
0.214	24.8
0.209	25.2
0.203	25.4
0.198	25.8
0.193	26.0
0.187	26.4
0.182	26.6
0.176	27.0
0.171	27.3
0.166	27.7
0.160	28.1
0.155	28.4
0.150	28.5
0.144	28.6
0.139	28.7
0.134	28.9
0.128	29.0
0.123	29.2
0.118	29.2
0.112	29.6
0.107	29.9
0.102	30.3
0.096	30.7
0.091	31.0
0.086	30.9
0.080	30.9
0.075	30.6
0.070	30.6
0.064	30.8
0.059	31.0
0.053	31.0
0.048	30.9
0.043	30.6
0.037	30.4
0.032	30.4
0.027	30.8
0.021	31.1
0.016	31.3
0.011	31.4
0.005	31.4
0.000	31.6
-0.005	31.3
-0.011	31.0
-0.016	30.7
-0.021	30.1
-0.027	29.5
-0.032	28.7
-0.037	28.8
-0.043	29.3
-0.048	29.8
-0.053	30.1
-0.059	30.3
-0.064	30.3
-0.070	30.2
-0.075	30.2
-0.080	30.2
-0.086	30.0
-0.091	29.8
-0.096	29.6
-0.102	29.5
-0.107	29.2
-0.112	29.2
-0.118	28.9
-0.123	28.8
-0.128	28.5
-0.134	28.4
-0.139	28.0
-0.144	27.6
-0.150	27.2
-0.155	27.0
-0.160	26.8
-0.166	26.6
-0.171	26.4
-0.176	26.2
-0.182	25.8
-0.187	25.5
-0.193	25.1
-0.198	24.6
-0.203	24.2
-0.209	23.8
-0.214	23.3
-0.219	22.9
-0.225	22.5
-0.230	22.3
-0.235	22.0
-0.241	22.0
-0.246	21.7
-0.251	21.7
-0.257	21.7
-0.262	21.8
-0.267	22.0
-0.273	22.4
-0.278	22.7
-0.283	23.0
-0.289	23.2
-0.294	23.5
-0.299	24.0
-0.305	24.8
-0.310	25.6
-0.316	26.6
-0.321	27.6
-0.326	28.4
-0.332	29.3
-0.337	30.0
-0.342	30.7
-0.348	31.6
-0.353	32.5
-0.358	33.8
-0.364	34.8
-0.369	35.5
-0.374	36.1
-0.380	37.3
-0.385	38.5
-0.390	39.8
-0.396	40.9
-0.401	41.9
-0.406	42.5
-0.412	43.2
-0.417	43.7
-0.422	44.1
-0.428	44.4
-0.433	44.7
-0.438	44.7
-0.444	44.6
-0.449	44.2
-0.455	43.6
-0.460	42.8
-0.465	42.0
-0.471	41.2
-0.476	40.3
-0.481	39.1
-0.487	37.9
-0.492	36.7
-0.497	35.4
-0.503	34.1
-0.508	32.8
-0.513	31.6
-0.519	30.4
-0.524	29.1
-0.529	28.0
-0.535	27.2
-0.540	26.4
-0.545	26.0
-0.551	25.6
-0.556	25.2
-0.561	25.1
-0.567	24.8
-0.572	24.8
-0.578	24.8
-0.583	24.8
-0.588	25.1
-0.594	25.4
-0.599	25.7
-0.604	26.1
-0.610	26.4
-0.615	26.7
-0.620	27.1
-0.626	27.6
-0.631	28.0
-0.636	28.2
-0.642	28.2
-0.647	28.1
-0.652	27.7
-0.658	27.6
-0.663	27.3
-0.668	26.9
-0.674	26.2
-0.679	25.6
-0.684	24.8
-0.690	24.1
-0.695	23.3
-0.701	22.7
-0.706	21.9
-0.711	21.1
-0.717	20.4
-0.722	19.6
-0.727	19.2
-0.733	18.7
-0.738	18.0
-0.743	17.6
-0.749	17.6
-0.754	17.6
-0.759	17.6
-0.765	17.6
-0.770	17.6
-0.775	18.0
-0.781	18.4
-0.786	18.9
-0.791	19.6
-0.797	20.4
-0.802	21.2
-0.807	22.0
-0.813	22.8
-0.818	23.9
-0.823	24.9
-0.829	26.0
-0.834	27.0
-0.840	27.8
-0.845	28.6
-0.850	29.3
-0.856	29.6
-0.861	29.6
-0.866	29.2
-0.872	28.9
-0.877	28.3
-0.882	27.6
-0.888	26.8
-0.893	26.0
-0.898	25.5
-0.904	25.2
-0.909	25.1
-0.914	25.5
-0.920	26.2
-0.925	27.2
-0.930	28.5
-0.936	30.2
-0.941	31.9
-0.946	34.0
-0.952	36.0
-0.957	37.6
-0.962	38.8
-0.968	39.8
-0.973	40.4
-0.979	40.6
-0.984	40.1
-0.989	39.4
-0.995	38.1
-1.000	36.8
-1.005	34.8
-1.011	32.8
-1.016	31.0
-1.021	29.4
-1.027	27.9
-1.032	26.6
-1.037	25.7
-1.043	25.1
-1.048	24.7
-1.053	24.8
-1.059	25.0
-1.064	25.4
-1.069	25.8
-1.075	26.1
-1.080	26.1
-1.085	26.2
-1.091	26.2
-1.096	25.8
-1.101	25.2
-1.107	24.4
-1.112	23.6
-1.118	22.8
-1.123	22.0
-1.128	21.2
-1.134	20.4
-1.139	19.6
-1.144	18.9
-1.150	18.2
-1.155	17.8
-1.160	17.6
-1.166	17.6
-1.171	18.3
-1.176	18.8
-1.182	19.7
-1.187	20.7
-1.192	21.8
-1.198	22.8
-1.203	24.0
-1.208	25.2
-1.214	26.3
-1.219	27.3
-1.224	28.1
-1.230	28.6
-1.235	28.7
-1.240	28.1
-1.246	27.4
-1.251	26.4
-1.256	25.9
-1.262	25.6
-1.267	26.0
-1.273	27.0
-1.278	28.5
-1.283	30.2
-1.289	32.2
-1.294	34.0
-1.299	35.5
-1.305	36.6
-1.310	37.4
-1.315	37.4
-1.321	37.0
-1.326	35.8
-1.331	34.3
-1.337	32.5
-1.342	30.5
-1.347	28.4
-1.353	26.5
-1.358	25.1
-1.363	24.3
-1.369	23.9
-1.374	24.0
-1.379	24.2
-1.385	24.6
-1.390	24.7
-1.395	24.8
-1.401	24.6
-1.406	24.2
-1.411	23.5
-1.417	22.6
-1.422	21.4
-1.428	20.5
-1.433	19.7
-1.438	18.7
-1.444	18.0
-1.449	17.5
-1.454	17.1
-1.460	17.2
-1.465	17.3
-1.470	18.1
-1.476	19.1
-1.481	20.3
-1.486	21.5
-1.492	22.7
-1.497	23.9
-1.502	25.1
-1.508	25.8
-1.513	26.1
-1.518	25.7
-1.524	25.1
-1.529	24.2
-1.534	23.6
-1.540	23.3
-1.545	23.9
-1.550	25.2
-1.556	27.0
-1.561	28.8
-1.566	30.5
-1.572	31.8
-1.577	32.8
-1.582	33.0
-1.588	32.6
-1.593	31.4
-1.599	29.8
-1.604	27.5
-1.609	25.1
-1.615	22.8
-1.620	21.5
-1.625	20.8
-1.631	20.8
-1.636	21.2
-1.641	21.6
-1.647	21.6
-1.652	21.2
-1.657	20.7
-1.663	20.2
-1.668	19.3
-1.673	18.1
-1.679	16.6
-1.684	15.5
-1.689	14.6
-1.695	14.1
-1.700	14.0
-1.705	14.4
-1.711	15.2
-1.716	16.1
-1.721	17.0
-1.727	18.0
-1.732	19.0
-1.737	20.3
-1.743	21.5
-1.748	22.6
-1.753	22.8
-1.759	22.4
-1.764	21.4
-1.769	20.8
-1.775	20.8
-1.780	21.6
-1.786	22.8
-1.791	24.7
-1.796	26.3
-1.802	27.9
-1.807	28.8
-1.812	29.2
-1.818	28.7
-1.823	27.4
-1.828	25.3
-1.834	23.0
-1.839	20.9
-1.844	19.3
-1.850	18.6
-1.855	18.7
-1.860	18.9
-1.866	19.2
-1.871	19.2
-1.876	18.9
-1.882	18.2
-1.887	17.8
-1.892	17.0
-1.898	16.1
-1.903	14.9
-1.908	14.1
-1.914	13.6
-1.919	13.7
-1.924	14.1
-1.930	14.9
-1.935	15.9
-1.940	17.1
-1.946	18.4
-1.951	19.6
-1.956	20.4
-1.962	20.5
-1.967	19.7
-1.972	18.8
-1.978	18.3
-1.983	18.7
-1.989	19.6
-1.994	21.2
-1.999	22.9
-2.005	24.6
-2.010	25.6
-2.015	25.8
-2.021	24.8
-2.026	23.1
-2.031	20.7
-2.037	18.4
-2.042	16.8
-2.047	16.0
-2.053	16.0
-2.058	16.4
-2.063	16.7
-2.069	17.0
-2.074	16.8
-2.079	16.4
-2.085	15.7
-2.090	14.9
-2.095	13.7
-2.101	12.9
-2.106	12.4
-2.111	12.3
-2.117	12.4
-2.122	13.2
-2.127	14.4
-2.133	16.0
-2.138	17.6
-2.143	18.6
-2.149	18.6
-2.154	17.9
-2.159	16.7
-2.165	16.0
-2.170	16.1
-2.175	17.2
-2.181	18.8
-2.186	20.6
-2.191	22.2
-2.197	23.0
-2.202	23.0
-2.207	21.8
-2.213	19.6
-2.218	17.2
-2.223	15.2
-2.229	14.2
-2.234	13.8
-2.240	13.9
-2.245	13.9
-2.250	14.0
-2.256	14.1
-2.261	14.1
-2.266	13.5
-2.272	12.6
-2.277	11.4
-2.282	10.6
-2.288	10.3
-2.293	10.7
-2.298	11.6
-2.304	12.9
-2.309	14.4
-2.314	15.6
-2.320	16.0
-2.325	15.3
-2.330	14.0
-2.336	13.2
-2.341	12.8
-2.346	13.6
-2.352	14.8
-2.357	16.4
-2.362	18.0
-2.368	19.1
-2.373	17.9
-2.378	15.2
-2.384	12.4
-2.389	10.4
-2.394	9.6
-2.400	9.9
-2.405	10.5
-2.410	11.6
-2.416	12.1
-2.421	12.5
-2.426	12.4
-2.432	11.6
-2.437	10.4
-2.442	9.2
-2.448	8.6
-2.453	8.7
-2.458	9.3
-2.464	10.4
-2.469	11.8
-2.474	13.1
-2.480	13.6
-2.485	13.2
-2.490	12.0
-2.496	11.1
-2.501	10.7
-2.506	11.1
-2.512	12.3
-2.517	14.1
-2.522	15.7
-2.528	16.5
-2.533	16.1
-2.538	14.2
-2.544	11.9
-2.549	10.3
-2.554	9.5
-2.560	9.6
-2.565	10.1
-2.570	10.6
-2.576	10.9
-2.581	10.9
-2.586	10.1
-2.592	8.9
-2.597	7.8
-2.602	7.4
-2.608	7.4
-2.613	8.2
-2.619	9.4
-2.624	10.7
-2.629	11.5
-2.635	11.2
-2.640	10.0
-2.645	9.2
-2.651	8.8
-2.656	9.2
-2.661	10.4
-2.667	12.1
-2.672	13.7
-2.677	14.5
-2.683	13.5
-2.688	11.6
-2.693	9.6
-2.699	8.4
-2.704	8.0
-2.709	8.3
-2.715	8.8
-2.720	9.5
-2.725	9.6
-2.731	9.2
-2.736	7.7
-2.741	6.8
-2.747	6.4
-2.752	6.4
-2.757	7.0
-2.763	8.2
-2.768	9.3
-2.773	9.7
-2.779	9.2
-2.784	8.3
-2.789	7.5
-2.795	7.5
-2.800	8.0
-2.805	9.3
-2.811	10.8
-2.816	11.6
-2.821	11.2
-2.827	9.7
-2.832	8.0
-2.837	7.0
-2.843	6.6
-2.848	6.8
-2.853	7.2
-2.859	7.7
-2.864	7.7
-2.869	7.2
-2.875	6.3
-2.880	5.5
-2.885	5.1
-2.891	5.5
-2.896	6.2
-2.901	7.2
-2.907	7.9
-2.912	7.6
-2.917	6.8
-2.923	6.1
-2.928	6.0
-2.933	6.4
-2.939	7.2
-2.944	8.5
-2.949	9.3
-2.955	9.0
-2.960	7.6
-2.965	6.4
-2.971	5.6
-2.976	5.4
-2.981	5.5
-2.987	5.9
-2.992	6.2
-2.997	6.2
-3.003	5.4
-3.008	4.7
-3.013	4.3
-3.019	4.4
-3.024	4.9
-3.029	5.7
-3.035	6.1
-3.040	6.0
-3.045	5.2
-3.051	4.8
-3.056	4.8
-3.061	5.2
-3.067	5.8
-3.072	6.8
-3.077	7.2
-3.083	6.8
-3.088	5.6
-3.093	4.8
-3.099	4.4
-3.104	4.4
-3.109	4.4
-3.115	4.9
-3.120	4.9
-3.125	4.6
-3.131	4.0
-3.136	3.6
-3.141	3.6
-3.147	4.0
-3.152	4.4
-3.157	4.8
-3.163	4.7
-3.168	4.3
-3.173	3.9
-3.179	3.9
-3.184	4.2
-3.189	4.8
-3.195	5.5
-3.200	5.5
-3.205	4.8
-3.211	4.0
-3.216	3.6
-3.221	3.6
-3.227	3.6
-3.232	4.0
-3.237	4.0
-3.243	3.8
-3.248	3.3
-3.253	2.9
-3.259	2.8
-3.264	3.2
-3.269	3.6
-3.275	3.9
-3.280	3.6
-3.285	3.2
-3.291	2.8
-3.296	2.8
-3.301	3.2
-3.306	3.8
-3.312	4.2
-3.317	4.0
-3.322	3.2
-3.328	2.8
-3.333	2.6
-3.338	2.6
-3.344	2.7
-3.349	3.0
-3.354	2.9
-3.360	2.7
-3.365	2.3
-3.370	2.2
-3.376	2.2
-3.381	2.5
-3.386	2.6
-3.392	2.6
-3.397	2.4
-3.402	2.2
-3.408	2.1
-3.413	2.3
-3.418	2.4
-3.424	2.8
-3.429	2.8
-3.434	2.4
-3.440	2.0
-3.445	2.0
-3.450	2.0
-3.456	2.0
-3.461	2.0
-3.466	2.0
-3.472	1.6
-3.477	1.6
-3.482	1.6
-3.488	1.6
-3.493	1.6
-3.498	1.6
-3.504	1.6
-3.509	1.6
-3.514	1.4
-3.520	1.4
-3.525	1.4
-3.530	1.6
-3.536	1.6
-3.541	1.6
-3.546	1.2
-3.552	1.2
-3.557	1.2
-3.562	1.2
-3.568	1.2
-3.573	1.2
-3.578	1.2
-3.584	1.2
-3.589	1.2
-3.594	1.2
-3.600	1.2
-3.605	1.2
-3.610	1.2
-3.616	1.2
-3.621	1.2
-3.626	1.2
-3.632	1.1
-3.637	1.1
-3.642	1.1
-3.647	1.1
-3.653	1.0
-3.658	1.0
-3.663	0.9
-3.669	0.9
-3.674	0.8
-3.679	0.8
-3.685	0.8
-3.690	0.8
-3.695	0.8
-3.701	0.8
-3.706	0.8
-3.711	0.8
-3.717	0.8
-3.722	0.8
-3.727	0.8
-3.733	0.8
-3.738	0.8
-3.743	0.8
-3.749	0.8
-3.754	0.8
-3.759	0.8
-3.765	0.8
-3.770	0.8
-3.775	0.8
-3.781	0.8
-3.786	0.8
-3.791	0.8
-3.797	0.8
-3.802	0.8
-3.807	0.8
-3.813	0.8
-3.818	0.8
-3.823	0.8
-3.829	0.8
-3.834	0.8
-3.839	0.8
-3.844	0.8
-3.850	0.8
-3.855	0.8
-3.860	0.8
-3.866	0.8
-3.871	0.8
-3.876	0.8
-3.882	0.8
-3.887	0.8
-3.892	0.8
-3.898	0.8
-3.903	0.8
-3.908	0.8
-3.914	0.8
-3.919	0.8
-3.924	0.8
-3.930	0.8
-3.935	0.8
-3.940	0.8
-3.946	0.8
-3.951	0.8
-3.956	0.8
-3.962	0.8
-3.967	0.8
-3.972	0.8
-3.978	0.8
-3.983	0.8
-3.988	0.8
-3.994	0.8
-3.999	0.8
-4.004	0.8
-4.009	0.8
-4.015	0.8
-4.020	0.8
-4.025	0.8
-4.031	0.8
-4.036	0.8
-4.041	0.8
-4.047	0.8
-4.052	0.8
-4.057	0.8
-4.063	0.8
-4.068	0.8
-4.073	0.8
-4.079	0.8
-4.084	0.8
-4.089	0.8
-4.095	0.8
-4.100	0.8
-4.105	0.8
-4.111	0.8
-4.116	0.8
-4.121	0.8
-4.127	0.8
-4.132	0.8
-4.137	0.8
-4.143	0.8
-4.148	0.8
-4.153	0.8
-4.158	0.8
-4.164	0.8
-4.169	0.8
-4.174	0.8
-4.180	0.8
-4.185	0.8
-4.190	0.8
-4.196	0.8
-4.201	0.8
-4.206	0.8
-4.212	0.8
-4.217	0.8
-4.222	0.8
-4.228	0.8
-4.233	0.8
-4.238	0.8
-4.244	0.8
-4.249	0.8
-4.254	0.8
-4.260	0.8
-4.265	0.8
-4.270	0.8
-4.275	0.8
-4.281	0.8
-4.286	0.8
-4.291	0.8
-4.297	0.8
-4.302	0.8
-4.307	0.8
-4.313	0.8
-4.318	0.8
-4.323	0.8
-4.329	0.8
-4.334	0.8
-4.339	0.8
-4.345	0.8
-4.350	0.8
-4.355	0.8
-4.361	0.8
-4.366	0.8
-4.371	0.8
-4.377	0.8
-4.382	0.8
-4.387	0.8
-4.392	0.8
-4.398	0.8
-4.403	0.8
-4.408	0.8
-4.414	0.8
-4.419	0.8
-4.424	0.8
-4.430	0.8
-4.435	0.8
-4.440	0.8
-4.446	0.8
-4.451	0.8
-4.456	0.8
-4.462	0.8
-4.467	0.8
-4.472	0.8
-4.478	0.8
-4.483	0.8
-4.488	0.8
-4.493	0.8
-4.499	0.8
-4.504	0.8
-4.509	0.8
-4.515	0.8
-4.520	0.8
-4.525	0.8
-4.531	0.8
-4.536	0.8
-4.541	0.8
-4.547	0.8
-4.552	0.8
-4.557	0.8
-4.563	0.8
-4.568	0.8
-4.573	0.8
-4.578	0.8
-4.584	0.8
-4.589	0.8
-4.594	0.8
-4.600	0.8
-4.605	0.8
-4.610	0.8
-4.616	0.8
-4.621	0.8
-4.626	0.8
-4.632	0.8
-4.637	0.8
-4.642	0.8
-4.648	0.8
-4.653	0.8
-4.658	0.8
-4.663	0.8
-4.669	0.8
-4.674	0.8
-4.679	0.8
-4.685	0.8
-4.690	0.8
-4.695	0.8
-4.701	0.8
-4.706	0.8
-4.711	0.8
-4.717	0.8
-4.722	0.8
-4.727	0.8
-4.733	0.8
-4.738	0.8
-4.743	0.8
-4.748	0.8
-4.754	0.8
-4.759	0.8
-4.764	0.8
-4.770	0.8
-4.775	0.8
-4.780	0.8
-4.786	0.8
-4.791	0.8
-4.796	0.8
-4.802	0.8
-4.807	0.8
-4.812	0.8
-4.818	0.8
-4.823	0.8
-4.828	0.8
-4.833	0.8
-4.839	0.8
-4.844	0.8
-4.849	0.8
-4.855	0.8
-4.860	0.8
-4.865	0.8
-4.871	0.8
-4.876	0.8
-4.881	0.8
-4.887	0.8
-4.892	0.8
-4.897	0.8
-4.902	0.8
-4.908	0.8
-4.913	0.8
-4.918	0.8
-4.924	0.8
-4.929	0.8
-4.934	0.8
-4.940	0.8
-4.945	0.8
-4.950	0.8
-4.956	0.8
-4.961	0.8
-4.966	0.8
-4.971	0.8
-4.977	0.8
-4.982	0.8
-4.987	0.8
-4.993	0.8
-4.998	0.8
-5.003	0.8
-5.009	0.8
-5.014	0.8
-5.019	0.8
-5.025	0.8
-5.030	0.8
-5.035	0.8
-5.040	0.8
-5.046	0.8
-5.051	0.8
-5.056	0.8
-5.062	0.8
-5.067	0.8
-5.072	0.8
-5.078	0.8
-5.083	0.8
-5.088	0.8
-5.094	0.8
-5.099	0.8
-5.104	0.8
-5.109	0.8
-5.115	0.8
-5.120	0.8
-5.125	0.8
-5.131	0.8
-5.136	0.8
-5.141	0.8
-5.147	0.8
-5.152	0.8
-5.157	0.8
-5.162	0.8
-5.168	0.8
-5.173	0.8
-5.178	0.8
-5.184	0.8
-5.189	0.8
-5.194	0.8
-5.200	0.8
-5.205	0.8
-5.210	0.8
-5.216	0.8
-5.221	0.8
-5.226	0.8
-5.231	0.8
-5.237	0.8
-5.242	0.8
-5.247	0.8
-5.253	0.8
-5.258	0.8
-5.263	0.8
-5.269	0.8
-5.274	0.8
-5.279	0.8
-5.284	0.8
-5.290	0.8
-5.295	0.8
-5.300	0.8
-5.306	0.8
-5.311	0.8
-5.316	0.8
-5.322	0.8
-5.327	0.8
-5.332	0.8
-5.337	0.8
-5.343	0.8
-5.348	0.8
-5.353	0.8
-5.359	0.8
-5.364	0.8
-5.369	0.8
-5.375	0.8
-5.380	0.8
-5.385	0.8
-5.390	0.8
-5.396	0.8
-5.401	0.8
-5.406	0.8
-5.412	0.8
-5.417	0.8
-5.422	0.8
-5.428	0.8
-5.433	0.8
-5.438	0.8
-5.443	0.8
-5.449	0.8
-5.454	0.8
