0	0
1	0
2	0
3	0
4	0
5	0
6	0
7	0
8	0
9	0
10	0
11	0
12	0
13	0
14	0
15	0
16	0
17	0
18	0
19	0
20	0
21	0
22	0
23	0
24	0
25	0
26	0
27	0
28	0
29	0
30	0
31	0
32	0
33	0
34	0
35	0
36	0
37	0
38	0
39	0
40	0
41	0
42	0
43	0
44	0
45	0
46	0
47	0
48	0
49	1
50	2
51	3
52	12
53	91
54	418
55	1013
56	1335
57	1244
58	1067
59	962
60	827
61	803
62	727
63	783
64	684
65	667
66	655
67	688
68	651
69	643
70	638
71	644
72	689
73	641
74	642
75	648
76	662
77	672
78	646
79	624
80	658
81	622
82	633
83	683
84	602
85	626
86	652
87	633
88	626
89	626
90	624
91	610
92	636
93	586
94	648
95	627
96	626
97	610
98	622
99	603
100	628
101	648
102	601
103	599
104	595
105	601
106	606
107	613
108	643
109	627
110	603
111	588
112	590
113	581
114	580
115	596
116	611
117	612
118	607
119	601
120	635
121	576
122	598
123	592
124	612
125	583
126	547
127	622
128	639
129	589
130	642
131	568
132	621
133	571
134	566
135	607
136	555
137	575
138	532
139	555
140	574
141	555
142	644
143	560
144	566
145	553
146	562
147	628
148	599
149	610
150	566
151	578
152	579
153	585
154	614
155	596
156	596
157	536
158	628
159	636
160	615
161	597
162	644
163	562
164	579
165	646
166	565
167	568
168	571
169	556
170	584
171	591
172	613
173	598
174	627
175	594
176	591
177	609
178	589
179	640
180	569
181	636
182	592
183	616
184	606
185	623
186	674
187	617
188	633
189	663
190	586
191	656
192	669
193	653
194	602
195	650
196	651
197	669
198	648
199	662
200	669
201	708
202	644
203	653
204	617
205	741
206	707
207	706
208	681
209	691
210	718
211	717
212	696
213	639
214	719
215	671
216	708
217	699
218	713
219	701
220	691
221	717
222	736
223	683
224	733
225	729
226	770
227	722
228	676
229	727
230	744
231	731
232	749
233	754
234	731
235	791
236	720
237	842
238	719
239	772
240	848
241	744
242	745
243	806
244	807
245	776
246	817
247	816
248	802
249	811
250	837
251	832
252	882
253	842
254	870
255	876
256	847
257	907
258	885
259	884
260	866
261	893
262	908
263	927
264	944
265	903
266	943
267	975
268	940
269	930
270	946
271	937
272	1049
273	1001
274	997
275	938
276	934
277	972
278	1007
279	997
280	1030
281	1015
282	1012
283	1087
284	1012
285	1089
286	1066
287	1046
288	1029
289	1059
290	1068
291	1096
292	1059
293	1154
294	1122
295	1152
296	1077
297	1059
298	1099
299	1108
300	1080
301	1143
302	1123
303	1052
304	1124
305	1112
306	1068
307	1109
308	1126
309	1159
310	1179
311	1202
312	1156
313	1153
314	1188
315	1229
316	1226
317	1163
318	1194
319	1167
320	1233
321	1156
322	1197
323	1193
324	1183
325	1267
326	1245
327	1209
328	1217
329	1212
330	1239
331	1208
332	1294
333	1291
334	1395
335	1389
336	1710
337	1993
338	2312
339	2705
340	2609
341	2259
342	1887
343	1637
344	1519
345	1624
346	1793
347	2309
348	2936
349	3791
350	4117
351	3787
352	3013
353	2131
354	1698
355	1362
356	1323
357	1308
358	1380
359	1451
360	1549
361	1673
362	1517
363	1430
364	1273
365	1173
366	1141
367	1188
368	1168
369	1168
370	1136
371	1170
372	1133
373	1187
374	1159
375	1158
376	1182
377	1104
378	1213
379	1182
380	1162
381	1144
382	1177
383	1158
384	1143
385	1133
386	1222
387	1139
388	1122
389	1186
390	1109
391	1270
392	1232
393	1265
394	1275
395	1551
396	1757
397	2010
398	2233
399	2388
400	2221
401	2023
402	1779
403	1430
404	1372
405	1178
406	1249
407	1201
408	1368
409	1446
410	1587
411	1723
412	1698
413	1561
414	1493
415	1324
416	1263
417	1206
418	1185
419	1079
420	1082
421	1164
422	1144
423	1249
424	1251
425	1271
426	1205
427	1281
428	1174
429	1049
430	1138
431	1075
432	1184
433	1156
434	1173
435	1224
436	1257
437	1271
438	1306
439	1371
440	1298
441	1260
442	1281
443	1228
444	1135
445	1185
446	1194
447	1165
448	1102
449	1103
450	1089
451	1098
452	1078
453	1134
454	1087
455	1069
456	1119
457	1099
458	1103
459	1043
460	1141
461	1094
462	1081
463	1101
464	1091
465	1119
466	1077
467	1121
468	1112
469	1128
470	1142
471	1147
472	1123
473	1125
474	1103
475	1125
476	1076
477	1127
478	1058
479	1121
480	1057
481	1119
482	1073
483	1079
484	1050
485	1118
486	1072
487	1128
488	1069
489	1109
490	1042
491	1112
492	1072
493	1114
494	1101
495	1123
496	1117
497	1079
498	1072
499	1097
500	1088
501	1063
502	1106
503	1045
504	1109
505	1161
506	1091
507	1088
508	1101
509	1089
510	1118
511	1075
512	1091
513	1124
514	1081
515	1038
516	1031
517	1101
518	1103
519	1113
520	1022
521	1073
522	1137
523	1083
524	1066
525	1059
526	1108
527	997
528	1002
529	1059
530	1045
531	1039
532	1072
533	1085
534	1103
535	1078
536	1060
537	1014
538	1021
539	1054
540	1091
541	1084
542	1042
543	1025
544	1032
545	1054
546	1024
547	1041
548	1029
549	1027
550	1013
551	1106
552	1011
553	1066
554	1040
555	1043
556	1073
557	1016
558	1042
559	968
560	1024
561	1009
562	1006
563	1038
564	1056
565	965
566	1020
567	1020
568	1085
569	972
570	1013
571	1003
572	1043
573	1018
574	990
575	1041
576	1064
577	1020
578	1044
579	1023
580	1032
581	1005
582	999
583	1007
584	1040
585	1052
586	971
587	998
588	1027
589	968
590	972
591	996
592	1003
593	1018
594	1044
595	1063
596	1012
597	945
598	967
599	979
600	1016
601	939
602	978
603	984
604	1047
605	975
606	1089
607	957
608	979
609	980
610	1021
611	996
612	985
613	913
614	990
615	969
616	982
617	1030
618	1037
619	1038
620	1037
621	1019
622	987
623	991
624	942
625	931
626	1016
627	946
628	893
629	967
630	984
631	978
632	913
633	958
634	911
635	968
636	947
637	906
638	964
639	888
640	970
641	891
642	914
643	933
644	905
645	924
646	946
647	913
648	917
649	908
650	914
651	953
652	921
653	899
654	961
655	941
656	856
657	924
658	944
659	894
660	902
661	898
662	919
663	920
664	870
665	916
666	869
667	885
668	880
669	897
670	907
671	963
672	897
673	908
674	895
675	908
676	908
677	846
678	876
679	874
680	861
681	840
682	842
683	894
684	877
685	852
686	856
687	914
688	860
689	888
690	827
691	854
692	849
693	855
694	856
695	881
696	903
697	834
698	877
699	853
700	861
701	870
702	807
703	841
704	842
705	841
706	856
707	813
708	843
709	868
710	832
711	817
712	836
713	807
714	886
715	855
716	855
717	851
718	838
719	797
720	826
721	821
722	814
723	844
724	834
725	820
726	800
727	852
728	784
729	783
730	771
731	849
732	816
733	819
734	794
735	793
736	810
737	802
738	835
739	833
740	824
741	830
742	798
743	815
744	818
745	799
746	785
747	793
748	774
749	806
750	788
751	742
752	822
753	750
754	730
755	783
756	769
757	786
758	771
759	766
760	718
761	761
762	775
763	720
764	813
765	780
766	766
767	781
768	763
769	805
770	737
771	796
772	726
773	767
774	759
775	751
776	766
777	716
778	773
779	768
780	745
781	715
782	776
783	710
784	743
785	762
786	753
787	706
788	754
789	716
790	762
791	775
792	793
793	763
794	711
795	689
796	747
797	748
798	697
799	732
800	682
801	710
802	700
803	758
804	750
805	682
806	715
807	705
808	702
809	689
810	705
811	650
812	664
813	679
814	731
815	711
816	714
817	738
818	690
819	677
820	724
821	713
822	737
823	689
824	720
825	756
826	653
827	705
828	722
829	676
830	640
831	662
832	724
833	667
834	690
835	669
836	658
837	637
838	689
839	653
840	689
841	748
842	671
843	686
844	702
845	689
846	672
847	640
848	691
849	663
850	655
851	674
852	665
853	670
854	696
855	674
856	669
857	686
858	677
859	691
860	635
861	643
862	694
863	658
864	672
865	674
866	671
867	699
868	631
869	652
870	638
871	648
872	599
873	626
874	614
875	677
876	663
877	660
878	646
879	625
880	661
881	650
882	630
883	685
884	636
885	659
886	626
887	648
888	650
889	629
890	631
891	624
892	635
893	633
894	637
895	651
896	643
897	630
898	641
899	730
900	700
901	721
902	859
903	804
904	831
905	807
906	786
907	700
908	703
909	654
910	658
911	603
912	585
913	623
914	625
915	627
916	596
917	587
918	617
919	622
920	616
921	598
922	607
923	583
924	602
925	624
926	581
927	611
928	577
929	620
930	602
931	608
932	589
933	598
934	620
935	592
936	611
937	567
938	596
939	586
940	588
941	631
942	617
943	591
944	616
945	580
946	576
947	579
948	559
949	569
950	577
951	609
952	568
953	588
954	604
955	587
956	572
957	606
958	592
959	565
960	539
961	600
962	584
963	569
964	571
965	578
966	569
967	609
968	555
969	548
970	544
971	582
972	518
973	566
974	555
975	565
976	531
977	596
978	557
979	532
980	563
981	581
982	565
983	552
984	554
985	543
986	568
987	539
988	574
989	569
990	590
991	518
992	538
993	564
994	563
995	584
996	591
997	563
998	574
999	528
1000	530
1001	569
1002	568
1003	550
1004	521
1005	583
1006	524
1007	540
1008	551
1009	534
1010	547
1011	523
1012	519
1013	545
1014	513
1015	572
1016	595
1017	617
1018	578
1019	645
1020	646
1021	638
1022	594
1023	575
1024	560
1025	515
1026	519
1027	537
1028	521
1029	479
1030	525
1031	510
1032	535
1033	484
1034	574
1035	560
1036	535
1037	503
1038	490
1039	516
1040	509
1041	493
1042	501
1043	527
1044	526
1045	539
1046	471
1047	471
1048	499
1049	499
1050	508
1051	513
1052	509
1053	507
1054	471
1055	512
1056	502
1057	483
1058	504
1059	524
1060	500
1061	513
1062	499
1063	515
1064	467
1065	489
1066	508
1067	477
1068	541
1069	473
1070	489
1071	472
1072	459
1073	482
1074	500
1075	505
1076	492
1077	460
1078	466
1079	488
1080	502
1081	496
1082	462
1083	504
1084	479
1085	487
1086	466
1087	483
1088	491
1089	488
1090	529
1091	461
1092	482
1093	506
1094	507
1095	486
1096	481
1097	495
1098	477
1099	469
1100	439
1101	476
1102	462
1103	506
1104	475
1105	462
1106	462
1107	431
1108	444
1109	437
1110	510
1111	470
1112	454
1113	409
1114	460
1115	461
1116	468
1117	445
1118	480
1119	486
1120	472
1121	424
1122	477
1123	470
1124	491
1125	477
1126	474
1127	434
1128	417
1129	486
1130	447
1131	470
1132	416
1133	435
1134	415
1135	449
1136	419
1137	427
1138	465
1139	448
1140	429
1141	445
1142	470
1143	446
1144	445
1145	432
1146	419
1147	473
1148	428
1149	446
1150	440
1151	417
1152	450
1153	437
1154	452
1155	494
1156	426
1157	451
1158	460
1159	420
1160	537
1161	517
1162	724
1163	961
1164	1349
1165	1737
1166	1768
1167	1717
1168	1397
1169	1040
1170	702
1171	531
1172	457
1173	424
1174	437
1175	468
1176	467
1177	513
1178	568
1179	540
1180	601
1181	576
1182	565
1183	570
1184	530
1185	490
1186	485
1187	412
1188	432
1189	430
1190	356
1191	370
1192	366
1193	394
1194	388
1195	392
1196	399
1197	379
1198	369
1199	409
1200	418
1201	362
1202	394
1203	402
1204	356
1205	383
1206	380
1207	349
1208	389
1209	377
1210	381
1211	363
1212	370
1213	341
1214	364
1215	350
1216	391
1217	378
1218	396
1219	364
1220	347
1221	387
1222	374
1223	366
1224	346
1225	414
1226	366
1227	366
1228	349
1229	363
1230	378
1231	380
1232	373
1233	372
1234	362
1235	361
1236	375
1237	376
1238	357
1239	342
1240	348
1241	323
1242	359
1243	363
1244	388
1245	361
1246	339
1247	337
1248	356
1249	340
1250	336
1251	368
1252	358
1253	344
1254	370
1255	333
1256	340
1257	342
1258	364
1259	358
1260	350
1261	340
1262	341
1263	352
1264	329
1265	348
1266	374
1267	353
1268	359
1269	343
1270	331
1271	361
1272	358
1273	351
1274	344
1275	361
1276	334
1277	302
1278	314
1279	356
1280	344
1281	346
1282	324
1283	330
1284	348
1285	356
1286	343
1287	341
1288	340
1289	335
1290	325
1291	341
1292	343
1293	346
1294	332
1295	328
1296	333
1297	340
1298	338
1299	360
1300	326
1301	353
1302	337
1303	316
1304	325
1305	329
1306	338
1307	326
1308	332
1309	322
1310	333
1311	333
1312	311
1313	335
1314	331
1315	307
1316	307
1317	312
1318	328
1319	331
1320	361
1321	400
1322	417
1323	410
1324	437
1325	404
1326	348
1327	324
1328	360
1329	318
1330	322
1331	347
1332	311
1333	304
1334	330
1335	300
1336	329
1337	344
1338	346
1339	337
1340	294
1341	315
1342	333
1343	310
1344	309
1345	313
1346	311
1347	330
1348	279
1349	330
1350	272
1351	302
1352	319
1353	318
1354	342
1355	331
1356	320
1357	346
1358	349
1359	377
1360	361
1361	320
1362	287
1363	340
1364	336
1365	333
1366	304
1367	323
1368	331
1369	302
1370	278
1371	312
1372	300
1373	289
1374	292
1375	322
1376	285
1377	337
1378	321
1379	281
1380	321
1381	327
1382	296
1383	309
1384	294
1385	300
1386	304
1387	297
1388	314
1389	304
1390	299
1391	283
1392	302
1393	305
1394	303
1395	310
1396	318
1397	297
1398	293
1399	274
1400	307
1401	301
1402	292
1403	300
1404	274
1405	301
1406	295
1407	284
1408	298
1409	257
1410	298
1411	301
1412	321
1413	284
1414	315
1415	281
1416	297
1417	270
1418	248
1419	276
1420	292
1421	292
1422	300
1423	278
1424	304
1425	296
1426	250
1427	321
1428	273
1429	256
1430	276
1431	290
1432	295
1433	268
1434	280
1435	271
1436	285
1437	293
1438	285
1439	250
1440	238
1441	298
1442	304
1443	333
1444	388
1445	549
1446	585
1447	731
1448	741
1449	622
1450	524
1451	455
1452	363
1453	297
1454	275
1455	238
1456	269
1457	266
1458	290
1459	276
1460	272
1461	275
1462	303
1463	268
1464	256
1465	270
1466	264
1467	292
1468	277
1469	299
1470	335
1471	344
1472	349
1473	332
1474	324
1475	317
1476	268
1477	287
1478	271
1479	258
1480	275
1481	257
1482	241
1483	288
1484	226
1485	257
1486	224
1487	293
1488	253
1489	241
1490	255
1491	260
1492	225
1493	281
1494	245
1495	253
1496	280
1497	252
1498	249
1499	253
1500	263
1501	260
1502	256
1503	234
1504	266
1505	268
1506	256
1507	256
1508	249
1509	238
1510	280
1511	233
1512	267
1513	261
1514	275
1515	237
1516	258
1517	274
1518	233
1519	257
1520	222
1521	244
1522	266
1523	253
1524	224
1525	241
1526	241
1527	251
1528	232
1529	231
1530	266
1531	263
1532	264
1533	256
1534	248
1535	262
1536	232
1537	247
1538	245
1539	255
1540	230
1541	227
1542	247
1543	249
1544	257
1545	254
1546	251
1547	224
1548	236
1549	238
1550	238
1551	238
1552	254
1553	262
1554	242
1555	253
1556	264
1557	253
1558	242
1559	237
1560	251
1561	244
1562	222
1563	253
1564	257
1565	249
1566	278
1567	284
1568	266
1569	261
1570	249
1571	255
1572	224
1573	238
1574	248
1575	227
1576	252
1577	239
1578	241
1579	262
1580	254
1581	229
1582	238
1583	225
1584	237
1585	230
1586	249
1587	253
1588	231
1589	245
1590	245
1591	241
1592	215
1593	222
1594	217
1595	229
1596	240
1597	229
1598	230
1599	242
1600	213
1601	250
1602	227
1603	238
1604	231
1605	245
1606	249
1607	266
1608	281
1609	254
1610	283
1611	284
1612	282
1613	293
1614	285
1615	269
1616	246
1617	220
1618	246
1619	240
1620	210
1621	250
1622	209
1623	250
1624	225
1625	251
1626	230
1627	225
1628	228
1629	254
1630	237
1631	215
1632	230
1633	240
1634	226
1635	238
1636	240
1637	220
1638	229
1639	240
1640	249
1641	214
1642	230
1643	195
1644	225
1645	218
1646	209
1647	215
1648	228
1649	212
1650	237
1651	214
1652	201
1653	217
1654	200
1655	221
1656	236
1657	267
1658	290
1659	329
1660	421
1661	463
1662	489
1663	469
1664	478
1665	383
1666	306
1667	262
1668	202
1669	215
1670	211
1671	229
1672	226
1673	210
1674	210
1675	197
1676	211
1677	192
1678	216
1679	220
1680	227
1681	221
1682	244
1683	203
1684	213
1685	194
1686	213
1687	198
1688	219
1689	208
1690	200
1691	194
1692	196
1693	230
1694	203
1695	218
1696	209
1697	210
1698	202
1699	218
1700	217
1701	231
1702	192
1703	224
1704	211
1705	199
1706	195
1707	199
1708	224
1709	186
1710	195
1711	195
1712	206
1713	207
1714	227
1715	228
1716	200
1717	216
1718	216
1719	208
1720	210
1721	203
1722	252
1723	236
1724	300
1725	296
1726	418
1727	582
1728	708
1729	869
1730	887
1731	821
1732	656
1733	517
1734	343
1735	299
1736	213
1737	208
1738	191
1739	170
1740	185
1741	179
1742	177
1743	197
1744	209
1745	195
1746	213
1747	193
1748	209
1749	183
1750	203
1751	175
1752	216
1753	212
1754	188
1755	174
1756	212
1757	178
1758	187
1759	183
1760	189
1761	199
1762	189
1763	194
1764	191
1765	179
1766	183
1767	172
1768	166
1769	191
1770	188
1771	190
1772	184
1773	204
1774	221
1775	187
1776	185
1777	186
1778	206
1779	192
1780	177
1781	188
1782	188
1783	180
1784	209
1785	190
1786	216
1787	190
1788	173
1789	193
1790	182
1791	184
1792	157
1793	207
1794	189
1795	189
1796	175
1797	194
1798	206
1799	177
1800	187
1801	198
1802	202
1803	169
1804	190
1805	177
1806	200
1807	196
1808	183
1809	180
1810	172
1811	201
1812	187
1813	203
1814	185
1815	187
1816	183
1817	194
1818	174
1819	167
1820	189
1821	185
1822	183
1823	170
1824	183
1825	174
1826	185
1827	164
1828	171
1829	186
1830	161
1831	176
1832	193
1833	161
1834	184
1835	172
1836	199
1837	176
1838	171
1839	185
1840	175
1841	192
1842	175
1843	171
1844	171
1845	172
1846	192
1847	167
1848	200
1849	171
1850	209
1851	174
1852	170
1853	184
1854	188
1855	176
1856	166
1857	172
1858	176
1859	160
1860	169
1861	180
1862	163
1863	190
1864	179
1865	174
1866	165
1867	189
1868	203
1869	180
1870	160
1871	186
1872	173
1873	181
1874	162
1875	184
1876	174
1877	175
1878	145
1879	185
1880	187
1881	198
1882	175
1883	188
1884	172
1885	186
1886	178
1887	181
1888	166
1889	178
1890	160
1891	174
1892	185
1893	199
1894	178
1895	182
1896	194
1897	177
1898	189
1899	166
1900	171
1901	177
1902	164
1903	179
1904	182
1905	206
1906	170
1907	172
1908	153
1909	181
1910	162
1911	159
1912	172
1913	186
1914	174
1915	180
1916	181
1917	185
1918	180
1919	174
1920	163
1921	195
1922	178
1923	184
1924	173
1925	175
1926	173
1927	163
1928	165
1929	159
1930	179
1931	207
1932	169
1933	180
1934	179
1935	174
1936	157
1937	152
1938	147
1939	161
1940	177
1941	157
1942	173
1943	179
1944	179
1945	178
1946	154
1947	169
1948	160
1949	174
1950	174
1951	172
1952	169
1953	154
1954	174
1955	167
1956	151
1957	142
1958	171
1959	165
1960	170
1961	152
1962	163
1963	166
1964	171
1965	165
1966	166
1967	170
1968	171
1969	179
1970	169
1971	188
1972	147
1973	164
1974	168
1975	171
1976	155
1977	158
1978	151
1979	166
1980	174
1981	194
1982	167
1983	161
1984	168
1985	188
1986	163
1987	128
1988	172
1989	177
1990	166
1991	151
1992	156
1993	164
1994	151
1995	158
1996	170
1997	156
1998	148
1999	172
2000	157
2001	172
2002	161
2003	152
2004	155
2005	150
2006	167
2007	169
2008	168
2009	170
2010	171
2011	171
2012	167
2013	171
2014	190
2015	166
2016	198
2017	187
2018	184
2019	181
2020	177
2021	163
2022	170
2023	158
2024	153
2025	150
2026	172
2027	164
2028	162
2029	156
2030	170
2031	137
2032	175
2033	171
2034	133
2035	151
2036	151
2037	175
2038	133
2039	134
2040	137
2041	157
2042	166
2043	142
2044	156
2045	149
2046	147
2047	151
2048	157
2049	143
2050	186
2051	162
2052	167
2053	139
2054	142
2055	154
2056	168
2057	158
2058	135
2059	169
2060	158
2061	132
2062	141
2063	169
2064	151
2065	152
2066	164
2067	145
2068	176
2069	158
2070	151
2071	154
2072	143
2073	139
2074	167
2075	160
2076	135
2077	166
2078	150
2079	174
2080	155
2081	147
2082	149
2083	143
2084	164
2085	147
2086	141
2087	142
2088	126
2089	158
2090	140
2091	142
2092	133
2093	158
2094	140
2095	148
2096	156
2097	153
2098	146
2099	164
2100	164
2101	132
2102	162
2103	144
2104	167
2105	148
2106	164
2107	148
2108	134
2109	152
2110	158
2111	153
2112	138
2113	156
2114	153
2115	131
2116	146
2117	132
2118	147
2119	152
2120	157
2121	153
2122	153
2123	160
2124	147
2125	149
2126	136
2127	152
2128	138
2129	136
2130	124
2131	158
2132	147
2133	131
2134	151
2135	165
2136	145
2137	138
2138	143
2139	155
2140	133
2141	158
2142	129
2143	141
2144	139
2145	139
2146	147
2147	154
2148	141
2149	137
2150	169
2151	140
2152	127
2153	130
2154	138
2155	132
2156	141
2157	124
2158	126
2159	146
2160	166
2161	140
2162	152
2163	158
2164	170
2165	154
2166	140
2167	142
2168	143
2169	136
2170	152
2171	151
2172	140
2173	142
2174	147
2175	153
2176	150
2177	140
2178	149
2179	139
2180	150
2181	129
2182	135
2183	159
2184	107
2185	142
2186	144
2187	133
2188	136
2189	130
2190	128
2191	145
2192	155
2193	144
2194	136
2195	148
2196	137
2197	147
2198	134
2199	141
2200	117
2201	140
2202	145
2203	153
2204	120
2205	150
2206	140
2207	134
2208	144
2209	139
2210	143
2211	154
2212	139
2213	124
2214	129
2215	143
2216	140
2217	140
2218	153
2219	126
2220	145
2221	131
2222	134
2223	145
2224	125
2225	133
2226	122
2227	126
2228	129
2229	147
2230	138
2231	133
2232	150
2233	153
2234	131
2235	139
2236	148
2237	129
2238	138
2239	129
2240	142
2241	125
2242	141
2243	148
2244	134
2245	145
2246	133
2247	138
2248	133
2249	113
2250	154
2251	143
2252	120
2253	141
2254	119
2255	125
2256	143
2257	133
2258	134
2259	130
2260	115
2261	141
2262	143
2263	128
2264	135
2265	134
2266	104
2267	105
2268	122
2269	132
2270	144
2271	131
2272	137
2273	132
2274	122
2275	108
2276	131
2277	131
2278	129
2279	196
2280	177
2281	204
2282	199
2283	207
2284	206
2285	197
2286	165
2287	153
2288	149
2289	146
2290	120
2291	133
2292	117
2293	131
2294	106
2295	109
2296	128
2297	136
2298	135
2299	126
2300	120
2301	131
2302	127
2303	133
2304	114
2305	120
2306	145
2307	123
2308	120
2309	142
2310	104
2311	136
2312	135
2313	128
2314	121
2315	125
2316	138
2317	120
2318	131
2319	137
2320	123
2321	136
2322	135
2323	108
2324	118
2325	160
2326	132
2327	124
2328	112
2329	115
2330	107
2331	105
2332	138
2333	116
2334	114
2335	119
2336	125
2337	126
2338	118
2339	120
2340	129
2341	122
2342	117
2343	116
2344	120
2345	114
2346	98
2347	150
2348	132
2349	131
2350	137
2351	130
2352	137
2353	121
2354	126
2355	131
2356	127
2357	123
2358	137
2359	155
2360	141
2361	150
2362	127
2363	104
2364	114
2365	145
2366	132
2367	133
2368	134
2369	134
2370	114
2371	112
2372	95
2373	148
2374	103
2375	126
2376	121
2377	128
2378	111
2379	128
2380	119
2381	127
2382	110
2383	124
2384	113
2385	137
2386	106
2387	113
2388	116
2389	133
2390	121
2391	90
2392	106
2393	113
2394	140
2395	117
2396	122
2397	122
2398	114
2399	120
2400	134
2401	119
2402	125
2403	138
2404	108
2405	112
2406	134
2407	127
2408	116
2409	124
2410	105
2411	118
2412	132
2413	108
2414	121
2415	97
2416	107
2417	112
2418	110
2419	114
2420	107
2421	130
2422	106
2423	103
2424	121
2425	106
2426	130
2427	103
2428	117
2429	123
2430	106
2431	101
2432	122
2433	103
2434	119
2435	95
2436	102
2437	102
2438	120
2439	125
2440	88
2441	102
2442	102
2443	113
2444	112
2445	113
2446	108
2447	123
2448	118
2449	119
2450	101
2451	120
2452	105
2453	133
2454	106
2455	137
2456	101
2457	106
2458	117
2459	127
2460	93
2461	98
2462	111
2463	112
2464	120
2465	126
2466	99
2467	100
2468	110
2469	138
2470	120
2471	115
2472	108
2473	117
2474	118
2475	100
2476	115
2477	127
2478	99
2479	126
2480	102
2481	117
2482	105
2483	113
2484	112
2485	123
2486	121
2487	131
2488	108
2489	109
2490	112
2491	93
2492	117
2493	106
2494	115
2495	112
2496	115
2497	107
2498	104
2499	110
2500	103
2501	99
2502	105
2503	118
2504	109
2505	114
2506	127
2507	109
2508	134
2509	123
2510	121
2511	132
2512	157
2513	193
2514	179
2515	225
2516	247
2517	295
2518	300
2519	392
2520	417
2521	435
2522	392
2523	367
2524	334
2525	326
2526	236
2527	239
2528	205
2529	177
2530	152
2531	168
2532	140
2533	134
2534	122
2535	99
2536	115
2537	128
2538	107
2539	129
2540	130
2541	104
2542	115
2543	124
2544	119
2545	117
2546	86
2547	88
2548	103
2549	106
2550	117
2551	100
2552	101
2553	98
2554	109
2555	107
2556	125
2557	96
2558	102
2559	111
2560	113
2561	115
2562	100
2563	93
2564	112
2565	106
2566	92
2567	105
2568	102
2569	109
2570	110
2571	88
2572	102
2573	101
2574	109
2575	114
2576	83
2577	100
2578	100
2579	105
2580	97
2581	114
2582	97
2583	99
2584	102
2585	100
2586	102
2587	89
2588	104
2589	125
2590	98
2591	97
2592	93
2593	97
2594	88
2595	117
2596	90
2597	111
2598	99
2599	103
2600	112
2601	90
2602	115
2603	98
2604	107
2605	105
2606	113
2607	98
2608	115
2609	102
2610	101
2611	99
2612	86
2613	86
2614	103
2615	110
2616	101
2617	97
2618	84
2619	109
2620	94
2621	104
2622	89
2623	113
2624	92
2625	113
2626	110
2627	91
2628	95
2629	92
2630	108
2631	90
2632	93
2633	95
2634	90
2635	104
2636	97
2637	113
2638	104
2639	115
2640	102
2641	101
2642	123
2643	107
2644	86
2645	85
2646	86
2647	87
2648	100
2649	106
2650	90
2651	106
2652	92
2653	86
2654	106
2655	103
2656	97
2657	105
2658	94
2659	91
2660	90
2661	101
2662	96
2663	93
2664	102
2665	105
2666	105
2667	86
2668	75
2669	102
2670	94
2671	97
2672	103
2673	106
2674	106
2675	92
2676	88
2677	86
2678	111
2679	109
2680	111
2681	96
2682	117
2683	100
2684	82
2685	71
2686	92
2687	79
2688	100
2689	95
2690	102
2691	103
2692	79
2693	95
2694	106
2695	105
2696	94
2697	93
2698	101
2699	90
2700	91
2701	91
2702	92
2703	112
2704	91
2705	93
2706	96
2707	85
2708	101
2709	103
2710	102
2711	98
2712	104
2713	96
2714	105
2715	103
2716	101
2717	122
2718	96
2719	94
2720	88
2721	88
2722	94
2723	94
2724	85
2725	93
2726	97
2727	104
2728	115
2729	112
2730	103
2731	84
2732	97
2733	94
2734	90
2735	95
2736	84
2737	103
2738	106
2739	90
2740	106
2741	82
2742	129
2743	84
2744	87
2745	104
2746	98
2747	116
2748	78
2749	93
2750	78
2751	108
2752	86
2753	102
2754	94
2755	105
2756	92
2757	89
2758	91
2759	102
2760	93
2761	82
2762	84
2763	90
2764	96
2765	101
2766	93
2767	89
2768	102
2769	94
2770	110
2771	81
2772	94
2773	102
2774	101
2775	110
2776	102
2777	80
2778	87
2779	106
2780	108
2781	113
2782	91
2783	94
2784	96
2785	93
2786	90
2787	95
2788	96
2789	102
2790	89
2791	95
2792	92
2793	83
2794	81
2795	79
2796	105
2797	97
2798	102
2799	102
2800	97
2801	77
2802	103
2803	93
2804	92
2805	68
2806	106
2807	100
2808	86
2809	71
2810	87
2811	80
2812	101
2813	77
2814	115
2815	99
2816	101
2817	89
2818	83
2819	89
2820	84
2821	94
2822	98
2823	88
2824	95
2825	99
2826	70
2827	98
2828	100
2829	98
2830	98
2831	105
2832	87
2833	107
2834	70
2835	88
2836	91
2837	85
2838	77
2839	94
2840	96
2841	96
2842	77
2843	100
2844	90
2845	95
2846	85
2847	87
2848	104
2849	97
2850	106
2851	81
2852	94
2853	102
2854	73
2855	97
2856	108
2857	82
2858	92
2859	87
2860	85
2861	82
2862	93
2863	81
2864	85
2865	81
2866	94
2867	103
2868	111
2869	98
2870	103
2871	90
2872	93
2873	94
2874	116
2875	114
2876	170
2877	252
2878	325
2879	415
2880	513
2881	522
2882	546
2883	466
2884	384
2885	296
2886	207
2887	131
2888	91
2889	108
2890	88
2891	71
2892	96
2893	73
2894	97
2895	109
2896	96
2897	119
2898	74
2899	83
2900	110
2901	94
2902	90
2903	81
2904	73
2905	82
2906	82
2907	82
2908	86
2909	88
2910	72
2911	80
2912	92
2913	85
2914	78
2915	98
2916	89
2917	91
2918	94
2919	74
2920	75
2921	80
2922	91
2923	74
2924	81
2925	79
2926	65
2927	94
2928	80
2929	96
2930	95
2931	89
2932	86
2933	78
2934	100
2935	73
2936	97
2937	97
2938	87
2939	93
2940	77
2941	85
2942	77
2943	94
2944	78
2945	86
2946	77
2947	73
2948	95
2949	93
2950	86
2951	81
2952	83
2953	94
2954	77
2955	84
2956	91
2957	79
2958	89
2959	86
2960	82
2961	83
2962	74
2963	85
2964	89
2965	105
2966	82
2967	77
2968	99
2969	82
2970	93
2971	84
2972	81
2973	86
2974	96
2975	83
2976	89
2977	86
2978	93
2979	82
2980	105
2981	85
2982	79
2983	99
2984	57
2985	82
2986	92
2987	74
2988	101
2989	82
2990	88
2991	87
2992	73
2993	86
2994	84
2995	102
2996	69
2997	81
2998	86
2999	94
3000	99
3001	104
3002	85
3003	109
3004	114
3005	139
3006	181
3007	265
3008	364
3009	484
3010	597
3011	676
3012	625
3013	507
3014	408
3015	338
3016	223
3017	169
3018	100
3019	89
3020	89
3021	78
3022	95
3023	82
3024	73
3025	81
3026	68
3027	80
3028	85
3029	74
3030	74
3031	72
3032	84
3033	90
3034	80
3035	81
3036	70
3037	87
3038	80
3039	79
3040	73
3041	100
3042	97
3043	91
3044	87
3045	75
3046	84
3047	77
3048	93
3049	87
3050	96
3051	79
3052	75
3053	78
3054	67
3055	72
3056	79
3057	70
3058	79
3059	80
3060	87
3061	92
3062	80
3063	82
3064	93
3065	70
3066	73
3067	95
3068	72
3069	76
3070	84
3071	82
3072	73
3073	81
3074	66
3075	71
3076	74
3077	91
3078	72
3079	78
3080	93
3081	83
3082	100
3083	79
3084	65
3085	75
3086	50
3087	85
3088	74
3089	85
3090	73
3091	80
3092	79
3093	67
3094	73
3095	73
3096	71
3097	79
3098	93
3099	80
3100	73
3101	84
3102	84
3103	72
3104	81
3105	77
3106	67
3107	80
3108	64
3109	83
3110	89
3111	94
3112	88
3113	79
3114	81
3115	67
3116	77
3117	92
3118	81
3119	73
3120	66
3121	83
3122	80
3123	85
3124	80
3125	70
3126	74
3127	78
3128	83
3129	60
3130	90
3131	91
3132	72
3133	70
3134	88
3135	76
3136	83
3137	80
3138	81
3139	76
3140	69
3141	68
3142	83
3143	69
3144	81
3145	83
3146	75
3147	89
3148	78
3149	69
3150	80
3151	82
3152	74
3153	68
3154	81
3155	85
3156	77
3157	87
3158	80
3159	107
3160	80
3161	78
3162	77
3163	88
3164	64
3165	82
3166	79
3167	85
3168	83
3169	74
3170	79
3171	77
3172	70
3173	91
3174	83
3175	74
3176	73
3177	71
3178	77
3179	76
3180	86
3181	67
3182	69
3183	78
3184	55
3185	72
3186	87
3187	67
3188	90
3189	76
3190	81
3191	78
3192	83
3193	79
3194	80
3195	84
3196	80
3197	78
3198	90
3199	80
3200	87
3201	95
3202	82
3203	69
3204	82
3205	69
3206	99
3207	92
3208	90
3209	67
3210	65
3211	76
3212	95
3213	80
3214	86
3215	85
3216	74
3217	90
3218	77
3219	87
3220	78
3221	71
3222	77
3223	88
3224	85
3225	79
3226	96
3227	78
3228	89
3229	73
3230	80
3231	73
3232	91
3233	78
3234	93
3235	65
3236	57
3237	75
3238	78
3239	81
3240	94
3241	76
3242	87
3243	80
3244	90
3245	60
3246	78
3247	75
3248	78
3249	74
3250	87
3251	91
3252	77
3253	81
3254	76
3255	68
3256	80
3257	84
3258	72
3259	79
3260	69
3261	82
3262	73
3263	94
3264	115
3265	130
3266	187
3267	262
3268	408
3269	531
3270	687
3271	836
3272	839
3273	750
3274	599
3275	472
3276	362
3277	213
3278	141
3279	110
3280	77
3281	87
3282	62
3283	54
3284	61
3285	81
3286	79
3287	59
3288	71
3289	87
3290	80
3291	95
3292	95
3293	88
3294	81
3295	66
3296	62
3297	74
3298	68
3299	83
3300	57
3301	71
3302	64
3303	65
3304	69
3305	55
3306	60
3307	61
3308	69
3309	64
3310	59
3311	60
3312	71
3313	72
3314	68
3315	64
3316	65
3317	66
3318	67
3319	71
3320	69
3321	72
3322	62
3323	67
3324	57
3325	72
3326	63
3327	58
3328	64
3329	72
3330	63
3331	65
3332	64
3333	71
3334	69
3335	64
3336	63
3337	78
3338	56
3339	71
3340	72
3341	64
3342	77
3343	60
3344	64
3345	74
3346	71
3347	70
3348	73
3349	77
3350	75
3351	74
3352	63
3353	58
3354	55
3355	52
3356	43
3357	60
3358	61
3359	55
3360	58
3361	61
3362	83
3363	61
3364	57
3365	55
3366	79
3367	72
3368	67
3369	74
3370	64
3371	60
3372	71
3373	77
3374	88
3375	62
3376	62
3377	62
3378	68
3379	62
3380	55
3381	75
3382	63
3383	69
3384	53
3385	66
3386	75
3387	52
3388	56
3389	80
3390	62
3391	70
3392	68
3393	58
3394	63
3395	63
3396	69
3397	64
3398	55
3399	51
3400	73
3401	66
3402	72
3403	71
3404	72
3405	78
3406	73
3407	45
3408	59
3409	71
3410	62
3411	55
3412	70
3413	71
3414	57
3415	73
3416	52
3417	66
3418	50
3419	59
3420	63
3421	69
3422	67
3423	72
3424	55
3425	61
3426	62
3427	62
3428	66
3429	67
3430	70
3431	58
3432	81
3433	69
3434	73
3435	54
3436	62
3437	57
3438	82
3439	53
3440	62
3441	77
3442	63
3443	56
3444	51
3445	67
3446	59
3447	56
3448	57
3449	50
3450	78
3451	71
3452	64
3453	72
3454	57
3455	64
3456	75
3457	53
3458	66
3459	59
3460	63
3461	70
3462	56
3463	62
3464	68
3465	54
3466	62
3467	82
3468	59
3469	68
3470	83
3471	72
3472	56
3473	62
3474	78
3475	70
3476	74
3477	71
3478	63
3479	68
3480	67
3481	64
3482	45
3483	73
3484	67
3485	76
3486	53
3487	56
3488	69
3489	70
3490	67
3491	70
3492	56
3493	56
3494	86
3495	52
3496	70
3497	56
3498	60
3499	65
3500	58
3501	57
3502	66
3503	81
3504	83
3505	58
3506	64
3507	47
3508	62
3509	70
3510	64
3511	60
3512	63
3513	57
3514	67
3515	64
3516	47
3517	64
3518	58
3519	58
3520	60
3521	65
3522	72
3523	66
3524	64
3525	72
3526	51
3527	58
3528	59
3529	63
3530	67
3531	68
3532	51
3533	62
3534	58
3535	57
3536	64
3537	66
3538	61
3539	57
3540	59
3541	62
3542	66
3543	54
3544	58
3545	45
3546	62
3547	67
3548	58
3549	58
3550	64
3551	64
3552	58
3553	54
3554	69
3555	67
3556	61
3557	72
3558	57
3559	70
3560	71
3561	69
3562	76
3563	57
3564	59
3565	63
3566	56
3567	69
3568	64
3569	46
3570	44
3571	60
3572	69
3573	59
3574	57
3575	68
3576	52
3577	57
3578	68
3579	71
3580	59
3581	58
3582	54
3583	58
3584	53
3585	57
3586	78
3587	61
3588	67
3589	57
3590	71
3591	64
3592	73
3593	85
3594	100
3595	127
3596	132
3597	146
3598	142
3599	137
3600	174
3601	117
3602	106
3603	97
3604	85
3605	74
3606	62
3607	63
3608	59
3609	64
3610	71
3611	73
3612	53
3613	54
3614	65
3615	53
3616	63
3617	67
3618	56
3619	41
3620	55
3621	68
3622	57
3623	55
3624	53
3625	56
3626	62
3627	52
3628	49
3629	58
3630	51
3631	54
3632	50
3633	57
3634	65
3635	61
3636	48
3637	48
3638	63
3639	60
3640	53
3641	47
3642	70
3643	49
3644	57
3645	61
3646	75
3647	70
3648	59
3649	47
3650	54
3651	58
3652	49
3653	52
3654	61
3655	45
3656	51
3657	59
3658	62
3659	53
3660	63
3661	52
3662	59
3663	60
3664	64
3665	59
3666	50
3667	56
3668	67
3669	66
3670	54
3671	68
3672	66
3673	60
3674	63
3675	64
3676	59
3677	63
3678	59
3679	55
3680	54
3681	64
3682	65
3683	58
3684	63
3685	68
3686	64
3687	63
3688	45
3689	63
3690	43
3691	55
3692	58
3693	54
3694	51
3695	52
3696	69
3697	54
3698	44
3699	50
3700	51
3701	55
3702	61
3703	59
3704	59
3705	49
3706	71
3707	61
3708	61
3709	46
3710	59
3711	60
3712	65
3713	51
3714	54
3715	68
3716	51
3717	63
3718	69
3719	51
3720	45
3721	50
3722	59
3723	62
3724	68
3725	44
3726	61
3727	43
3728	55
3729	62
3730	61
3731	68
3732	45
3733	55
3734	65
3735	70
3736	71
3737	61
3738	69
3739	61
3740	60
3741	77
3742	57
3743	47
3744	56
3745	70
3746	37
3747	54
3748	50
3749	64
3750	55
3751	52
3752	68
3753	59
3754	56
3755	65
3756	72
3757	59
3758	57
3759	49
3760	52
3761	52
3762	54
3763	67
3764	63
3765	53
3766	58
3767	54
3768	46
3769	54
3770	54
3771	52
3772	51
3773	48
3774	46
3775	68
3776	62
3777	66
3778	59
3779	77
3780	63
3781	48
3782	64
3783	71
3784	58
3785	68
3786	65
3787	53
3788	56
3789	66
3790	60
3791	59
3792	63
3793	62
3794	61
3795	59
3796	56
3797	64
3798	74
3799	83
3800	92
3801	81
3802	110
3803	88
3804	102
3805	88
3806	72
3807	77
3808	66
3809	61
3810	63
3811	52
3812	49
3813	44
3814	57
3815	50
3816	45
3817	50
3818	64
3819	65
3820	62
3821	64
3822	83
3823	85
3824	67
3825	67
3826	57
3827	58
3828	54
3829	57
3830	48
3831	49
3832	50
3833	62
3834	54
3835	51
3836	47
3837	50
3838	54
3839	44
3840	60
3841	64
3842	49
3843	61
3844	61
3845	43
3846	44
3847	53
3848	63
3849	48
3850	46
3851	49
3852	45
3853	48
3854	51
3855	43
3856	49
3857	52
3858	59
3859	66
3860	58
3861	50
3862	43
3863	51
3864	42
3865	49
3866	50
3867	57
3868	41
3869	57
3870	61
3871	50
3872	57
3873	62
3874	54
3875	53
3876	59
3877	61
3878	56
3879	50
3880	47
3881	52
3882	52
3883	57
3884	56
3885	59
3886	64
3887	78
3888	72
3889	86
3890	73
3891	69
3892	66
3893	70
3894	60
3895	44
3896	66
3897	62
3898	54
3899	60
3900	54
3901	43
3902	42
3903	62
3904	52
3905	46
3906	50
3907	55
3908	44
3909	54
3910	46
3911	48
3912	50
3913	45
3914	45
3915	60
3916	67
3917	47
3918	38
3919	58
3920	53
3921	54
3922	50
3923	47
3924	45
3925	58
3926	57
3927	60
3928	49
3929	56
3930	65
3931	82
3932	69
3933	91
3934	109
3935	99
3936	104
3937	88
3938	87
3939	82
3940	65
3941	76
3942	53
3943	61
3944	49
3945	51
3946	37
3947	57
3948	42
3949	34
3950	60
3951	48
3952	48
3953	45
3954	53
3955	46
3956	51
3957	50
3958	46
3959	43
3960	49
3961	42
3962	53
3963	53
3964	50
3965	50
3966	43
3967	53
3968	47
3969	45
3970	44
3971	46
3972	46
3973	51
3974	52
3975	52
3976	48
3977	45
3978	49
3979	46
3980	39
3981	56
3982	67
3983	45
3984	44
3985	50
3986	41
3987	47
3988	58
3989	60
3990	63
3991	67
3992	59
3993	51
3994	61
3995	66
3996	63
3997	43
3998	52
3999	59
4000	59
4001	54
4002	44
4003	49
4004	62
4005	57
4006	49
4007	42
4008	43
4009	36
4010	58
4011	55
4012	45
4013	58
4014	52
4015	47
4016	53
4017	50
4018	52
4019	37
4020	46
4021	39
4022	48
4023	47
4024	47
4025	52
4026	55
4027	50
4028	60
4029	43
4030	45
4031	54
4032	47
4033	52
4034	40
4035	58
4036	54
4037	44
4038	45
4039	56
4040	48
4041	41
4042	40
4043	56
4044	48
4045	49
4046	52
4047	44
4048	42
4049	44
4050	63
4051	44
4052	56
4053	47
4054	44
4055	53
4056	49
4057	52
4058	55
4059	62
4060	41
4061	47
4062	35
4063	50
4064	38
4065	48
4066	44
4067	42
4068	50
4069	56
4070	42
4071	58
4072	51
4073	42
4074	38
4075	45
4076	50
4077	35
4078	48
4079	47
4080	57
4081	48
4082	55
4083	49
4084	48
4085	40
4086	49
4087	48
4088	62
4089	61
4090	47
4091	53
4092	48
4093	47
4094	45
4095	45
4096	42
4097	47
4098	67
4099	50
4100	47
4101	49
4102	52
4103	48
4104	58
4105	50
4106	40
4107	33
4108	42
4109	36
4110	54
4111	58
4112	69
4113	60
4114	59
4115	57
4116	55
4117	41
4118	52
4119	48
4120	49
4121	50
4122	47
4123	44
4124	50
4125	50
4126	46
4127	36
4128	46
4129	49
4130	44
4131	50
4132	55
4133	48
4134	59
4135	62
4136	62
4137	67
4138	76
4139	70
4140	76
4141	71
4142	50
4143	36
4144	35
4145	52
4146	46
4147	60
4148	50
4149	37
4150	67
4151	48
4152	60
4153	48
4154	60
4155	64
4156	53
4157	49
4158	54
4159	48
4160	58
4161	69
4162	59
4163	51
4164	57
4165	51
4166	36
4167	50
4168	42
4169	52
4170	56
4171	40
4172	55
4173	40
4174	49
4175	41
4176	43
4177	45
4178	52
4179	49
4180	48
4181	41
4182	49
4183	31
4184	33
4185	36
4186	44
4187	46
4188	43
4189	47
4190	34
4191	53
4192	57
4193	58
4194	48
4195	40
4196	40
4197	55
4198	41
4199	33
4200	47
4201	49
4202	45
4203	44
4204	49
4205	54
4206	42
4207	38
4208	31
4209	53
4210	38
4211	53
4212	51
4213	49
4214	45
4215	62
4216	42
4217	38
4218	61
4219	43
4220	48
4221	55
4222	57
4223	47
4224	43
4225	47
4226	44
4227	48
4228	39
4229	55
4230	39
4231	48
4232	41
4233	50
4234	52
4235	50
4236	54
4237	46
4238	48
4239	58
4240	35
4241	38
4242	53
4243	53
4244	31
4245	45
4246	43
4247	45
4248	32
4249	53
4250	48
4251	63
4252	30
4253	50
4254	58
4255	43
4256	50
4257	74
4258	66
4259	89
4260	86
4261	88
4262	95
4263	87
4264	93
4265	56
4266	65
4267	59
4268	49
4269	50
4270	58
4271	47
4272	55
4273	35
4274	53
4275	48
4276	42
4277	54
4278	45
4279	44
4280	35
4281	40
4282	45
4283	44
4284	39
4285	54
4286	38
4287	39
4288	46
4289	39
4290	51
4291	42
4292	43
4293	46
4294	42
4295	43
4296	38
4297	41
4298	41
4299	47
4300	38
4301	42
4302	41
4303	34
4304	48
4305	42
4306	48
4307	44
4308	54
4309	33
4310	59
4311	39
4312	50
4313	38
4314	46
4315	35
4316	56
4317	46
4318	45
4319	37
4320	44
4321	43
4322	44
4323	49
4324	44
4325	50
4326	43
4327	49
4328	35
4329	47
4330	35
4331	35
4332	41
4333	57
4334	42
4335	55
4336	51
4337	47
4338	38
4339	42
4340	41
4341	50
4342	45
4343	33
4344	49
4345	40
4346	54
4347	47
4348	39
4349	49
4350	43
4351	49
4352	55
4353	53
4354	41
4355	39
4356	47
4357	47
4358	38
4359	58
4360	38
4361	50
4362	39
4363	44
4364	52
4365	47
4366	46
4367	42
4368	47
4369	45
4370	29
4371	48
4372	33
4373	41
4374	45
4375	37
4376	42
4377	38
4378	45
4379	53
4380	36
4381	42
4382	49
4383	32
4384	36
4385	34
4386	35
4387	42
4388	37
4389	39
4390	36
4391	34
4392	40
4393	42
4394	34
4395	41
4396	50
4397	48
4398	53
4399	41
4400	48
4401	33
4402	41
4403	48
4404	41
4405	47
4406	39
4407	44
4408	39
4409	40
4410	49
4411	40
4412	42
4413	41
4414	44
4415	42
4416	37
4417	44
4418	43
4419	55
4420	44
4421	42
4422	49
4423	42
4424	37
4425	29
4426	45
4427	41
4428	45
4429	33
4430	48
4431	53
4432	39
4433	38
4434	38
4435	39
4436	53
4437	53
4438	42
4439	46
4440	40
4441	37
4442	36
4443	46
4444	37
4445	43
4446	35
4447	37
4448	48
4449	36
4450	38
4451	36
4452	37
4453	49
4454	36
4455	33
4456	50
4457	40
4458	51
4459	46
4460	53
4461	42
4462	51
4463	54
4464	48
4465	49
4466	37
4467	52
4468	50
4469	39
4470	35
4471	54
4472	47
4473	49
4474	48
4475	45
4476	56
4477	55
4478	46
4479	59
4480	58
4481	51
4482	41
4483	45
4484	58
4485	44
4486	27
4487	58
4488	43
4489	50
4490	43
4491	42
4492	40
4493	40
4494	56
4495	34
4496	32
4497	45
4498	37
4499	39
4500	44
4501	47
4502	62
4503	48
4504	40
4505	44
4506	57
4507	80
4508	89
4509	137
4510	183
4511	228
4512	282
4513	292
4514	334
4515	385
4516	321
4517	277
4518	197
4519	169
4520	118
4521	88
4522	64
4523	46
4524	51
4525	50
4526	48
4527	34
4528	51
4529	45
4530	40
4531	38
4532	37
4533	49
4534	32
4535	32
4536	41
4537	36
4538	52
4539	43
4540	45
4541	51
4542	40
4543	45
4544	37
4545	42
4546	42
4547	44
4548	40
4549	42
4550	39
4551	36
4552	40
4553	38
4554	39
4555	41
4556	36
4557	34
4558	36
4559	37
4560	49
4561	37
4562	41
4563	36
4564	41
4565	37
4566	37
4567	57
4568	38
4569	31
4570	49
4571	46
4572	41
4573	33
4574	39
4575	48
4576	28
4577	52
4578	24
4579	33
4580	35
4581	48
4582	49
4583	28
4584	39
4585	42
4586	40
4587	45
4588	51
4589	40
4590	40
4591	39
4592	47
4593	62
4594	51
4595	29
4596	31
4597	48
4598	35
4599	53
4600	32
4601	42
4602	44
4603	43
4604	43
4605	43
4606	42
4607	32
4608	39
4609	37
4610	46
4611	45
4612	33
4613	28
4614	37
4615	27
4616	28
4617	42
4618	45
4619	36
4620	50
4621	43
4622	40
4623	37
4624	50
4625	51
4626	65
4627	58
4628	67
4629	61
4630	62
4631	59
4632	44
4633	45
4634	46
4635	40
4636	53
4637	36
4638	35
4639	27
4640	40
4641	37
4642	34
4643	49
4644	29
4645	50
4646	37
4647	39
4648	40
4649	37
4650	44
4651	37
4652	36
4653	40
4654	43
4655	36
4656	53
4657	32
4658	27
4659	32
4660	34
4661	42
4662	36
4663	43
4664	48
4665	40
4666	44
4667	38
4668	48
4669	37
4670	38
4671	44
4672	50
4673	36
4674	49
4675	48
4676	39
4677	39
4678	45
4679	48
4680	46
4681	48
4682	36
4683	38
4684	40
4685	37
4686	53
4687	45
4688	51
4689	32
4690	48
4691	51
4692	39
4693	46
4694	36
4695	39
4696	34
4697	44
4698	45
4699	36
4700	48
4701	44
4702	45
4703	42
4704	44
4705	51
4706	42
4707	51
4708	49
4709	43
4710	35
4711	43
4712	45
4713	48
4714	41
4715	50
4716	39
4717	38
4718	39
4719	35
4720	41
4721	34
4722	33
4723	32
4724	47
4725	41
4726	41
4727	43
4728	45
4729	47
4730	40
4731	41
4732	32
4733	35
4734	42
4735	44
4736	56
4737	45
4738	35
4739	41
4740	37
4741	28
4742	42
4743	43
4744	44
4745	33
4746	37
4747	38
4748	40
4749	33
4750	50
4751	39
4752	42
4753	35
4754	45
4755	43
4756	32
4757	38
4758	45
4759	39
4760	32
4761	46
4762	40
4763	33
4764	37
4765	56
4766	37
4767	39
4768	45
4769	44
4770	32
4771	47
4772	49
4773	49
4774	48
4775	55
4776	62
4777	70
4778	80
4779	88
4780	116
4781	105
4782	84
4783	93
4784	96
4785	85
4786	41
4787	68
4788	46
4789	35
4790	34
4791	32
4792	49
4793	46
4794	47
4795	56
4796	72
4797	65
4798	115
4799	112
4800	181
4801	194
4802	214
4803	217
4804	189
4805	170
4806	148
4807	108
4808	102
4809	65
4810	50
4811	45
4812	49
4813	39
4814	33
4815	31
4816	49
4817	28
4818	39
4819	36
4820	43
4821	46
4822	40
4823	39
4824	35
4825	41
4826	29
4827	38
4828	34
4829	32
4830	50
4831	43
4832	39
4833	36
4834	29
4835	48
4836	42
4837	44
4838	29
4839	43
4840	43
4841	42
4842	44
4843	36
4844	45
4845	42
4846	46
4847	47
4848	39
4849	39
4850	50
4851	36
4852	35
4853	43
4854	46
4855	41
4856	32
4857	34
4858	35
4859	40
4860	55
4861	26
4862	27
4863	40
4864	31
4865	32
4866	45
4867	37
4868	33
4869	36
4870	53
4871	51
4872	33
4873	38
4874	44
4875	41
4876	38
4877	40
4878	38
4879	34
4880	35
4881	36
4882	41
4883	46
4884	45
4885	41
4886	36
4887	33
4888	38
4889	31
4890	35
4891	29
4892	40
4893	42
4894	34
4895	35
4896	32
4897	36
4898	38
4899	46
4900	47
4901	36
4902	45
4903	37
4904	33
4905	33
4906	39
4907	28
4908	50
4909	34
4910	41
4911	42
4912	30
4913	36
4914	36
4915	37
4916	31
4917	26
4918	34
4919	37
4920	41
4921	32
4922	43
4923	33
4924	30
4925	28
4926	36
4927	40
4928	38
4929	39
4930	32
4931	28
4932	45
4933	47
4934	33
4935	38
4936	45
4937	31
4938	34
4939	38
4940	39
4941	39
4942	41
4943	32
4944	33
4945	46
4946	45
4947	37
4948	39
4949	25
4950	39
4951	33
4952	39
4953	43
4954	41
4955	43
4956	42
4957	47
4958	40
4959	39
4960	36
4961	46
4962	67
4963	48
4964	53
4965	42
4966	42
4967	32
4968	49
4969	39
4970	31
4971	33
4972	27
4973	40
4974	28
4975	30
4976	45
4977	22
4978	43
4979	33
4980	26
4981	34
4982	33
4983	39
4984	27
4985	32
4986	38
4987	29
4988	43
4989	34
4990	41
4991	35
4992	34
4993	37
4994	48
4995	47
4996	40
4997	25
4998	47
4999	41
5000	31
5001	48
5002	33
5003	43
5004	34
5005	31
5006	30
5007	42
5008	43
5009	30
5010	38
5011	43
5012	39
5013	33
5014	39
5015	47
5016	42
5017	40
5018	33
5019	29
5020	37
5021	43
5022	32
5023	52
5024	35
5025	30
5026	41
5027	39
5028	44
5029	32
5030	47
5031	30
5032	40
5033	37
5034	35
5035	33
5036	27
5037	46
5038	46
5039	26
5040	45
5041	37
5042	34
5043	25
5044	37
5045	34
5046	45
5047	51
5048	37
5049	51
5050	39
5051	43
5052	31
5053	38
5054	35
5055	32
5056	36
5057	29
5058	42
5059	30
5060	32
5061	34
5062	42
5063	33
5064	38
5065	30
5066	28
5067	33
5068	42
5069	36
5070	39
5071	45
5072	49
5073	41
5074	32
5075	45
5076	40
5077	31
5078	31
5079	42
5080	45
5081	34
5082	29
5083	46
5084	32
5085	37
5086	46
5087	29
5088	27
5089	36
5090	37
5091	38
5092	32
5093	32
5094	43
5095	32
5096	31
5097	33
5098	38
5099	44
5100	30
5101	33
5102	38
5103	47
5104	34
5105	31
5106	29
5107	33
5108	26
5109	50
5110	32
5111	38
5112	36
5113	35
5114	37
5115	34
5116	41
5117	40
5118	36
5119	42
5120	45
5121	43
5122	36
5123	39
5124	26
5125	43
5126	39
5127	51
5128	38
5129	36
5130	41
5131	42
5132	33
5133	35
5134	44
5135	34
5136	45
5137	25
5138	54
5139	34
5140	27
5141	47
5142	45
5143	36
5144	37
5145	39
5146	37
5147	38
5148	45
5149	34
5150	47
5151	39
5152	25
5153	36
5154	37
5155	41
5156	38
5157	37
5158	25
5159	39
5160	45
5161	27
5162	29
5163	28
5164	30
5165	33
5166	37
5167	46
5168	35
5169	41
5170	41
5171	34
5172	34
5173	39
5174	38
5175	49
5176	32
5177	30
5178	32
5179	47
5180	40
5181	34
5182	40
5183	32
5184	40
5185	39
5186	37
5187	36
5188	29
5189	28
5190	24
5191	34
5192	41
5193	24
5194	35
5195	42
5196	35
5197	38
5198	39
5199	37
5200	35
5201	33
5202	32
5203	27
5204	43
5205	34
5206	36
5207	37
5208	31
5209	33
5210	33
5211	37
5212	43
5213	34
5214	32
5215	43
5216	47
5217	46
5218	38
5219	30
5220	44
5221	31
5222	35
5223	40
5224	40
5225	37
5226	32
5227	53
5228	38
5229	37
5230	39
5231	29
5232	31
5233	40
5234	29
5235	33
5236	31
5237	33
5238	29
5239	31
5240	32
5241	24
5242	41
5243	40
5244	34
5245	26
5246	24
5247	42
5248	32
5249	34
5250	35
5251	30
5252	39
5253	37
5254	45
5255	31
5256	41
5257	30
5258	38
5259	32
5260	49
5261	44
5262	38
5263	33
5264	25
5265	35
5266	33
5267	27
5268	44
5269	35
5270	36
5271	43
5272	39
5273	36
5274	33
5275	29
5276	22
5277	32
5278	46
5279	32
5280	43
5281	40
5282	39
5283	38
5284	33
5285	39
5286	31
5287	43
5288	38
5289	36
5290	39
5291	30
5292	35
5293	37
5294	31
5295	38
5296	33
5297	32
5298	38
5299	47
5300	38
5301	41
5302	32
5303	40
5304	41
5305	35
5306	45
5307	35
5308	46
5309	39
5310	40
5311	41
5312	37
5313	32
5314	43
5315	38
5316	48
5317	49
5318	30
5319	33
5320	25
5321	51
5322	38
5323	39
5324	33
5325	28
5326	40
5327	42
5328	43
5329	37
5330	33
5331	30
5332	33
5333	25
5334	40
5335	34
5336	37
5337	40
5338	42
5339	43
5340	31
5341	33
5342	26
5343	37
5344	49
5345	26
5346	31
5347	45
5348	34
5349	31
5350	39
5351	40
5352	45
5353	36
5354	45
5355	36
5356	42
5357	40
5358	42
5359	35
5360	39
5361	37
5362	37
5363	22
5364	27
5365	41
5366	33
5367	40
5368	33
5369	33
5370	37
5371	38
5372	50
5373	23
5374	43
5375	36
5376	39
5377	31
5378	34
5379	29
5380	38
5381	38
5382	37
5383	22
5384	38
5385	30
5386	38
5387	41
5388	34
5389	32
5390	37
5391	31
5392	45
5393	28
5394	24
5395	42
5396	33
5397	32
5398	36
5399	45
5400	36
5401	38
5402	34
5403	30
5404	32
5405	32
5406	32
5407	30
5408	36
5409	32
5410	29
5411	36
5412	32
5413	42
5414	31
5415	44
5416	29
5417	34
5418	25
5419	43
5420	30
5421	36
5422	37
5423	38
5424	37
5425	37
5426	32
5427	34
5428	50
5429	33
5430	38
5431	33
5432	31
5433	49
5434	36
5435	43
5436	41
5437	32
5438	34
5439	35
5440	41
5441	39
5442	45
5443	31
5444	33
5445	48
5446	38
5447	36
5448	30
5449	33
5450	32
5451	35
5452	36
5453	23
5454	40
5455	32
5456	33
5457	44
5458	37
5459	35
5460	30
5461	49
5462	45
5463	37
5464	39
5465	27
5466	38
5467	49
5468	47
5469	37
5470	49
5471	44
5472	35
5473	37
5474	34
5475	43
5476	31
5477	33
5478	39
5479	41
5480	33
5481	31
5482	43
5483	41
5484	40
5485	33
5486	29
5487	40
5488	41
5489	42
5490	41
5491	35
5492	44
5493	42
5494	37
5495	31
5496	34
5497	34
5498	37
5499	30
5500	46
5501	38
5502	36
5503	36
5504	41
5505	29
5506	43
5507	45
5508	35
5509	49
5510	46
5511	48
5512	38
5513	41
5514	39
5515	45
5516	33
5517	38
5518	31
5519	33
5520	40
5521	39
5522	25
5523	34
5524	31
5525	32
5526	33
5527	31
5528	34
5529	40
5530	39
5531	40
5532	37
5533	32
5534	39
5535	35
5536	36
5537	37
5538	26
5539	37
5540	36
5541	37
5542	33
5543	35
5544	40
5545	42
5546	35
5547	39
5548	46
5549	60
5550	62
5551	75
5552	97
5553	128
5554	112
5555	171
5556	182
5557	168
5558	145
5559	134
5560	132
5561	92
5562	70
5563	49
5564	40
5565	45
5566	39
5567	39
5568	36
5569	31
5570	35
5571	26
5572	37
5573	34
5574	42
5575	38
5576	34
5577	41
5578	33
5579	26
5580	40
5581	23
5582	41
5583	48
5584	44
5585	31
5586	36
5587	43
5588	39
5589	50
5590	43
5591	32
5592	35
5593	40
5594	27
5595	41
5596	38
5597	36
5598	35
5599	36
5600	32
5601	39
5602	31
5603	29
5604	29
5605	43
5606	33
5607	42
5608	30
5609	36
5610	39
5611	38
5612	43
5613	43
5614	31
5615	37
5616	29
5617	30
5618	42
5619	34
5620	47
5621	39
5622	43
5623	34
5624	27
5625	37
5626	30
5627	41
5628	27
5629	29
5630	38
5631	43
5632	39
5633	30
5634	27
5635	37
5636	39
5637	34
5638	40
5639	30
5640	42
5641	46
5642	39
5643	35
5644	51
5645	34
5646	28
5647	30
5648	35
5649	36
5650	34
5651	32
5652	30
5653	44
5654	36
5655	31
5656	44
5657	29
5658	29
5659	41
5660	39
5661	39
5662	30
5663	45
5664	36
5665	33
5666	36
5667	34
5668	49
5669	30
5670	35
5671	42
5672	45
5673	40
5674	37
5675	45
5676	41
5677	35
5678	40
5679	30
5680	48
5681	33
5682	39
5683	37
5684	41
5685	37
5686	37
5687	46
5688	34
5689	41
5690	46
5691	36
5692	40
5693	40
5694	26
5695	39
5696	40
5697	28
5698	35
5699	28
5700	33
5701	32
5702	40
5703	33
5704	37
5705	37
5706	42
5707	34
5708	35
5709	33
5710	39
5711	38
5712	36
5713	35
5714	40
5715	43
5716	44
5717	35
5718	37
5719	31
5720	39
5721	41
5722	28
5723	45
5724	42
5725	45
5726	37
5727	60
5728	30
5729	43
5730	62
5731	46
5732	57
5733	47
5734	44
5735	39
5736	45
5737	47
5738	38
5739	29
5740	30
5741	30
5742	38
5743	26
5744	35
5745	29
5746	35
5747	30
5748	47
5749	32
5750	43
5751	42
5752	42
5753	33
5754	34
5755	38
5756	42
5757	42
5758	28
5759	47
5760	31
5761	35
5762	28
5763	32
5764	36
5765	35
5766	29
5767	41
5768	38
5769	37
5770	33
5771	36
5772	42
5773	33
5774	38
5775	39
5776	45
5777	45
5778	42
5779	49
5780	44
5781	35
5782	46
5783	37
5784	24
5785	33
5786	39
5787	43
5788	37
5789	37
5790	40
5791	40
5792	40
5793	35
5794	47
5795	41
5796	39
5797	35
5798	41
5799	36
5800	40
5801	28
5802	29
5803	41
5804	31
5805	43
5806	38
5807	47
5808	38
5809	42
5810	47
5811	44
5812	30
5813	39
5814	38
5815	36
5816	36
5817	37
5818	39
5819	44
5820	33
5821	40
5822	34
5823	47
5824	31
5825	22
5826	39
5827	35
5828	49
5829	41
5830	28
5831	49
5832	45
5833	35
5834	32
5835	27
5836	44
5837	43
5838	38
5839	33
5840	36
5841	43
5842	46
5843	45
5844	39
5845	45
5846	45
5847	47
5848	35
5849	32
5850	47
5851	38
5852	32
5853	43
5854	34
5855	40
5856	42
5857	43
5858	42
5859	36
5860	39
5861	31
5862	36
5863	33
5864	45
5865	37
5866	39
5867	26
5868	34
5869	42
5870	46
5871	33
5872	38
5873	30
5874	28
5875	41
5876	32
5877	33
5878	26
5879	39
5880	35
5881	36
5882	34
5883	31
5884	43
5885	39
5886	28
5887	38
5888	56
5889	34
5890	37
5891	35
5892	34
5893	50
5894	40
5895	37
5896	43
5897	39
5898	31
5899	45
5900	42
5901	41
5902	34
5903	27
5904	41
5905	25
5906	44
5907	33
5908	42
5909	29
5910	33
5911	38
5912	48
5913	31
5914	47
5915	52
5916	37
5917	43
5918	42
5919	32
5920	31
5921	38
5922	38
5923	35
5924	39
5925	43
5926	37
5927	36
5928	30
5929	33
5930	38
5931	32
5932	45
5933	33
5934	30
5935	42
5936	34
5937	32
5938	32
5939	36
5940	40
5941	43
5942	37
5943	41
5944	42
5945	46
5946	29
5947	41
5948	28
5949	35
5950	32
5951	31
5952	33
5953	49
5954	26
5955	35
5956	34
5957	43
5958	26
5959	37
5960	44
5961	37
5962	38
5963	51
5964	42
5965	37
5966	42
5967	39
5968	26
5969	34
5970	41
5971	37
5972	28
5973	40
5974	37
5975	36
5976	34
5977	30
5978	27
5979	40
5980	46
5981	32
5982	33
5983	45
5984	42
5985	32
5986	46
5987	31
5988	48
5989	36
5990	42
5991	33
5992	44
5993	42
5994	41
5995	41
5996	41
5997	46
5998	32
5999	35
6000	33
6001	34
6002	38
6003	33
6004	37
6005	34
6006	36
6007	32
6008	32
6009	38
6010	49
6011	43
6012	27
6013	48
6014	53
6015	31
6016	40
6017	30
6018	32
6019	29
6020	43
6021	49
6022	41
6023	51
6024	33
6025	39
6026	55
6027	37
6028	34
6029	45
6030	42
6031	32
6032	34
6033	41
6034	41
6035	24
6036	39
6037	38
6038	25
6039	41
6040	39
6041	37
6042	36
6043	29
6044	47
6045	50
6046	46
6047	44
6048	40
6049	37
6050	35
6051	48
6052	31
6053	49
6054	49
6055	35
6056	40
6057	49
6058	33
6059	32
6060	30
6061	44
6062	40
6063	44
6064	38
6065	36
6066	35
6067	39
6068	40
6069	35
6070	30
6071	33
6072	32
6073	36
6074	42
6075	37
6076	40
6077	46
6078	28
6079	53
6080	55
6081	46
6082	32
6083	39
6084	34
6085	43
6086	29
6087	36
6088	53
6089	41
6090	35
6091	45
6092	49
6093	37
6094	36
6095	30
6096	50
6097	39
6098	46
6099	44
6100	32
6101	35
6102	39
6103	37
6104	37
6105	46
6106	47
6107	37
6108	44
6109	48
6110	44
6111	47
6112	37
6113	41
6114	48
6115	34
6116	30
6117	36
6118	31
6119	31
6120	47
6121	45
6122	33
6123	33
6124	46
6125	37
6126	38
6127	42
6128	34
6129	47
6130	52
6131	40
6132	52
6133	45
6134	48
6135	36
6136	54
6137	50
6138	57
6139	59
6140	66
6141	102
6142	87
6143	74
6144	103
6145	76
6146	63
6147	60
6148	57
6149	47
6150	37
6151	37
6152	39
6153	45
6154	35
6155	36
6156	52
6157	38
6158	36
6159	45
6160	40
6161	46
6162	29
6163	41
6164	45
6165	39
6166	28
6167	35
6168	23
6169	37
6170	35
6171	29
6172	29
6173	26
6174	32
6175	30
6176	38
6177	39
6178	35
6179	38
6180	48
6181	53
6182	32
6183	33
6184	46
6185	30
6186	32
6187	39
6188	24
6189	45
6190	38
6191	36
6192	29
6193	40
6194	39
6195	30
6196	34
6197	35
6198	31
6199	34
6200	25
6201	37
6202	41
6203	41
6204	22
6205	30
6206	36
6207	23
6208	25
6209	24
6210	26
6211	21
6212	26
6213	21
6214	24
6215	37
6216	28
6217	33
6218	31
6219	28
6220	47
6221	34
6222	39
6223	24
6224	32
6225	36
6226	38
6227	26
6228	25
6229	33
6230	40
6231	24
6232	27
6233	29
6234	21
6235	24
6236	28
6237	24
6238	25
6239	25
6240	25
6241	21
6242	23
6243	21
6244	25
6245	31
6246	27
6247	19
6248	33
6249	16
6250	23
6251	34
6252	23
6253	28
6254	31
6255	33
6256	41
6257	23
6258	29
6259	32
6260	35
6261	27
6262	37
6263	26
6264	32
6265	25
6266	19
6267	28
6268	18
6269	26
6270	21
6271	34
6272	23
6273	28
6274	36
6275	35
6276	20
6277	27
6278	29
6279	43
6280	36
6281	18
6282	25
6283	22
6284	23
6285	32
6286	20
6287	20
6288	30
6289	32
6290	21
6291	26
6292	32
6293	25
6294	29
6295	26
6296	24
6297	29
6298	43
6299	33
6300	21
6301	32
6302	18
6303	32
6304	24
6305	29
6306	21
6307	21
6308	29
6309	33
6310	24
6311	30
6312	28
6313	33
6314	20
6315	24
6316	31
6317	28
6318	30
6319	27
6320	25
6321	32
6322	30
6323	21
6324	25
6325	25
6326	21
6327	35
6328	24
6329	29
6330	22
6331	32
6332	24
6333	29
6334	26
6335	30
6336	22
6337	24
6338	26
6339	24
6340	21
6341	32
6342	34
6343	27
6344	24
6345	32
6346	26
6347	16
6348	30
6349	27
6350	30
6351	32
6352	30
6353	45
6354	31
6355	35
6356	36
6357	37
6358	34
6359	37
6360	35
6361	20
6362	29
6363	27
6364	22
6365	29
6366	36
6367	20
6368	34
6369	23
6370	22
6371	30
6372	25
6373	25
6374	24
6375	32
6376	26
6377	28
6378	25
6379	22
6380	25
6381	20
6382	26
6383	21
6384	37
6385	23
6386	27
6387	25
6388	27
6389	18
6390	23
6391	29
6392	30
6393	25
6394	37
6395	23
6396	21
6397	38
6398	23
6399	31
6400	31
6401	26
6402	21
6403	19
6404	20
6405	24
6406	26
6407	26
6408	19
6409	35
6410	34
6411	21
6412	20
6413	23
6414	21
6415	26
6416	27
6417	28
6418	17
6419	28
6420	21
6421	28
6422	27
6423	17
6424	21
6425	26
6426	29
6427	13
6428	22
6429	22
6430	29
6431	21
6432	33
6433	13
6434	33
6435	27
6436	26
6437	28
6438	26
6439	23
6440	27
6441	28
6442	15
6443	23
6444	21
6445	25
6446	14
6447	23
6448	26
6449	17
6450	26
6451	24
6452	25
6453	17
6454	18
6455	18
6456	24
6457	17
6458	25
6459	26
6460	29
6461	22
6462	27
6463	19
6464	24
6465	31
6466	19
6467	25
6468	24
6469	20
6470	31
6471	28
6472	26
6473	17
6474	16
6475	21
6476	24
6477	25
6478	23
6479	22
6480	16
6481	33
6482	23
6483	25
6484	27
6485	33
6486	15
6487	13
6488	23
6489	21
6490	21
6491	24
6492	24
6493	21
6494	32
6495	21
6496	19
6497	24
6498	22
6499	21
6500	22
6501	16
6502	26
6503	23
6504	17
6505	23
6506	18
6507	16
6508	24
6509	16
6510	14
6511	15
6512	16
6513	18
6514	16
6515	17
6516	14
6517	22
6518	13
6519	19
6520	25
6521	17
6522	29
6523	17
6524	21
6525	17
6526	21
6527	25
6528	18
6529	21
6530	22
6531	18
6532	18
6533	25
6534	23
6535	20
6536	29
6537	21
6538	22
6539	25
6540	39
6541	22
6542	18
6543	20
6544	22
6545	17
6546	26
6547	25
6548	15
6549	18
6550	22
6551	17
6552	15
6553	13
6554	26
6555	24
6556	19
6557	20
6558	14
6559	17
6560	21
6561	22
6562	24
6563	20
6564	19
6565	23
6566	32
6567	21
6568	18
6569	20
6570	13
6571	24
6572	12
6573	21
6574	21
6575	19
6576	23
6577	19
6578	28
6579	24
6580	22
6581	17
6582	22
6583	22
6584	20
6585	27
6586	18
6587	29
6588	20
6589	21
6590	26
6591	22
6592	21
6593	19
6594	19
6595	20
6596	15
6597	18
6598	17
6599	19
6600	18
6601	15
6602	15
6603	19
6604	12
6605	18
6606	25
6607	20
6608	22
6609	16
6610	30
6611	22
6612	23
6613	16
6614	17
6615	27
6616	17
6617	19
6618	22
6619	30
6620	28
6621	22
6622	15
6623	15
6624	17
6625	17
6626	16
6627	20
6628	19
6629	15
6630	15
6631	23
6632	18
6633	28
6634	20
6635	17
6636	17
6637	12
6638	17
6639	22
6640	20
6641	15
6642	17
6643	23
6644	23
6645	14
6646	13
6647	14
6648	17
6649	22
6650	21
6651	13
6652	13
6653	11
6654	18
6655	21
6656	20
6657	20
6658	13
6659	16
6660	19
6661	26
6662	18
6663	12
6664	14
6665	20
6666	19
6667	21
6668	20
6669	20
6670	18
6671	10
6672	19
6673	18
6674	14
6675	21
6676	17
6677	16
6678	14
6679	14
6680	17
6681	17
6682	11
6683	17
6684	13
6685	14
6686	18
6687	19
6688	13
6689	20
6690	17
6691	16
6692	11
6693	28
6694	22
6695	22
6696	13
6697	19
6698	20
6699	11
6700	14
6701	13
6702	19
6703	16
6704	17
6705	15
6706	14
6707	12
6708	20
6709	21
6710	16
6711	16
6712	20
6713	11
6714	17
6715	22
6716	23
6717	15
6718	19
6719	18
6720	23
6721	16
6722	18
6723	19
6724	13
6725	26
6726	13
6727	19
6728	16
6729	13
6730	17
6731	17
6732	18
6733	20
6734	15
6735	20
6736	18
6737	22
6738	13
6739	20
6740	21
6741	20
6742	16
6743	15
6744	22
6745	21
6746	18
6747	12
6748	24
6749	22
6750	14
6751	20
6752	15
6753	9
6754	15
6755	14
6756	15
6757	18
6758	14
6759	26
6760	19
6761	17
6762	11
6763	12
6764	14
6765	15
6766	17
6767	21
6768	14
6769	20
6770	18
6771	16
6772	18
6773	13
6774	15
6775	22
6776	13
6777	14
6778	7
6779	12
6780	17
6781	16
6782	19
6783	16
6784	21
6785	14
6786	10
6787	18
6788	17
6789	14
6790	17
6791	16
6792	17
6793	23
6794	19
6795	16
6796	12
6797	13
6798	15
6799	15
6800	14
6801	7
6802	14
6803	16
6804	12
6805	14
6806	10
6807	19
6808	18
6809	11
6810	8
6811	12
6812	29
6813	13
6814	9
6815	17
6816	22
6817	18
6818	16
6819	15
6820	19
6821	8
6822	13
6823	11
6824	16
6825	13
6826	26
6827	13
6828	13
6829	13
6830	16
6831	23
6832	25
6833	33
6834	31
6835	44
6836	44
6837	36
6838	46
6839	36
6840	43
6841	45
6842	31
6843	23
6844	30
6845	14
6846	21
6847	22
6848	6
6849	15
6850	15
6851	17
6852	21
6853	18
6854	16
6855	13
6856	17
6857	15
6858	14
6859	10
6860	20
6861	21
6862	13
6863	12
6864	18
6865	18
6866	10
6867	19
6868	16
6869	16
6870	12
6871	15
6872	17
6873	18
6874	24
6875	21
6876	24
6877	16
6878	22
6879	15
6880	23
6881	20
6882	21
6883	12
6884	23
6885	16
6886	15
6887	10
6888	19
6889	12
6890	17
6891	8
6892	16
6893	18
6894	12
6895	14
6896	19
6897	19
6898	12
6899	14
6900	12
6901	11
6902	13
6903	15
6904	14
6905	11
6906	13
6907	11
6908	16
6909	13
6910	16
6911	20
6912	14
6913	16
6914	7
6915	12
6916	13
6917	25
6918	24
6919	12
6920	19
6921	25
6922	14
6923	16
6924	14
6925	12
6926	6
6927	13
6928	17
6929	15
6930	13
6931	16
6932	10
6933	13
6934	13
6935	20
6936	17
6937	11
6938	13
6939	13
6940	13
6941	4
6942	14
6943	17
6944	11
6945	12
6946	17
6947	13
6948	20
6949	15
6950	14
6951	9
6952	24
6953	14
6954	27
6955	19
6956	27
6957	20
6958	21
6959	15
6960	23
6961	16
6962	17
6963	15
6964	15
6965	19
6966	8
6967	16
6968	13
6969	14
6970	7
6971	15
6972	18
6973	16
6974	19
6975	15
6976	16
6977	21
6978	24
6979	11
6980	18
6981	24
6982	21
6983	26
6984	23
6985	31
6986	25
6987	31
6988	24
6989	27
6990	29
6991	32
6992	26
6993	20
6994	17
6995	13
6996	15
6997	10
6998	14
6999	17
7000	16
7001	15
7002	13
7003	13
7004	15
7005	18
7006	17
7007	12
7008	14
7009	11
7010	12
7011	10
7012	12
7013	10
7014	8
7015	12
7016	19
7017	15
7018	9
7019	13
7020	13
7021	15
7022	14
7023	9
7024	12
7025	13
7026	21
7027	13
7028	21
7029	20
7030	13
7031	17
7032	14
7033	16
7034	8
7035	11
7036	12
7037	12
7038	12
7039	17
7040	13
7041	18
7042	7
7043	14
7044	16
7045	22
7046	14
7047	11
7048	13
7049	13
7050	11
7051	19
7052	21
7053	11
7054	10
7055	13
7056	20
7057	15
7058	17
7059	13
7060	10
7061	16
7062	17
7063	8
7064	13
7065	24
7066	17
7067	15
7068	8
7069	13
7070	12
7071	18
7072	18
7073	19
7074	9
7075	12
7076	12
7077	14
7078	14
7079	13
7080	11
7081	10
7082	10
7083	19
7084	12
7085	14
7086	13
7087	16
7088	13
7089	13
7090	13
7091	13
7092	10
7093	8
7094	13
7095	12
7096	19
7097	11
7098	10
7099	14
7100	10
7101	13
7102	6
7103	17
7104	10
7105	11
7106	15
7107	19
7108	12
7109	13
7110	18
7111	12
7112	14
7113	18
7114	26
7115	23
7116	14
7117	16
7118	12
7119	11
7120	18
7121	21
7122	15
7123	17
7124	8
7125	8
7126	17
7127	13
7128	15
7129	13
7130	10
7131	16
7132	14
7133	12
7134	15
7135	19
7136	13
7137	15
7138	10
7139	10
7140	20
7141	10
7142	12
7143	21
7144	14
7145	7
7146	13
7147	26
7148	12
7149	22
7150	19
7151	11
7152	15
7153	15
7154	14
7155	14
7156	20
7157	15
7158	11
7159	12
7160	13
7161	17
7162	14
7163	16
7164	8
7165	21
7166	10
7167	22
7168	14
7169	21
7170	9
7171	15
7172	10
7173	13
7174	18
7175	12
7176	19
7177	16
7178	21
7179	26
7180	15
7181	20
7182	13
7183	10
7184	16
7185	13
7186	16
7187	15
7188	11
7189	12
7190	14
7191	22
7192	11
7193	14
7194	20
7195	16
7196	11
7197	17
7198	15
7199	13
7200	9
7201	12
7202	14
7203	17
7204	14
7205	16
7206	16
7207	19
7208	17
7209	16
7210	19
7211	14
7212	11
7213	6
7214	20
7215	6
7216	11
7217	15
7218	13
7219	11
7220	16
7221	9
7222	18
7223	20
7224	26
7225	18
7226	15
7227	13
7228	17
7229	19
7230	18
7231	12
7232	19
7233	22
7234	18
7235	12
7236	20
7237	24
7238	43
7239	47
7240	75
7241	102
7242	154
7243	203
7244	292
7245	399
7246	548
7247	727
7248	887
7249	1008
7250	1175
7251	1205
7252	1246
7253	1091
7254	1001
7255	829
7256	616
7257	454
7258	296
7259	197
7260	99
7261	76
7262	45
7263	30
7264	17
7265	20
7266	11
7267	7
7268	8
7269	6
7270	10
7271	3
7272	8
7273	12
7274	6
7275	12
7276	5
7277	13
7278	12
7279	10
7280	5
7281	11
7282	5
7283	10
7284	12
7285	7
7286	11
7287	14
7288	9
7289	9
7290	10
7291	11
7292	18
7293	13
7294	11
7295	13
7296	8
7297	5
7298	8
7299	14
7300	14
7301	14
7302	11
7303	10
7304	7
7305	6
7306	10
7307	9
7308	16
7309	11
7310	7
7311	10
7312	10
7313	13
7314	8
7315	13
7316	8
7317	12
7318	6
7319	9
7320	10
7321	6
7322	6
7323	6
7324	12
7325	11
7326	8
7327	14
7328	12
7329	5
7330	12
7331	6
7332	9
7333	10
7334	9
7335	8
7336	10
7337	6
7338	8
7339	14
7340	11
7341	8
7342	8
7343	16
7344	8
7345	4
7346	17
7347	14
7348	13
7349	9
7350	6
7351	8
7352	10
7353	14
7354	16
7355	10
7356	8
7357	8
7358	7
7359	15
7360	9
7361	9
7362	6
7363	8
7364	13
7365	7
7366	14
7367	9
7368	8
7369	10
7370	10
7371	15
7372	15
7373	5
7374	9
7375	10
7376	12
7377	8
7378	11
7379	4
7380	8
7381	7
7382	9
7383	7
7384	8
7385	9
7386	13
7387	9
7388	15
7389	13
7390	8
7391	10
7392	12
7393	16
7394	7
7395	12
7396	9
7397	7
7398	6
7399	19
7400	9
7401	10
7402	7
7403	8
7404	9
7405	10
7406	14
7407	8
7408	12
7409	9
7410	17
7411	12
7412	18
7413	9
7414	9
7415	11
7416	13
7417	12
7418	6
7419	6
7420	9
7421	14
7422	17
7423	22
7424	14
7425	13
7426	15
7427	21
7428	12
7429	14
7430	17
7431	18
7432	7
7433	8
7434	10
7435	7
7436	9
7437	13
7438	14
7439	9
7440	9
7441	10
7442	11
7443	10
7444	10
7445	8
7446	9
7447	14
7448	7
7449	13
7450	11
7451	12
7452	10
7453	17
7454	13
7455	17
7456	13
7457	18
7458	19
7459	11
7460	14
7461	11
7462	8
7463	8
7464	14
7465	8
7466	10
7467	12
7468	14
7469	13
7470	6
7471	8
7472	7
7473	7
7474	10
7475	8
7476	12
7477	8
7478	12
7479	7
7480	13
7481	11
7482	16
7483	9
7484	16
7485	10
7486	22
7487	20
7488	16
7489	21
7490	24
7491	22
7492	30
7493	34
7494	23
7495	17
7496	14
7497	16
7498	15
7499	6
7500	13
7501	8
7502	15
7503	15
7504	10
7505	11
7506	9
7507	6
7508	18
7509	9
7510	11
7511	12
7512	12
7513	17
7514	7
7515	11
7516	17
7517	12
7518	16
7519	14
7520	9
7521	7
7522	5
7523	9
7524	6
7525	12
7526	10
7527	13
7528	17
7529	5
7530	12
7531	6
7532	8
7533	6
7534	5
7535	7
7536	4
7537	8
7538	15
7539	12
7540	14
7541	9
7542	6
7543	8
7544	15
7545	13
7546	6
7547	7
7548	8
7549	9
7550	8
7551	7
7552	13
7553	6
7554	10
7555	9
7556	5
7557	13
7558	10
7559	13
7560	9
7561	7
7562	9
7563	5
7564	10
7565	11
7566	15
7567	12
7568	13
7569	8
7570	7
7571	7
7572	13
7573	9
7574	10
7575	10
7576	11
7577	12
7578	7
7579	4
7580	11
7581	10
7582	6
7583	16
7584	2
7585	10
7586	10
7587	9
7588	11
7589	11
7590	8
7591	8
7592	12
7593	10
7594	11
7595	8
7596	8
7597	8
7598	13
7599	11
7600	12
7601	10
7602	9
7603	7
7604	5
7605	12
7606	8
7607	8
7608	10
7609	8
7610	6
7611	7
7612	11
7613	13
7614	5
7615	7
7616	14
7617	7
7618	9
7619	9
7620	11
7621	8
7622	8
7623	11
7624	7
7625	3
7626	10
7627	10
7628	8
7629	10
7630	9
7631	17
7632	16
7633	15
7634	9
7635	9
7636	6
7637	11
7638	13
7639	9
7640	8
7641	5
7642	7
7643	7
7644	8
7645	12
7646	10
7647	8
7648	10
7649	11
7650	11
7651	3
7652	12
7653	2
7654	11
7655	8
7656	5
7657	13
7658	15
7659	5
7660	16
7661	12
7662	6
7663	13
7664	8
7665	14
7666	6
7667	7
7668	10
7669	12
7670	12
7671	9
7672	7
7673	8
7674	11
7675	6
7676	8
7677	12
7678	10
7679	7
7680	8
7681	9
7682	7
7683	11
7684	7
7685	6
7686	11
7687	5
7688	6
7689	10
7690	7
7691	6
7692	5
7693	8
7694	17
7695	7
7696	6
7697	8
7698	11
7699	8
7700	6
7701	8
7702	7
7703	5
7704	8
7705	9
7706	11
7707	8
7708	9
7709	9
7710	9
7711	9
7712	8
7713	10
7714	7
7715	10
7716	8
7717	7
7718	14
7719	13
7720	5
7721	10
7722	7
7723	6
7724	8
7725	13
7726	11
7727	9
7728	11
7729	11
7730	6
7731	15
7732	10
7733	9
7734	10
7735	7
7736	10
7737	13
7738	4
7739	9
7740	8
7741	6
7742	10
7743	5
7744	8
7745	6
7746	10
7747	9
7748	7
7749	9
7750	9
7751	5
7752	5
7753	10
7754	5
7755	9
7756	5
7757	8
7758	7
7759	2
7760	15
7761	6
7762	8
7763	12
7764	5
7765	6
7766	5
7767	2
7768	6
7769	10
7770	6
7771	9
7772	9
7773	6
7774	7
7775	11
7776	8
7777	10
7778	11
7779	5
7780	7
7781	6
7782	7
7783	4
7784	5
7785	13
7786	8
7787	9
7788	10
7789	8
7790	8
7791	9
7792	7
7793	9
7794	10
7795	2
7796	3
7797	7
7798	8
7799	10
7800	8
7801	4
7802	5
7803	7
7804	14
7805	5
7806	14
7807	8
7808	13
7809	6
7810	6
7811	9
7812	6
7813	8
7814	5
7815	6
7816	4
7817	4
7818	8
7819	6
7820	7
7821	8
7822	11
7823	9
7824	10
7825	8
7826	12
7827	3
7828	7
7829	12
7830	5
7831	7
7832	8
7833	7
7834	5
7835	10
7836	10
7837	8
7838	10
7839	18
7840	11
7841	8
7842	15
7843	19
7844	15
7845	11
7846	17
7847	12
7848	9
7849	10
7850	10
7851	8
7852	11
7853	10
7854	14
7855	4
7856	13
7857	18
7858	12
7859	8
7860	11
7861	15
7862	9
7863	14
7864	15
7865	8
7866	8
7867	7
7868	6
7869	11
7870	11
7871	10
7872	12
7873	9
7874	11
7875	17
7876	9
7877	19
7878	14
7879	21
7880	17
7881	26
7882	21
7883	26
7884	32
7885	42
7886	31
7887	33
7888	24
7889	17
7890	16
7891	17
7892	11
7893	12
7894	7
7895	16
7896	13
7897	13
7898	12
7899	19
7900	17
7901	22
7902	27
7903	29
7904	30
7905	38
7906	39
7907	54
7908	54
7909	37
7910	37
7911	36
7912	25
7913	14
7914	25
7915	18
7916	14
7917	12
7918	9
7919	7
7920	9
7921	6
7922	5
7923	6
7924	11
7925	10
7926	3
7927	11
7928	4
7929	10
7930	10
7931	5
7932	10
7933	8
7934	8
7935	12
7936	10
7937	13
7938	6
7939	13
7940	8
7941	10
7942	12
7943	9
7944	10
7945	9
7946	12
7947	9
7948	8
7949	2
7950	10
7951	5
7952	8
7953	8
7954	6
7955	9
7956	7
7957	8
7958	9
7959	9
7960	10
7961	10
7962	8
7963	9
7964	4
7965	6
7966	12
7967	12
7968	17
7969	13
7970	6
7971	8
7972	5
7973	4
7974	5
7975	9
7976	9
7977	4
7978	4
7979	8
7980	6
7981	6
7982	8
7983	7
7984	9
7985	10
7986	6
7987	5
7988	12
7989	8
7990	11
7991	8
7992	8
7993	7
7994	6
7995	8
7996	7
7997	6
7998	6
7999	5
8000	4
8001	10
8002	9
8003	8
8004	11
8005	6
8006	9
8007	6
8008	14
8009	6
8010	5
8011	3
8012	7
8013	7
8014	9
8015	7
8016	15
8017	8
8018	12
8019	7
8020	8
8021	11
8022	5
8023	6
8024	8
8025	8
8026	5
8027	4
8028	7
8029	4
8030	6
8031	6
8032	11
8033	7
8034	5
8035	13
8036	10
8037	10
8038	10
8039	10
8040	7
8041	18
8042	13
8043	15
8044	26
8045	15
8046	21
8047	20
8048	29
8049	15
8050	21
8051	15
8052	11
8053	12
8054	10
8055	11
8056	8
8057	5
8058	9
8059	8
8060	10
8061	6
8062	7
8063	15
8064	10
8065	8
8066	10
8067	11
8068	7
8069	5
8070	12
8071	9
8072	14
8073	10
8074	8
8075	6
8076	7
8077	8
8078	6
8079	9
8080	7
8081	4
8082	10
8083	7
8084	8
8085	13
8086	7
8087	10
8088	13
8089	9
8090	19
8091	12
8092	22
8093	25
8094	21
8095	21
8096	14
8097	15
8098	17
8099	14
8100	13
8101	9
8102	12
8103	7
8104	9
8105	9
8106	8
8107	10
8108	4
8109	4
8110	6
8111	3
8112	7
8113	5
8114	7
8115	9
8116	4
8117	5
8118	3
8119	11
8120	8
8121	9
8122	9
8123	10
8124	7
8125	4
8126	8
8127	6
8128	11
8129	15
8130	12
8131	12
8132	12
8133	10
8134	9
8135	8
8136	8
8137	9
8138	5
8139	5
8140	9
8141	9
8142	5
8143	5
8144	7
8145	6
8146	5
8147	8
8148	6
8149	9
8150	6
8151	5
8152	3
8153	6
8154	11
8155	3
8156	4
8157	6
8158	12
8159	5
8160	6
8161	6
8162	5
8163	8
8164	3
8165	7
8166	8
8167	6
8168	2
8169	9
8170	8
8171	3
8172	3
8173	4
8174	5
8175	9
8176	3
8177	9
8178	2
8179	0
8180	0
8181	0
8182	0
8183	0
8184	0
8185	0
8186	0
8187	0
8188	0
8189	0
8190	0
8191	0
