0	0
1	0
2	0
3	0
4	0
5	0
6	0
7	0
8	0
9	0
10	0
11	0
12	0
13	0
14	0
15	0
16	0
17	0
18	0
19	0
20	0
21	0
22	0
23	0
24	0
25	0
26	0
27	0
28	0
29	0
30	0
31	0
32	0
33	0
34	0
35	0
36	0
37	0
38	0
39	0
40	0
41	0
42	0
43	0
44	0
45	0
46	0
47	0
48	0
49	0
50	0
51	6
52	13
53	68
54	380
55	965
56	1432
57	1478
58	1370
59	1151
60	953
61	927
62	901
63	861
64	830
65	799
66	764
67	780
68	858
69	766
70	836
71	832
72	814
73	750
74	753
75	734
76	769
77	771
78	794
79	772
80	764
81	728
82	747
83	761
84	768
85	836
86	727
87	769
88	742
89	800
90	730
91	683
92	702
93	776
94	706
95	792
96	774
97	740
98	717
99	753
100	738
101	725
102	708
103	765
104	773
105	718
106	727
107	742
108	751
109	728
110	701
111	726
112	718
113	707
114	751
115	735
116	716
117	731
118	745
119	723
120	725
121	736
122	762
123	710
124	682
125	729
126	769
127	745
128	761
129	777
130	676
131	718
132	726
133	733
134	704
135	733
136	708
137	765
138	755
139	695
140	722
141	716
142	680
143	683
144	713
145	740
146	735
147	711
148	670
149	710
150	739
151	722
152	706
153	724
154	708
155	739
156	708
157	700
158	710
159	757
160	699
161	746
162	728
163	707
164	718
165	735
166	754
167	676
168	728
169	754
170	735
171	725
172	692
173	770
174	734
175	773
176	788
177	774
178	769
179	749
180	736
181	730
182	758
183	787
184	735
185	776
186	797
187	819
188	762
189	782
190	743
191	830
192	737
193	793
194	812
195	836
196	786
197	761
198	797
199	800
200	775
201	819
202	870
203	810
204	816
205	871
206	891
207	889
208	876
209	967
210	917
211	895
212	861
213	817
214	891
215	812
216	897
217	869
218	903
219	970
220	878
221	906
222	939
223	943
224	905
225	962
226	905
227	906
228	930
229	966
230	1029
231	986
232	947
233	1004
234	942
235	1004
236	988
237	936
238	984
239	1009
240	982
241	986
242	1034
243	1049
244	1018
245	1035
246	1039
247	947
248	984
249	1086
250	1098
251	1135
252	1105
253	1053
254	1128
255	1084
256	1148
257	1193
258	1219
259	1106
260	1110
261	1113
262	1244
263	1161
264	1197
265	1191
266	1195
267	1259
268	1203
269	1148
270	1278
271	1293
272	1230
273	1263
274	1249
275	1289
276	1239
277	1272
278	1318
279	1289
280	1297
281	1363
282	1401
283	1357
284	1304
285	1246
286	1353
287	1337
288	1299
289	1395
290	1378
291	1378
292	1339
293	1417
294	1431
295	1425
296	1349
297	1380
298	1427
299	1385
300	1416
301	1416
302	1403
303	1430
304	1498
305	1457
306	1477
307	1474
308	1490
309	1379
310	1448
311	1538
312	1467
313	1506
314	1516
315	1462
316	1421
317	1542
318	1489
319	1552
320	1529
321	1604
322	1516
323	1504
324	1572
325	1550
326	1473
327	1543
328	1530
329	1657
330	1530
331	1556
332	1669
333	1662
334	1722
335	1765
336	2040
337	2398
338	2846
339	3349
340	3310
341	2933
342	2394
343	1982
344	1832
345	1891
346	2188
347	2590
348	3343
349	4101
350	4709
351	4551
352	3862
353	2818
354	2197
355	1728
356	1634
357	1553
358	1578
359	1654
360	1617
361	1642
362	1709
363	1702
364	1478
365	1535
366	1564
367	1492
368	1472
369	1360
370	1525
371	1526
372	1482
373	1443
374	1501
375	1428
376	1539
377	1501
378	1524
379	1521
380	1546
381	1541
382	1491
383	1506
384	1506
385	1456
386	1501
387	1509
388	1481
389	1576
390	1549
391	1496
392	1576
393	1607
394	1666
395	1867
396	2071
397	2439
398	2732
399	2853
400	2789
401	2539
402	2215
403	1906
404	1723
405	1614
406	1561
407	1594
408	1592
409	1715
410	1899
411	1895
412	2004
413	1967
414	1850
415	1619
416	1521
417	1547
418	1444
419	1498
420	1454
421	1436
422	1466
423	1441
424	1519
425	1503
426	1495
427	1437
428	1419
429	1427
430	1452
431	1418
432	1481
433	1406
434	1479
435	1518
436	1564
437	1556
438	1583
439	1609
440	1536
441	1552
442	1535
443	1501
444	1496
445	1571
446	1475
447	1461
448	1543
449	1493
450	1409
451	1442
452	1458
453	1382
454	1429
455	1409
456	1419
457	1492
458	1387
459	1444
460	1366
461	1436
462	1410
463	1470
464	1456
465	1496
466	1447
467	1527
468	1495
469	1457
470	1464
471	1389
472	1480
473	1446
474	1417
475	1455
476	1402
477	1418
478	1429
479	1478
480	1466
481	1364
482	1454
483	1417
484	1383
485	1464
486	1418
487	1349
488	1440
489	1462
490	1400
491	1373
492	1456
493	1439
494	1387
495	1377
496	1364
497	1467
498	1380
499	1430
500	1360
501	1405
502	1349
503	1414
504	1426
505	1431
506	1370
507	1444
508	1407
509	1392
510	1392
511	1410
512	1427
513	1406
514	1423
515	1410
516	1409
517	1404
518	1411
519	1360
520	1384
521	1411
522	1415
523	1355
524	1375
525	1362
526	1411
527	1395
528	1304
529	1366
530	1424
531	1332
532	1418
533	1398
534	1361
535	1384
536	1343
537	1407
538	1363
539	1322
540	1375
541	1360
542	1386
543	1320
544	1432
545	1375
546	1402
547	1289
548	1361
549	1341
550	1424
551	1407
552	1365
553	1349
554	1340
555	1393
556	1324
557	1326
558	1340
559	1329
560	1314
561	1316
562	1271
563	1368
564	1308
565	1329
566	1357
567	1266
568	1348
569	1380
570	1324
571	1309
572	1322
573	1285
574	1234
575	1324
576	1311
577	1307
578	1276
579	1330
580	1362
581	1235
582	1275
583	1262
584	1262
585	1329
586	1294
587	1275
588	1299
589	1343
590	1273
591	1311
592	1277
593	1303
594	1214
595	1306
596	1299
597	1281
598	1245
599	1267
600	1265
601	1251
602	1310
603	1259
604	1297
605	1348
606	1288
607	1287
608	1268
609	1296
610	1251
611	1252
612	1235
613	1202
614	1246
615	1242
616	1286
617	1245
618	1223
619	1259
620	1278
621	1289
622	1215
623	1244
624	1255
625	1195
626	1216
627	1189
628	1231
629	1179
630	1234
631	1124
632	1154
633	1203
634	1212
635	1217
636	1150
637	1211
638	1159
639	1214
640	1193
641	1205
642	1178
643	1159
644	1134
645	1230
646	1169
647	1207
648	1187
649	1192
650	1161
651	1192
652	1134
653	1167
654	1121
655	1135
656	1175
657	1153
658	1177
659	1160
660	1130
661	1154
662	1175
663	1155
664	1192
665	1134
666	1139
667	1149
668	1111
669	1171
670	1146
671	1127
672	1119
673	1080
674	1123
675	1093
676	1131
677	1106
678	1117
679	1113
680	1166
681	1122
682	1101
683	1148
684	1184
685	1092
686	1154
687	1092
688	1100
689	1144
690	1128
691	1157
692	1067
693	1080
694	1122
695	1130
696	1093
697	1085
698	1067
699	1053
700	1078
701	1114
702	1073
703	1095
704	1071
705	1090
706	1134
707	1043
708	1108
709	1054
710	1012
711	1084
712	1069
713	1048
714	1087
715	1085
716	1116
717	1005
718	1069
719	1101
720	1094
721	1052
722	1000
723	1056
724	1028
725	1019
726	1025
727	988
728	1016
729	1003
730	1007
731	1022
732	1021
733	990
734	1031
735	1019
736	1054
737	1036
738	1050
739	1075
740	996
741	1038
742	1006
743	1041
744	1074
745	976
746	988
747	1019
748	1001
749	965
750	949
751	1022
752	1021
753	972
754	985
755	986
756	978
757	907
758	924
759	950
760	984
761	954
762	959
763	969
764	992
765	993
766	882
767	994
768	881
769	977
770	986
771	958
772	945
773	976
774	906
775	973
776	950
777	952
778	948
779	913
780	976
781	899
782	1007
783	928
784	883
785	987
786	878
787	929
788	961
789	899
790	958
791	924
792	919
793	944
794	893
795	910
796	949
797	893
798	881
799	894
800	922
801	947
802	890
803	904
804	884
805	853
806	904
807	956
808	937
809	892
810	906
811	899
812	964
813	942
814	886
815	895
816	814
817	900
818	908
819	887
820	902
821	864
822	849
823	854
824	856
825	855
826	831
827	866
828	894
829	835
830	922
831	901
832	844
833	877
834	865
835	817
836	845
837	861
838	816
839	811
840	827
841	851
842	850
843	857
844	844
845	783
846	855
847	896
848	857
849	835
850	889
851	868
852	817
853	835
854	821
855	842
856	770
857	854
858	799
859	846
860	857
861	746
862	795
863	837
864	815
865	839
866	846
867	830
868	871
869	842
870	818
871	830
872	825
873	830
874	830
875	792
876	833
877	779
878	804
879	785
880	821
881	809
882	854
883	818
884	788
885	732
886	775
887	801
888	804
889	763
890	791
891	782
892	840
893	805
894	740
895	772
896	792
897	769
898	802
899	871
900	867
901	863
902	943
903	934
904	906
905	898
906	894
907	830
908	814
909	737
910	799
911	808
912	821
913	784
914	802
915	757
916	751
917	792
918	684
919	763
920	727
921	756
922	741
923	729
924	727
925	756
926	757
927	697
928	710
929	753
930	743
931	714
932	747
933	803
934	705
935	708
936	730
937	754
938	724
939	703
940	682
941	755
942	684
943	758
944	806
945	740
946	727
947	704
948	738
949	709
950	697
951	735
952	675
953	671
954	690
955	700
956	708
957	710
958	651
959	651
960	677
961	742
962	731
963	710
964	709
965	677
966	674
967	694
968	720
969	705
970	672
971	716
972	717
973	696
974	633
975	679
976	679
977	668
978	660
979	683
980	677
981	754
982	706
983	739
984	693
985	669
986	677
987	685
988	692
989	669
990	671
991	624
992	663
993	624
994	686
995	681
996	685
997	652
998	655
999	669
1000	693
1001	649
1002	692
1003	650
1004	684
1005	697
1006	631
1007	680
1008	617
1009	676
1010	672
1011	639
1012	633
1013	666
1014	656
1015	592
1016	694
1017	666
1018	697
1019	711
1020	686
1021	757
1022	705
1023	639
1024	583
1025	650
1026	611
1027	627
1028	654
1029	634
1030	634
1031	645
1032	644
1033	631
1034	608
1035	588
1036	644
1037	611
1038	617
1039	634
1040	617
1041	598
1042	617
1043	620
1044	625
1045	664
1046	623
1047	602
1048	618
1049	630
1050	626
1051	609
1052	617
1053	637
1054	575
1055	619
1056	656
1057	605
1058	616
1059	562
1060	591
1061	603
1062	592
1063	594
1064	627
1065	576
1066	563
1067	611
1068	643
1069	621
1070	614
1071	587
1072	630
1073	604
1074	590
1075	622
1076	595
1077	580
1078	623
1079	580
1080	572
1081	595
1082	580
1083	625
1084	559
1085	581
1086	602
1087	637
1088	580
1089	627
1090	556
1091	580
1092	562
1093	608
1094	573
1095	593
1096	609
1097	586
1098	581
1099	588
1100	568
1101	561
1102	555
1103	578
1104	590
1105	572
1106	555
1107	572
1108	574
1109	551
1110	499
1111	554
1112	550
1113	526
1114	544
1115	536
1116	583
1117	561
1118	541
1119	560
1120	569
1121	571
1122	559
1123	499
1124	558
1125	523
1126	561
1127	562
1128	539
1129	563
1130	527
1131	522
1132	565
1133	562
1134	581
1135	561
1136	532
1137	542
1138	545
1139	551
1140	494
1141	565
1142	560
1143	539
1144	492
1145	573
1146	514
1147	493
1148	549
1149	528
1150	552
1151	563
1152	554
1153	531
1154	521
1155	502
1156	516
1157	520
1158	537
1159	541
1160	539
1161	531
1162	610
1163	763
1164	946
1165	1076
1166	1233
1167	1164
1168	1013
1169	894
1170	694
1171	583
1172	542
1173	572
1174	497
1175	567
1176	576
1177	527
1178	562
1179	571
1180	595
1181	580
1182	577
1183	621
1184	559
1185	528
1186	556
1187	492
1188	495
1189	502
1190	508
1191	473
1192	483
1193	458
1194	475
1195	440
1196	484
1197	482
1198	464
1199	524
1200	484
1201	470
1202	471
1203	443
1204	455
1205	465
1206	497
1207	500
1208	453
1209	440
1210	443
1211	504
1212	456
1213	489
1214	430
1215	460
1216	449
1217	414
1218	482
1219	439
1220	476
1221	437
1222	470
1223	485
1224	469
1225	431
1226	484
1227	447
1228	453
1229	461
1230	455
1231	441
1232	436
1233	430
1234	469
1235	461
1236	461
1237	490
1238	433
1239	464
1240	437
1241	468
1242	412
1243	429
1244	420
1245	431
1246	439
1247	449
1248	427
1249	389
1250	438
1251	494
1252	443
1253	420
1254	455
1255	412
1256	417
1257	449
1258	434
1259	432
1260	414
1261	444
1262	423
1263	427
1264	425
1265	419
1266	468
1267	441
1268	413
1269	410
1270	453
1271	401
1272	414
1273	416
1274	391
1275	455
1276	446
1277	390
1278	433
1279	370
1280	451
1281	415
1282	428
1283	442
1284	432
1285	414
1286	440
1287	458
1288	417
1289	388
1290	404
1291	404
1292	401
1293	391
1294	427
1295	430
1296	393
1297	408
1298	371
1299	402
1300	401
1301	383
1302	373
1303	377
1304	405
1305	417
1306	404
1307	398
1308	362
1309	382
1310	410
1311	379
1312	376
1313	414
1314	370
1315	402
1316	385
1317	387
1318	415
1319	459
1320	410
1321	409
1322	420
1323	437
1324	453
1325	453
1326	402
1327	419
1328	406
1329	392
1330	446
1331	343
1332	378
1333	397
1334	372
1335	381
1336	377
1337	392
1338	425
1339	354
1340	414
1341	383
1342	367
1343	360
1344	418
1345	375
1346	381
1347	382
1348	378
1349	389
1350	402
1351	337
1352	385
1353	398
1354	408
1355	377
1356	382
1357	402
1358	414
1359	435
1360	420
1361	404
1362	399
1363	376
1364	397
1365	394
1366	376
1367	367
1368	326
1369	375
1370	367
1371	405
1372	360
1373	359
1374	368
1375	353
1376	390
1377	344
1378	368
1379	356
1380	348
1381	334
1382	388
1383	338
1384	362
1385	350
1386	355
1387	360
1388	352
1389	383
1390	357
1391	335
1392	365
1393	369
1394	381
1395	332
1396	376
1397	343
1398	354
1399	363
1400	332
1401	368
1402	352
1403	372
1404	346
1405	353
1406	357
1407	350
1408	354
1409	362
1410	319
1411	401
1412	350
1413	362
1414	348
1415	347
1416	363
1417	363
1418	346
1419	397
1420	360
1421	343
1422	347
1423	337
1424	364
1425	340
1426	316
1427	355
1428	344
1429	366
1430	332
1431	301
1432	322
1433	351
1434	335
1435	329
1436	311
1437	305
1438	338
1439	309
1440	323
1441	370
1442	371
1443	357
1444	382
1445	449
1446	508
1447	595
1448	581
1449	579
1450	521
1451	427
1452	396
1453	356
1454	340
1455	328
1456	351
1457	327
1458	347
1459	309
1460	355
1461	346
1462	320
1463	319
1464	341
1465	346
1466	311
1467	324
1468	328
1469	325
1470	339
1471	348
1472	372
1473	362
1474	360
1475	346
1476	326
1477	324
1478	348
1479	331
1480	305
1481	310
1482	299
1483	334
1484	332
1485	318
1486	338
1487	290
1488	302
1489	328
1490	314
1491	313
1492	353
1493	310
1494	301
1495	335
1496	315
1497	284
1498	325
1499	295
1500	310
1501	323
1502	342
1503	332
1504	348
1505	309
1506	337
1507	329
1508	302
1509	302
1510	305
1511	336
1512	297
1513	298
1514	304
1515	339
1516	302
1517	335
1518	305
1519	351
1520	305
1521	294
1522	300
1523	276
1524	304
1525	268
1526	286
1527	296
1528	319
1529	309
1530	302
1531	283
1532	305
1533	273
1534	319
1535	322
1536	336
1537	286
1538	285
1539	313
1540	286
1541	313
1542	319
1543	318
1544	282
1545	298
1546	290
1547	277
1548	278
1549	290
1550	291
1551	287
1552	296
1553	281
1554	311
1555	282
1556	299
1557	277
1558	295
1559	288
1560	293
1561	272
1562	286
1563	297
1564	279
1565	290
1566	265
1567	301
1568	275
1569	277
1570	278
1571	263
1572	264
1573	323
1574	302
1575	289
1576	269
1577	281
1578	314
1579	301
1580	315
1581	269
1582	280
1583	311
1584	308
1585	271
1586	282
1587	284
1588	304
1589	275
1590	289
1591	298
1592	313
1593	262
1594	280
1595	293
1596	280
1597	317
1598	283
1599	286
1600	233
1601	283
1602	297
1603	299
1604	274
1605	269
1606	278
1607	286
1608	283
1609	321
1610	318
1611	302
1612	293
1613	278
1614	325
1615	277
1616	274
1617	258
1618	287
1619	280
1620	278
1621	285
1622	276
1623	262
1624	271
1625	267
1626	256
1627	300
1628	272
1629	278
1630	270
1631	261
1632	265
1633	266
1634	288
1635	283
1636	287
1637	287
1638	272
1639	293
1640	295
1641	238
1642	271
1643	273
1644	293
1645	276
1646	275
1647	252
1648	261
1649	251
1650	274
1651	252
1652	268
1653	278
1654	290
1655	277
1656	269
1657	279
1658	280
1659	329
1660	332
1661	395
1662	419
1663	389
1664	383
1665	354
1666	313
1667	311
1668	256
1669	285
1670	285
1671	267
1672	309
1673	284
1674	283
1675	279
1676	273
1677	242
1678	239
1679	279
1680	274
1681	246
1682	239
1683	263
1684	233
1685	252
1686	244
1687	269
1688	259
1689	276
1690	255
1691	254
1692	255
1693	269
1694	245
1695	279
1696	230
1697	249
1698	268
1699	249
1700	233
1701	261
1702	263
1703	262
1704	239
1705	250
1706	255
1707	253
1708	256
1709	257
1710	238
1711	259
1712	224
1713	235
1714	261
1715	244
1716	253
1717	261
1718	235
1719	232
1720	246
1721	261
1722	260
1723	288
1724	295
1725	320
1726	330
1727	418
1728	543
1729	644
1730	659
1731	659
1732	599
1733	501
1734	379
1735	306
1736	280
1737	238
1738	261
1739	243
1740	238
1741	230
1742	251
1743	256
1744	231
1745	236
1746	251
1747	245
1748	235
1749	197
1750	249
1751	241
1752	213
1753	234
1754	253
1755	215
1756	237
1757	250
1758	256
1759	224
1760	221
1761	221
1762	228
1763	253
1764	206
1765	206
1766	233
1767	222
1768	242
1769	225
1770	209
1771	234
1772	224
1773	231
1774	214
1775	245
1776	252
1777	248
1778	219
1779	236
1780	233
1781	243
1782	207
1783	245
1784	189
1785	240
1786	245
1787	232
1788	226
1789	246
1790	245
1791	223
1792	223
1793	222
1794	229
1795	244
1796	232
1797	205
1798	234
1799	208
1800	211
1801	241
1802	226
1803	239
1804	226
1805	203
1806	225
1807	214
1808	208
1809	217
1810	210
1811	222
1812	231
1813	192
1814	231
1815	215
1816	222
1817	229
1818	228
1819	223
1820	192
1821	248
1822	224
1823	208
1824	199
1825	212
1826	217
1827	213
1828	225
1829	228
1830	233
1831	226
1832	216
1833	229
1834	247
1835	209
1836	209
1837	227
1838	237
1839	211
1840	204
1841	202
1842	218
1843	209
1844	203
1845	223
1846	209
1847	209
1848	198
1849	191
1850	231
1851	220
1852	192
1853	233
1854	213
1855	231
1856	214
1857	191
1858	199
1859	214
1860	199
1861	218
1862	235
1863	206
1864	222
1865	235
1866	239
1867	210
1868	217
1869	214
1870	216
1871	209
1872	200
1873	225
1874	211
1875	202
1876	220
1877	221
1878	196
1879	199
1880	183
1881	212
1882	229
1883	227
1884	206
1885	230
1886	222
1887	203
1888	210
1889	207
1890	205
1891	215
1892	204
1893	201
1894	229
1895	191
1896	205
1897	179
1898	224
1899	211
1900	212
1901	210
1902	213
1903	207
1904	221
1905	207
1906	182
1907	207
1908	198
1909	210
1910	196
1911	206
1912	245
1913	213
1914	219
1915	226
1916	232
1917	246
1918	181
1919	227
1920	211
1921	213
1922	191
1923	213
1924	191
1925	208
1926	240
1927	191
1928	185
1929	190
1930	191
1931	210
1932	198
1933	206
1934	208
1935	179
1936	186
1937	211
1938	203
1939	228
1940	219
1941	218
1942	197
1943	206
1944	209
1945	180
1946	209
1947	217
1948	190
1949	201
1950	217
1951	203
1952	182
1953	204
1954	193
1955	197
1956	205
1957	208
1958	214
1959	204
1960	183
1961	189
1962	201
1963	189
1964	201
1965	206
1966	200
1967	198
1968	190
1969	193
1970	206
1971	198
1972	224
1973	207
1974	200
1975	188
1976	174
1977	221
1978	199
1979	201
1980	199
1981	186
1982	196
1983	196
1984	192
1985	217
1986	178
1987	179
1988	215
1989	202
1990	192
1991	195
1992	187
1993	222
1994	213
1995	227
1996	198
1997	198
1998	186
1999	193
2000	206
2001	189
2002	163
2003	191
2004	195
2005	200
2006	186
2007	190
2008	186
2009	186
2010	182
2011	197
2012	176
2013	196
2014	200
2015	204
2016	195
2017	198
2018	179
2019	195
2020	207
2021	208
2022	193
2023	188
2024	196
2025	191
2026	183
2027	161
2028	188
2029	188
2030	217
2031	188
2032	172
2033	178
2034	188
2035	207
2036	184
2037	179
2038	189
2039	206
2040	196
2041	194
2042	182
2043	193
2044	165
2045	191
2046	198
2047	182
2048	197
2049	173
2050	186
2051	189
2052	188
2053	158
2054	168
2055	191
2056	201
2057	191
2058	155
2059	195
2060	168
2061	180
2062	194
2063	183
2064	173
2065	172
2066	194
2067	196
2068	171
2069	173
2070	183
2071	201
2072	202
2073	178
2074	170
2075	174
2076	194
2077	197
2078	180
2079	192
2080	183
2081	177
2082	174
2083	177
2084	184
2085	172
2086	185
2087	203
2088	174
2089	181
2090	157
2091	183
2092	190
2093	162
2094	177
2095	172
2096	197
2097	151
2098	176
2099	202
2100	188
2101	169
2102	148
2103	183
2104	188
2105	169
2106	196
2107	189
2108	177
2109	177
2110	180
2111	170
2112	158
2113	176
2114	158
2115	177
2116	190
2117	156
2118	179
2119	161
2120	169
2121	168
2122	177
2123	160
2124	187
2125	179
2126	160
2127	171
2128	189
2129	170
2130	177
2131	177
2132	178
2133	161
2134	170
2135	178
2136	177
2137	169
2138	167
2139	165
2140	181
2141	178
2142	158
2143	178
2144	170
2145	175
2146	162
2147	156
2148	182
2149	167
2150	173
2151	165
2152	145
2153	170
2154	165
2155	187
2156	173
2157	176
2158	181
2159	165
2160	179
2161	190
2162	167
2163	198
2164	196
2165	170
2166	173
2167	174
2168	168
2169	167
2170	165
2171	186
2172	191
2173	185
2174	172
2175	162
2176	147
2177	183
2178	170
2179	149
2180	170
2181	167
2182	172
2183	183
2184	188
2185	162
2186	173
2187	169
2188	176
2189	160
2190	165
2191	164
2192	151
2193	161
2194	165
2195	152
2196	184
2197	162
2198	147
2199	146
2200	166
2201	174
2202	156
2203	177
2204	188
2205	169
2206	169
2207	162
2208	173
2209	170
2210	163
2211	156
2212	156
2213	179
2214	150
2215	154
2216	175
2217	169
2218	181
2219	169
2220	149
2221	169
2222	189
2223	192
2224	159
2225	156
2226	156
2227	166
2228	161
2229	181
2230	161
2231	156
2232	172
2233	164
2234	182
2235	145
2236	163
2237	150
2238	161
2239	134
2240	157
2241	161
2242	154
2243	179
2244	147
2245	170
2246	161
2247	140
2248	166
2249	145
2250	151
2251	160
2252	147
2253	159
2254	164
2255	150
2256	132
2257	173
2258	173
2259	151
2260	150
2261	144
2262	162
2263	148
2264	171
2265	165
2266	154
2267	144
2268	150
2269	165
2270	153
2271	153
2272	146
2273	147
2274	163
2275	166
2276	148
2277	186
2278	176
2279	171
2280	159
2281	186
2282	187
2283	206
2284	216
2285	210
2286	175
2287	164
2288	157
2289	150
2290	173
2291	156
2292	156
2293	160
2294	164
2295	164
2296	169
2297	149
2298	162
2299	172
2300	134
2301	161
2302	156
2303	158
2304	151
2305	141
2306	153
2307	142
2308	149
2309	153
2310	168
2311	160
2312	157
2313	180
2314	154
2315	169
2316	164
2317	143
2318	159
2319	152
2320	143
2321	133
2322	139
2323	173
2324	151
2325	175
2326	152
2327	157
2328	160
2329	155
2330	172
2331	167
2332	122
2333	150
2334	142
2335	161
2336	145
2337	148
2338	163
2339	168
2340	157
2341	151
2342	155
2343	174
2344	160
2345	138
2346	145
2347	160
2348	150
2349	151
2350	153
2351	140
2352	144
2353	130
2354	151
2355	173
2356	150
2357	137
2358	152
2359	120
2360	170
2361	145
2362	150
2363	147
2364	140
2365	170
2366	161
2367	150
2368	163
2369	151
2370	140
2371	145
2372	167
2373	144
2374	147
2375	147
2376	145
2377	164
2378	134
2379	146
2380	155
2381	153
2382	151
2383	125
2384	147
2385	124
2386	154
2387	162
2388	136
2389	121
2390	149
2391	129
2392	122
2393	135
2394	164
2395	141
2396	130
2397	138
2398	141
2399	149
2400	146
2401	169
2402	129
2403	147
2404	161
2405	134
2406	142
2407	144
2408	152
2409	140
2410	143
2411	146
2412	156
2413	129
2414	138
2415	143
2416	146
2417	131
2418	132
2419	154
2420	146
2421	152
2422	151
2423	140
2424	135
2425	125
2426	142
2427	143
2428	134
2429	146
2430	158
2431	130
2432	111
2433	135
2434	144
2435	139
2436	146
2437	137
2438	111
2439	139
2440	129
2441	149
2442	140
2443	151
2444	137
2445	132
2446	126
2447	121
2448	147
2449	130
2450	129
2451	144
2452	154
2453	136
2454	138
2455	137
2456	125
2457	136
2458	139
2459	156
2460	139
2461	122
2462	121
2463	125
2464	160
2465	129
2466	123
2467	143
2468	139
2469	129
2470	132
2471	142
2472	132
2473	138
2474	141
2475	120
2476	121
2477	136
2478	124
2479	133
2480	125
2481	139
2482	122
2483	152
2484	112
2485	153
2486	137
2487	138
2488	177
2489	136
2490	131
2491	148
2492	130
2493	143
2494	127
2495	152
2496	140
2497	128
2498	132
2499	133
2500	119
2501	130
2502	153
2503	152
2504	151
2505	153
2506	141
2507	120
2508	137
2509	180
2510	149
2511	176
2512	184
2513	182
2514	220
2515	242
2516	279
2517	295
2518	346
2519	377
2520	404
2521	411
2522	420
2523	448
2524	414
2525	331
2526	354
2527	277
2528	268
2529	222
2530	207
2531	186
2532	182
2533	190
2534	146
2535	151
2536	153
2537	132
2538	147
2539	154
2540	130
2541	134
2542	122
2543	131
2544	109
2545	111
2546	125
2547	119
2548	134
2549	105
2550	119
2551	145
2552	125
2553	172
2554	122
2555	129
2556	117
2557	137
2558	125
2559	127
2560	111
2561	117
2562	122
2563	117
2564	116
2565	135
2566	123
2567	121
2568	120
2569	114
2570	126
2571	114
2572	125
2573	143
2574	135
2575	124
2576	143
2577	129
2578	103
2579	120
2580	130
2581	120
2582	132
2583	131
2584	127
2585	110
2586	105
2587	120
2588	125
2589	122
2590	116
2591	120
2592	118
2593	113
2594	107
2595	132
2596	141
2597	127
2598	134
2599	141
2600	120
2601	110
2602	114
2603	98
2604	141
2605	117
2606	108
2607	118
2608	123
2609	142
2610	113
2611	118
2612	108
2613	121
2614	118
2615	103
2616	125
2617	105
2618	136
2619	116
2620	117
2621	128
2622	102
2623	95
2624	119
2625	136
2626	88
2627	130
2628	103
2629	114
2630	139
2631	105
2632	127
2633	125
2634	108
2635	134
2636	114
2637	119
2638	139
2639	103
2640	96
2641	127
2642	107
2643	120
2644	118
2645	121
2646	122
2647	116
2648	115
2649	118
2650	127
2651	131
2652	106
2653	140
2654	124
2655	110
2656	97
2657	99
2658	102
2659	138
2660	114
2661	119
2662	117
2663	98
2664	122
2665	116
2666	106
2667	128
2668	108
2669	111
2670	109
2671	128
2672	122
2673	112
2674	115
2675	120
2676	103
2677	124
2678	119
2679	119
2680	96
2681	124
2682	136
2683	115
2684	128
2685	118
2686	112
2687	112
2688	112
2689	110
2690	125
2691	108
2692	115
2693	115
2694	108
2695	127
2696	86
2697	121
2698	94
2699	119
2700	116
2701	124
2702	138
2703	129
2704	115
2705	105
2706	116
2707	113
2708	125
2709	108
2710	107
2711	133
2712	131
2713	126
2714	108
2715	94
2716	119
2717	113
2718	121
2719	136
2720	120
2721	95
2722	128
2723	104
2724	124
2725	120
2726	114
2727	103
2728	118
2729	111
2730	120
2731	104
2732	99
2733	97
2734	114
2735	117
2736	126
2737	120
2738	133
2739	100
2740	123
2741	106
2742	116
2743	114
2744	120
2745	100
2746	115
2747	115
2748	106
2749	104
2750	100
2751	115
2752	119
2753	119
2754	110
2755	101
2756	98
2757	114
2758	117
2759	106
2760	121
2761	98
2762	125
2763	115
2764	87
2765	101
2766	95
2767	97
2768	109
2769	93
2770	119
2771	110
2772	110
2773	113
2774	89
2775	126
2776	102
2777	111
2778	134
2779	124
2780	116
2781	130
2782	113
2783	122
2784	106
2785	110
2786	91
2787	112
2788	111
2789	127
2790	114
2791	94
2792	143
2793	105
2794	115
2795	105
2796	115
2797	110
2798	112
2799	118
2800	104
2801	104
2802	121
2803	83
2804	97
2805	107
2806	103
2807	96
2808	107
2809	96
2810	111
2811	113
2812	131
2813	131
2814	124
2815	116
2816	109
2817	131
2818	98
2819	119
2820	127
2821	109
2822	106
2823	90
2824	122
2825	108
2826	113
2827	108
2828	120
2829	110
2830	120
2831	97
2832	113
2833	114
2834	104
2835	117
2836	117
2837	133
2838	103
2839	112
2840	93
2841	117
2842	107
2843	118
2844	107
2845	97
2846	112
2847	99
2848	101
2849	105
2850	83
2851	122
2852	103
2853	115
2854	111
2855	103
2856	108
2857	114
2858	97
2859	101
2860	110
2861	108
2862	110
2863	115
2864	108
2865	109
2866	109
2867	113
2868	96
2869	121
2870	119
2871	100
2872	107
2873	125
2874	102
2875	145
2876	155
2877	170
2878	225
2879	298
2880	359
2881	410
2882	396
2883	403
2884	374
2885	310
2886	218
2887	172
2888	136
2889	126
2890	136
2891	105
2892	92
2893	111
2894	82
2895	112
2896	105
2897	102
2898	106
2899	103
2900	94
2901	118
2902	121
2903	107
2904	94
2905	104
2906	93
2907	99
2908	120
2909	112
2910	111
2911	95
2912	109
2913	99
2914	98
2915	109
2916	117
2917	125
2918	104
2919	99
2920	104
2921	109
2922	114
2923	116
2924	102
2925	110
2926	126
2927	100
2928	124
2929	102
2930	103
2931	108
2932	110
2933	98
2934	97
2935	85
2936	107
2937	118
2938	115
2939	103
2940	104
2941	109
2942	86
2943	101
2944	107
2945	119
2946	95
2947	110
2948	116
2949	100
2950	116
2951	97
2952	104
2953	114
2954	109
2955	89
2956	100
2957	104
2958	108
2959	106
2960	121
2961	97
2962	102
2963	80
2964	118
2965	99
2966	97
2967	98
2968	97
2969	89
2970	99
2971	95
2972	105
2973	129
2974	110
2975	94
2976	85
2977	113
2978	105
2979	107
2980	98
2981	115
2982	108
2983	101
2984	122
2985	94
2986	107
2987	101
2988	106
2989	99
2990	107
2991	102
2992	97
2993	90
2994	113
2995	103
2996	132
2997	109
2998	94
2999	104
3000	105
3001	101
3002	98
3003	103
3004	114
3005	147
3006	154
3007	197
3008	264
3009	343
3010	460
3011	492
3012	465
3013	467
3014	464
3015	340
3016	266
3017	209
3018	142
3019	110
3020	107
3021	107
3022	93
3023	109
3024	102
3025	95
3026	95
3027	88
3028	100
3029	96
3030	82
3031	111
3032	91
3033	114
3034	92
3035	101
3036	94
3037	90
3038	101
3039	111
3040	99
3041	83
3042	104
3043	103
3044	87
3045	92
3046	105
3047	97
3048	115
3049	96
3050	91
3051	100
3052	93
3053	78
3054	95
3055	92
3056	76
3057	98
3058	84
3059	98
3060	80
3061	118
3062	102
3063	98
3064	100
3065	105
3066	111
3067	108
3068	85
3069	91
3070	102
3071	103
3072	108
3073	83
3074	90
3075	72
3076	106
3077	83
3078	99
3079	85
3080	68
3081	110
3082	93
3083	100
3084	98
3085	85
3086	89
3087	87
3088	100
3089	85
3090	95
3091	81
3092	80
3093	104
3094	94
3095	101
3096	88
3097	103
3098	91
3099	99
3100	114
3101	86
3102	94
3103	121
3104	92
3105	78
3106	108
3107	83
3108	109
3109	87
3110	101
3111	80
3112	101
3113	129
3114	101
3115	78
3116	101
3117	94
3118	75
3119	87
3120	94
3121	108
3122	92
3123	90
3124	87
3125	92
3126	111
3127	90
3128	107
3129	117
3130	100
3131	112
3132	101
3133	113
3134	92
3135	92
3136	81
3137	102
3138	81
3139	78
3140	98
3141	98
3142	99
3143	95
3144	94
3145	103
3146	89
3147	82
3148	102
3149	87
3150	88
3151	93
3152	88
3153	91
3154	103
3155	96
3156	97
3157	105
3158	88
3159	92
3160	89
3161	97
3162	104
3163	103
3164	102
3165	114
3166	89
3167	103
3168	95
3169	117
3170	81
3171	109
3172	82
3173	74
3174	91
3175	100
3176	100
3177	84
3178	97
3179	85
3180	99
3181	76
3182	90
3183	110
3184	77
3185	105
3186	81
3187	96
3188	97
3189	77
3190	83
3191	80
3192	100
3193	100
3194	96
3195	104
3196	87
3197	101
3198	92
3199	82
3200	87
3201	91
3202	85
3203	93
3204	89
3205	74
3206	102
3207	78
3208	80
3209	93
3210	91
3211	87
3212	91
3213	81
3214	80
3215	88
3216	93
3217	95
3218	102
3219	72
3220	96
3221	98
3222	77
3223	93
3224	84
3225	93
3226	90
3227	116
3228	83
3229	98
3230	99
3231	86
3232	98
3233	113
3234	103
3235	97
3236	97
3237	115
3238	85
3239	96
3240	92
3241	80
3242	87
3243	89
3244	106
3245	79
3246	85
3247	89
3248	98
3249	82
3250	88
3251	84
3252	97
3253	114
3254	99
3255	93
3256	100
3257	92
3258	110
3259	89
3260	92
3261	103
3262	112
3263	84
3264	91
3265	121
3266	163
3267	230
3268	366
3269	511
3270	696
3271	838
3272	980
3273	948
3274	888
3275	740
3276	523
3277	402
3278	263
3279	149
3280	110
3281	88
3282	81
3283	73
3284	77
3285	80
3286	69
3287	79
3288	109
3289	98
3290	80
3291	92
3292	82
3293	85
3294	84
3295	82
3296	78
3297	101
3298	85
3299	80
3300	69
3301	74
3302	93
3303	88
3304	80
3305	78
3306	80
3307	73
3308	91
3309	89
3310	81
3311	72
3312	74
3313	72
3314	86
3315	76
3316	81
3317	73
3318	79
3319	79
3320	75
3321	73
3322	70
3323	58
3324	74
3325	88
3326	78
3327	78
3328	82
3329	78
3330	66
3331	93
3332	83
3333	71
3334	92
3335	76
3336	56
3337	66
3338	85
3339	76
3340	79
3341	94
3342	81
3343	71
3344	79
3345	74
3346	70
3347	77
3348	82
3349	78
3350	77
3351	70
3352	83
3353	72
3354	76
3355	62
3356	76
3357	76
3358	70
3359	50
3360	83
3361	75
3362	62
3363	76
3364	77
3365	68
3366	73
3367	85
3368	80
3369	59
3370	58
3371	74
3372	70
3373	78
3374	72
3375	83
3376	82
3377	74
3378	90
3379	91
3380	78
3381	85
3382	72
3383	76
3384	86
3385	71
3386	82
3387	70
3388	82
3389	78
3390	85
3391	85
3392	81
3393	78
3394	74
3395	64
3396	64
3397	76
3398	76
3399	72
3400	68
3401	69
3402	72
3403	74
3404	63
3405	60
3406	88
3407	85
3408	77
3409	76
3410	77
3411	57
3412	103
3413	92
3414	71
3415	67
3416	65
3417	66
3418	76
3419	66
3420	76
3421	67
3422	79
3423	94
3424	76
3425	90
3426	69
3427	87
3428	54
3429	83
3430	69
3431	68
3432	76
3433	78
3434	69
3435	75
3436	75
3437	68
3438	80
3439	80
3440	73
3441	79
3442	78
3443	75
3444	72
3445	67
3446	81
3447	72
3448	92
3449	73
3450	76
3451	76
3452	72
3453	76
3454	90
3455	60
3456	65
3457	82
3458	64
3459	82
3460	89
3461	63
3462	67
3463	76
3464	85
3465	78
3466	84
3467	72
3468	79
3469	60
3470	76
3471	75
3472	75
3473	84
3474	68
3475	85
3476	64
3477	78
3478	80
3479	81
3480	74
3481	79
3482	80
3483	71
3484	80
3485	66
3486	83
3487	66
3488	77
3489	72
3490	65
3491	77
3492	93
3493	76
3494	87
3495	90
3496	70
3497	86
3498	70
3499	80
3500	81
3501	68
3502	65
3503	70
3504	81
3505	79
3506	82
3507	69
3508	72
3509	94
3510	88
3511	78
3512	76
3513	71
3514	75
3515	63
3516	80
3517	71
3518	67
3519	91
3520	58
3521	76
3522	69
3523	63
3524	75
3525	60
3526	84
3527	83
3528	63
3529	75
3530	75
3531	85
3532	69
3533	63
3534	68
3535	53
3536	71
3537	69
3538	74
3539	68
3540	74
3541	53
3542	86
3543	69
3544	75
3545	67
3546	80
3547	67
3548	77
3549	63
3550	80
3551	60
3552	72
3553	54
3554	85
3555	70
3556	68
3557	73
3558	58
3559	76
3560	82
3561	77
3562	78
3563	78
3564	77
3565	72
3566	78
3567	82
3568	66
3569	70
3570	64
3571	52
3572	65
3573	79
3574	67
3575	68
3576	65
3577	71
3578	86
3579	58
3580	62
3581	78
3582	47
3583	62
3584	62
3585	60
3586	69
3587	69
3588	78
3589	75
3590	64
3591	83
3592	73
3593	90
3594	99
3595	89
3596	109
3597	122
3598	122
3599	141
3600	133
3601	136
3602	129
3603	98
3604	85
3605	94
3606	83
3607	80
3608	75
3609	63
3610	65
3611	65
3612	60
3613	58
3614	63
3615	67
3616	69
3617	85
3618	68
3619	77
3620	63
3621	62
3622	75
3623	67
3624	81
3625	73
3626	60
3627	73
3628	79
3629	71
3630	66
3631	66
3632	77
3633	80
3634	71
3635	61
3636	61
3637	63
3638	72
3639	57
3640	70
3641	63
3642	74
3643	71
3644	68
3645	70
3646	81
3647	61
3648	57
3649	78
3650	67
3651	64
3652	66
3653	67
3654	76
3655	63
3656	71
3657	65
3658	73
3659	76
3660	57
3661	74
3662	62
3663	63
3664	75
3665	51
3666	79
3667	61
3668	54
3669	65
3670	77
3671	51
3672	60
3673	66
3674	82
3675	61
3676	58
3677	69
3678	58
3679	73
3680	58
3681	68
3682	71
3683	82
3684	70
3685	51
3686	66
3687	76
3688	61
3689	70
3690	60
3691	66
3692	73
3693	75
3694	81
3695	71
3696	67
3697	69
3698	54
3699	79
3700	66
3701	67
3702	76
3703	77
3704	60
3705	65
3706	61
3707	68
3708	59
3709	79
3710	77
3711	77
3712	65
3713	68
3714	70
3715	59
3716	49
3717	62
3718	73
3719	64
3720	51
3721	62
3722	58
3723	57
3724	70
3725	64
3726	68
3727	68
3728	82
3729	72
3730	54
3731	62
3732	56
3733	74
3734	89
3735	64
3736	96
3737	91
3738	69
3739	73
3740	86
3741	63
3742	64
3743	64
3744	65
3745	71
3746	68
3747	58
3748	51
3749	83
3750	55
3751	56
3752	74
3753	72
3754	64
3755	60
3756	66
3757	66
3758	58
3759	64
3760	73
3761	70
3762	69
3763	64
3764	66
3765	60
3766	86
3767	77
3768	60
3769	66
3770	72
3771	72
3772	64
3773	60
3774	72
3775	81
3776	70
3777	69
3778	89
3779	56
3780	73
3781	69
3782	55
3783	70
3784	71
3785	79
3786	68
3787	57
3788	58
3789	59
3790	73
3791	62
3792	76
3793	68
3794	76
3795	69
3796	74
3797	71
3798	67
3799	75
3800	84
3801	98
3802	103
3803	112
3804	96
3805	99
3806	101
3807	81
3808	80
3809	74
3810	64
3811	67
3812	54
3813	82
3814	57
3815	74
3816	72
3817	66
3818	67
3819	68
3820	72
3821	69
3822	67
3823	69
3824	78
3825	84
3826	72
3827	72
3828	59
3829	45
3830	66
3831	68
3832	58
3833	75
3834	58
3835	51
3836	65
3837	59
3838	57
3839	56
3840	68
3841	51
3842	61
3843	62
3844	62
3845	75
3846	55
3847	77
3848	47
3849	64
3850	60
3851	52
3852	67
3853	71
3854	45
3855	57
3856	84
3857	63
3858	60
3859	55
3860	54
3861	59
3862	58
3863	58
3864	57
3865	59
3866	64
3867	69
3868	64
3869	60
3870	64
3871	60
3872	77
3873	55
3874	60
3875	74
3876	67
3877	66
3878	69
3879	49
3880	63
3881	68
3882	66
3883	55
3884	65
3885	71
3886	68
3887	79
3888	77
3889	75
3890	80
3891	83
3892	75
3893	64
3894	71
3895	79
3896	66
3897	69
3898	72
3899	66
3900	67
3901	55
3902	69
3903	74
3904	56
3905	64
3906	63
3907	76
3908	64
3909	52
3910	76
3911	60
3912	54
3913	60
3914	55
3915	64
3916	60
3917	59
3918	67
3919	58
3920	64
3921	67
3922	71
3923	74
3924	57
3925	65
3926	53
3927	67
3928	42
3929	57
3930	77
3931	76
3932	83
3933	88
3934	94
3935	93
3936	82
3937	98
3938	95
3939	90
3940	85
3941	70
3942	63
3943	61
3944	70
3945	54
3946	61
3947	59
3948	71
3949	69
3950	51
3951	62
3952	61
3953	65
3954	56
3955	49
3956	67
3957	59
3958	56
3959	64
3960	51
3961	61
3962	65
3963	77
3964	65
3965	71
3966	52
3967	51
3968	53
3969	53
3970	60
3971	57
3972	63
3973	75
3974	50
3975	65
3976	65
3977	57
3978	52
3979	74
3980	51
3981	58
3982	71
3983	61
3984	55
3985	64
3986	72
3987	51
3988	69
3989	68
3990	63
3991	83
3992	73
3993	68
3994	55
3995	65
3996	67
3997	64
3998	64
3999	57
4000	51
4001	63
4002	71
4003	49
4004	67
4005	50
4006	53
4007	57
4008	65
4009	67
4010	59
4011	55
4012	52
4013	62
4014	69
4015	46
4016	43
4017	57
4018	62
4019	60
4020	51
4021	67
4022	63
4023	62
4024	44
4025	61
4026	49
4027	55
4028	67
4029	53
4030	49
4031	68
4032	50
4033	62
4034	64
4035	60
4036	55
4037	54
4038	49
4039	49
4040	58
4041	59
4042	61
4043	61
4044	53
4045	51
4046	58
4047	63
4048	72
4049	65
4050	51
4051	53
4052	46
4053	53
4054	60
4055	58
4056	54
4057	53
4058	59
4059	59
4060	50
4061	62
4062	53
4063	57
4064	60
4065	52
4066	52
4067	65
4068	62
4069	60
4070	45
4071	57
4072	63
4073	50
4074	59
4075	51
4076	34
4077	49
4078	71
4079	53
4080	66
4081	56
4082	57
4083	52
4084	48
4085	56
4086	70
4087	45
4088	55
4089	63
4090	62
4091	44
4092	53
4093	54
4094	69
4095	49
4096	62
4097	63
4098	52
4099	72
4100	47
4101	58
4102	60
4103	51
4104	47
4105	65
4106	55
4107	56
4108	55
4109	36
4110	63
4111	44
4112	82
4113	63
4114	61
4115	53
4116	62
4117	56
4118	65
4119	54
4120	56
4121	46
4122	71
4123	55
4124	51
4125	60
4126	60
4127	52
4128	56
4129	62
4130	70
4131	65
4132	54
4133	50
4134	63
4135	69
4136	65
4137	57
4138	71
4139	69
4140	64
4141	59
4142	60
4143	57
4144	64
4145	61
4146	53
4147	49
4148	62
4149	46
4150	64
4151	55
4152	69
4153	61
4154	67
4155	48
4156	64
4157	69
4158	69
4159	64
4160	64
4161	57
4162	56
4163	69
4164	64
4165	63
4166	63
4167	37
4168	55
4169	58
4170	43
4171	56
4172	70
4173	52
4174	56
4175	55
4176	47
4177	47
4178	61
4179	59
4180	58
4181	58
4182	53
4183	60
4184	58
4185	42
4186	57
4187	55
4188	60
4189	60
4190	64
4191	45
4192	54
4193	56
4194	47
4195	61
4196	50
4197	51
4198	58
4199	54
4200	43
4201	55
4202	62
4203	46
4204	58
4205	59
4206	57
4207	47
4208	66
4209	53
4210	42
4211	59
4212	52
4213	43
4214	48
4215	55
4216	56
4217	59
4218	38
4219	46
4220	47
4221	58
4222	51
4223	40
4224	55
4225	54
4226	56
4227	59
4228	52
4229	51
4230	53
4231	57
4232	49
4233	71
4234	60
4235	61
4236	64
4237	56
4238	55
4239	42
4240	58
4241	60
4242	65
4243	37
4244	41
4245	53
4246	61
4247	55
4248	45
4249	55
4250	54
4251	62
4252	57
4253	61
4254	57
4255	60
4256	50
4257	60
4258	60
4259	74
4260	61
4261	91
4262	100
4263	102
4264	118
4265	69
4266	85
4267	67
4268	58
4269	50
4270	63
4271	54
4272	57
4273	55
4274	56
4275	50
4276	54
4277	66
4278	53
4279	54
4280	48
4281	53
4282	60
4283	39
4284	44
4285	64
4286	45
4287	69
4288	48
4289	52
4290	54
4291	58
4292	67
4293	59
4294	53
4295	56
4296	67
4297	53
4298	53
4299	66
4300	42
4301	41
4302	44
4303	51
4304	54
4305	63
4306	60
4307	60
4308	57
4309	50
4310	50
4311	52
4312	54
4313	55
4314	43
4315	49
4316	53
4317	55
4318	50
4319	32
4320	57
4321	48
4322	52
4323	67
4324	39
4325	53
4326	49
4327	51
4328	47
4329	45
4330	49
4331	51
4332	49
4333	50
4334	55
4335	49
4336	48
4337	59
4338	39
4339	48
4340	60
4341	63
4342	57
4343	44
4344	44
4345	63
4346	46
4347	51
4348	57
4349	41
4350	48
4351	56
4352	41
4353	57
4354	55
4355	44
4356	54
4357	69
4358	49
4359	52
4360	53
4361	57
4362	56
4363	45
4364	53
4365	55
4366	68
4367	56
4368	46
4369	48
4370	56
4371	43
4372	51
4373	58
4374	43
4375	37
4376	41
4377	49
4378	51
4379	51
4380	48
4381	50
4382	37
4383	51
4384	58
4385	63
4386	49
4387	52
4388	54
4389	50
4390	57
4391	53
4392	62
4393	49
4394	64
4395	54
4396	47
4397	50
4398	46
4399	50
4400	62
4401	54
4402	42
4403	56
4404	50
4405	55
4406	55
4407	47
4408	46
4409	47
4410	43
4411	52
4412	39
4413	59
4414	50
4415	47
4416	48
4417	58
4418	48
4419	57
4420	40
4421	58
4422	63
4423	55
4424	45
4425	57
4426	60
4427	43
4428	64
4429	46
4430	56
4431	58
4432	48
4433	60
4434	59
4435	45
4436	55
4437	54
4438	60
4439	48
4440	59
4441	48
4442	65
4443	47
4444	53
4445	49
4446	55
4447	43
4448	58
4449	57
4450	46
4451	47
4452	50
4453	51
4454	56
4455	53
4456	60
4457	46
4458	49
4459	56
4460	54
4461	47
4462	45
4463	49
4464	47
4465	48
4466	32
4467	44
4468	67
4469	47
4470	46
4471	63
4472	46
4473	54
4474	50
4475	57
4476	57
4477	57
4478	58
4479	62
4480	49
4481	63
4482	67
4483	58
4484	43
4485	67
4486	58
4487	61
4488	58
4489	56
4490	64
4491	51
4492	46
4493	34
4494	41
4495	60
4496	52
4497	60
4498	74
4499	61
4500	53
4501	62
4502	55
4503	43
4504	63
4505	63
4506	66
4507	69
4508	62
4509	93
4510	96
4511	150
4512	166
4513	202
4514	250
4515	268
4516	265
4517	274
4518	246
4519	172
4520	136
4521	92
4522	77
4523	65
4524	66
4525	45
4526	47
4527	51
4528	51
4529	50
4530	54
4531	39
4532	51
4533	61
4534	59
4535	50
4536	43
4537	35
4538	56
4539	47
4540	38
4541	40
4542	44
4543	40
4544	46
4545	42
4546	50
4547	50
4548	45
4549	43
4550	51
4551	38
4552	52
4553	56
4554	44
4555	54
4556	39
4557	40
4558	59
4559	54
4560	46
4561	50
4562	49
4563	50
4564	55
4565	58
4566	52
4567	53
4568	52
4569	38
4570	42
4571	54
4572	49
4573	50
4574	52
4575	44
4576	52
4577	49
4578	47
4579	50
4580	45
4581	42
4582	57
4583	53
4584	56
4585	51
4586	50
4587	58
4588	55
4589	52
4590	56
4591	54
4592	51
4593	52
4594	45
4595	47
4596	54
4597	52
4598	48
4599	48
4600	42
4601	51
4602	42
4603	45
4604	49
4605	39
4606	46
4607	52
4608	51
4609	56
4610	43
4611	44
4612	42
4613	44
4614	51
4615	52
4616	58
4617	46
4618	49
4619	43
4620	68
4621	45
4622	44
4623	57
4624	52
4625	61
4626	76
4627	75
4628	66
4629	82
4630	71
4631	63
4632	72
4633	78
4634	54
4635	56
4636	63
4637	52
4638	41
4639	48
4640	55
4641	56
4642	57
4643	34
4644	56
4645	41
4646	47
4647	44
4648	56
4649	47
4650	38
4651	41
4652	58
4653	39
4654	60
4655	39
4656	50
4657	56
4658	47
4659	40
4660	52
4661	36
4662	54
4663	47
4664	55
4665	47
4666	59
4667	52
4668	41
4669	40
4670	45
4671	59
4672	51
4673	52
4674	47
4675	62
4676	47
4677	42
4678	43
4679	47
4680	42
4681	65
4682	43
4683	52
4684	36
4685	52
4686	44
4687	51
4688	43
4689	51
4690	50
4691	53
4692	42
4693	51
4694	60
4695	50
4696	41
4697	54
4698	48
4699	44
4700	46
4701	51
4702	46
4703	59
4704	54
4705	56
4706	47
4707	50
4708	51
4709	57
4710	71
4711	57
4712	42
4713	49
4714	41
4715	45
4716	51
4717	52
4718	63
4719	42
4720	59
4721	57
4722	38
4723	37
4724	41
4725	39
4726	48
4727	47
4728	51
4729	57
4730	42
4731	33
4732	52
4733	48
4734	45
4735	46
4736	50
4737	48
4738	35
4739	57
4740	58
4741	49
4742	48
4743	40
4744	41
4745	52
4746	57
4747	45
4748	45
4749	48
4750	46
4751	67
4752	45
4753	56
4754	49
4755	41
4756	57
4757	39
4758	45
4759	34
4760	50
4761	47
4762	38
4763	52
4764	35
4765	40
4766	41
4767	65
4768	45
4769	50
4770	44
4771	40
4772	44
4773	36
4774	47
4775	42
4776	56
4777	56
4778	54
4779	84
4780	65
4781	83
4782	100
4783	118
4784	94
4785	90
4786	87
4787	70
4788	63
4789	41
4790	50
4791	48
4792	64
4793	42
4794	64
4795	59
4796	63
4797	75
4798	74
4799	108
4800	106
4801	133
4802	176
4803	177
4804	200
4805	187
4806	184
4807	127
4808	126
4809	90
4810	84
4811	74
4812	45
4813	36
4814	44
4815	53
4816	56
4817	36
4818	42
4819	42
4820	49
4821	40
4822	40
4823	50
4824	46
4825	52
4826	43
4827	45
4828	50
4829	43
4830	33
4831	42
4832	51
4833	41
4834	41
4835	48
4836	45
4837	40
4838	33
4839	42
4840	38
4841	58
4842	37
4843	36
4844	49
4845	47
4846	58
4847	52
4848	48
4849	51
4850	44
4851	38
4852	46
4853	51
4854	40
4855	46
4856	46
4857	49
4858	36
4859	42
4860	38
4861	43
4862	42
4863	58
4864	44
4865	34
4866	38
4867	54
4868	43
4869	44
4870	42
4871	43
4872	51
4873	50
4874	45
4875	46
4876	43
4877	49
4878	45
4879	52
4880	50
4881	48
4882	45
4883	39
4884	46
4885	46
4886	46
4887	65
4888	44
4889	44
4890	44
4891	51
4892	45
4893	50
4894	43
4895	43
4896	49
4897	43
4898	51
4899	55
4900	45
4901	46
4902	46
4903	40
4904	48
4905	48
4906	46
4907	52
4908	41
4909	44
4910	42
4911	43
4912	41
4913	41
4914	35
4915	47
4916	41
4917	44
4918	51
4919	57
4920	40
4921	41
4922	41
4923	40
4924	41
4925	41
4926	46
4927	40
4928	43
4929	35
4930	38
4931	40
4932	51
4933	48
4934	49
4935	50
4936	29
4937	35
4938	39
4939	54
4940	56
4941	53
4942	51
4943	49
4944	38
4945	42
4946	43
4947	45
4948	35
4949	51
4950	50
4951	51
4952	36
4953	48
4954	45
4955	45
4956	42
4957	43
4958	44
4959	47
4960	38
4961	42
4962	52
4963	43
4964	72
4965	62
4966	43
4967	57
4968	52
4969	47
4970	43
4971	47
4972	50
4973	43
4974	37
4975	54
4976	46
4977	52
4978	39
4979	52
4980	38
4981	38
4982	39
4983	47
4984	34
4985	38
4986	43
4987	37
4988	35
4989	43
4990	55
4991	47
4992	46
4993	43
4994	44
4995	38
4996	41
4997	45
4998	44
4999	34
5000	43
5001	39
5002	47
5003	47
5004	37
5005	30
5006	38
5007	47
5008	40
5009	48
5010	55
5011	44
5012	36
5013	42
5014	45
5015	53
5016	57
5017	48
5018	44
5019	31
5020	55
5021	35
5022	48
5023	33
5024	37
5025	43
5026	41
5027	54
5028	46
5029	52
5030	50
5031	39
5032	56
5033	36
5034	47
5035	42
5036	51
5037	42
5038	42
5039	44
5040	42
5041	48
5042	41
5043	47
5044	40
5045	40
5046	28
5047	50
5048	43
5049	43
5050	41
5051	46
5052	34
5053	34
5054	42
5055	53
5056	24
5057	41
5058	41
5059	51
5060	46
5061	55
5062	46
5063	37
5064	43
5065	45
5066	35
5067	49
5068	35
5069	38
5070	41
5071	41
5072	40
5073	52
5074	32
5075	33
5076	43
5077	46
5078	46
5079	52
5080	43
5081	43
5082	46
5083	40
5084	34
5085	46
5086	50
5087	44
5088	42
5089	35
5090	36
5091	45
5092	45
5093	41
5094	36
5095	31
5096	43
5097	41
5098	42
5099	41
5100	37
5101	47
5102	38
5103	49
5104	41
5105	43
5106	32
5107	55
5108	50
5109	54
5110	39
5111	40
5112	42
5113	44
5114	41
5115	40
5116	38
5117	55
5118	43
5119	48
5120	47
5121	45
5122	57
5123	51
5124	37
5125	43
5126	33
5127	37
5128	50
5129	33
5130	43
5131	47
5132	35
5133	47
5134	53
5135	43
5136	37
5137	45
5138	47
5139	32
5140	27
5141	44
5142	39
5143	41
5144	45
5145	41
5146	36
5147	53
5148	32
5149	48
5150	45
5151	43
5152	43
5153	34
5154	39
5155	40
5156	43
5157	39
5158	47
5159	42
5160	47
5161	57
5162	28
5163	49
5164	44
5165	47
5166	51
5167	50
5168	44
5169	46
5170	46
5171	39
5172	39
5173	46
5174	50
5175	37
5176	28
5177	34
5178	42
5179	37
5180	53
5181	38
5182	31
5183	41
5184	37
5185	37
5186	46
5187	39
5188	40
5189	51
5190	39
5191	34
5192	38
5193	51
5194	43
5195	35
5196	51
5197	35
5198	46
5199	39
5200	35
5201	49
5202	47
5203	42
5204	43
5205	35
5206	46
5207	42
5208	29
5209	42
5210	40
5211	41
5212	49
5213	43
5214	41
5215	44
5216	44
5217	42
5218	39
5219	45
5220	49
5221	47
5222	41
5223	46
5224	52
5225	42
5226	44
5227	40
5228	46
5229	38
5230	30
5231	44
5232	40
5233	42
5234	51
5235	50
5236	43
5237	48
5238	41
5239	40
5240	38
5241	30
5242	41
5243	42
5244	40
5245	44
5246	43
5247	49
5248	44
5249	39
5250	39
5251	41
5252	51
5253	48
5254	46
5255	38
5256	43
5257	46
5258	51
5259	50
5260	46
5261	47
5262	39
5263	33
5264	50
5265	38
5266	35
5267	43
5268	52
5269	48
5270	33
5271	48
5272	29
5273	36
5274	51
5275	39
5276	42
5277	42
5278	48
5279	40
5280	29
5281	39
5282	34
5283	46
5284	46
5285	34
5286	34
5287	36
5288	49
5289	44
5290	34
5291	36
5292	44
5293	47
5294	43
5295	39
5296	37
5297	36
5298	32
5299	34
5300	37
5301	41
5302	44
5303	36
5304	36
5305	49
5306	49
5307	42
5308	43
5309	44
5310	46
5311	35
5312	43
5313	41
5314	52
5315	40
5316	54
5317	34
5318	45
5319	38
5320	51
5321	40
5322	34
5323	45
5324	60
5325	46
5326	47
5327	32
5328	41
5329	38
5330	30
5331	33
5332	45
5333	50
5334	47
5335	34
5336	49
5337	45
5338	35
5339	41
5340	46
5341	46
5342	46
5343	43
5344	46
5345	32
5346	49
5347	35
5348	55
5349	47
5350	57
5351	42
5352	44
5353	50
5354	45
5355	41
5356	39
5357	32
5358	40
5359	48
5360	40
5361	44
5362	41
5363	50
5364	47
5365	39
5366	39
5367	36
5368	37
5369	52
5370	35
5371	34
5372	42
5373	40
5374	45
5375	50
5376	58
5377	39
5378	44
5379	42
5380	42
5381	36
5382	47
5383	41
5384	36
5385	31
5386	36
5387	32
5388	45
5389	36
5390	43
5391	39
5392	41
5393	29
5394	35
5395	46
5396	56
5397	41
5398	46
5399	55
5400	35
5401	37
5402	34
5403	34
5404	41
5405	37
5406	41
5407	49
5408	28
5409	37
5410	32
5411	42
5412	39
5413	49
5414	51
5415	36
5416	38
5417	33
5418	29
5419	40
5420	34
5421	55
5422	42
5423	56
5424	41
5425	40
5426	40
5427	41
5428	48
5429	41
5430	52
5431	33
5432	52
5433	37
5434	48
5435	32
5436	35
5437	36
5438	33
5439	36
5440	43
5441	45
5442	47
5443	41
5444	47
5445	43
5446	44
5447	50
5448	28
5449	46
5450	45
5451	26
5452	42
5453	30
5454	48
5455	32
5456	46
5457	35
5458	40
5459	37
5460	40
5461	29
5462	37
5463	40
5464	45
5465	42
5466	45
5467	41
5468	40
5469	32
5470	35
5471	32
5472	45
5473	42
5474	51
5475	40
5476	39
5477	40
5478	33
5479	36
5480	36
5481	48
5482	49
5483	42
5484	38
5485	28
5486	45
5487	40
5488	35
5489	35
5490	52
5491	45
5492	25
5493	51
5494	31
5495	41
5496	45
5497	35
5498	42
5499	46
5500	39
5501	34
5502	44
5503	45
5504	48
5505	34
5506	34
5507	40
5508	40
5509	49
5510	38
5511	47
5512	45
5513	40
5514	56
5515	41
5516	39
5517	34
5518	34
5519	36
5520	49
5521	44
5522	45
5523	42
5524	36
5525	45
5526	36
5527	43
5528	37
5529	37
5530	38
5531	40
5532	36
5533	41
5534	35
5535	50
5536	39
5537	43
5538	44
5539	52
5540	33
5541	33
5542	50
5543	53
5544	43
5545	33
5546	35
5547	47
5548	40
5549	54
5550	55
5551	74
5552	73
5553	84
5554	101
5555	119
5556	137
5557	168
5558	154
5559	145
5560	147
5561	120
5562	89
5563	84
5564	60
5565	39
5566	62
5567	37
5568	45
5569	56
5570	49
5571	49
5572	44
5573	37
5574	38
5575	48
5576	43
5577	38
5578	43
5579	37
5580	50
5581	30
5582	39
5583	49
5584	40
5585	37
5586	44
5587	41
5588	40
5589	35
5590	48
5591	50
5592	40
5593	50
5594	41
5595	41
5596	37
5597	48
5598	47
5599	38
5600	34
5601	49
5602	47
5603	33
5604	42
5605	42
5606	39
5607	46
5608	34
5609	35
5610	34
5611	51
5612	42
5613	43
5614	39
5615	38
5616	38
5617	41
5618	48
5619	40
5620	42
5621	40
5622	51
5623	37
5624	53
5625	47
5626	45
5627	48
5628	49
5629	51
5630	50
5631	38
5632	55
5633	39
5634	48
5635	37
5636	33
5637	44
5638	42
5639	45
5640	44
5641	44
5642	45
5643	55
5644	32
5645	48
5646	28
5647	37
5648	31
5649	40
5650	43
5651	34
5652	44
5653	39
5654	54
5655	47
5656	43
5657	53
5658	56
5659	28
5660	40
5661	35
5662	39
5663	41
5664	41
5665	53
5666	37
5667	41
5668	44
5669	37
5670	42
5671	36
5672	47
5673	35
5674	40
5675	46
5676	42
5677	40
5678	35
5679	53
5680	47
5681	42
5682	46
5683	32
5684	47
5685	44
5686	46
5687	31
5688	39
5689	40
5690	33
5691	39
5692	30
5693	40
5694	46
5695	48
5696	37
5697	51
5698	41
5699	39
5700	40
5701	41
5702	37
5703	40
5704	40
5705	31
5706	40
5707	51
5708	45
5709	41
5710	48
5711	39
5712	32
5713	43
5714	44
5715	40
5716	42
5717	47
5718	52
5719	44
5720	37
5721	43
5722	39
5723	50
5724	36
5725	40
5726	45
5727	50
5728	53
5729	59
5730	66
5731	42
5732	54
5733	58
5734	49
5735	45
5736	44
5737	51
5738	40
5739	57
5740	41
5741	47
5742	42
5743	27
5744	34
5745	39
5746	38
5747	33
5748	31
5749	35
5750	45
5751	44
5752	49
5753	36
5754	47
5755	41
5756	27
5757	36
5758	37
5759	30
5760	39
5761	41
5762	36
5763	32
5764	39
5765	35
5766	41
5767	44
5768	44
5769	40
5770	54
5771	39
5772	34
5773	49
5774	52
5775	38
5776	34
5777	40
5778	45
5779	44
5780	39
5781	49
5782	30
5783	37
5784	43
5785	36
5786	32
5787	35
5788	37
5789	45
5790	44
5791	50
5792	38
5793	37
5794	50
5795	56
5796	46
5797	29
5798	40
5799	39
5800	41
5801	43
5802	43
5803	41
5804	45
5805	41
5806	43
5807	40
5808	23
5809	33
5810	54
5811	50
5812	54
5813	61
5814	32
5815	35
5816	44
5817	49
5818	52
5819	38
5820	40
5821	35
5822	34
5823	50
5824	54
5825	50
5826	43
5827	44
5828	49
5829	38
5830	41
5831	42
5832	44
5833	38
5834	50
5835	50
5836	42
5837	41
5838	37
5839	51
5840	48
5841	38
5842	38
5843	50
5844	38
5845	46
5846	25
5847	54
5848	31
5849	46
5850	44
5851	40
5852	44
5853	49
5854	38
5855	46
5856	31
5857	45
5858	35
5859	38
5860	40
5861	36
5862	38
5863	39
5864	54
5865	62
5866	38
5867	43
5868	41
5869	37
5870	46
5871	45
5872	47
5873	42
5874	39
5875	31
5876	40
5877	32
5878	29
5879	35
5880	49
5881	44
5882	38
5883	35
5884	47
5885	49
5886	47
5887	38
5888	31
5889	34
5890	52
5891	40
5892	43
5893	41
5894	45
5895	42
5896	43
5897	38
5898	40
5899	38
5900	44
5901	48
5902	50
5903	44
5904	35
5905	38
5906	43
5907	53
5908	38
5909	36
5910	38
5911	53
5912	48
5913	42
5914	26
5915	30
5916	57
5917	52
5918	37
5919	36
5920	38
5921	39
5922	34
5923	39
5924	45
5925	35
5926	31
5927	41
5928	41
5929	41
5930	31
5931	54
5932	46
5933	45
5934	42
5935	39
5936	34
5937	38
5938	36
5939	26
5940	26
5941	43
5942	32
5943	36
5944	48
5945	52
5946	52
5947	29
5948	40
5949	52
5950	38
5951	43
5952	42
5953	31
5954	39
5955	43
5956	45
5957	31
5958	39
5959	38
5960	41
5961	42
5962	35
5963	36
5964	42
5965	45
5966	38
5967	47
5968	38
5969	27
5970	48
5971	55
5972	42
5973	50
5974	36
5975	40
5976	34
5977	34
5978	50
5979	38
5980	51
5981	34
5982	49
5983	42
5984	36
5985	37
5986	32
5987	43
5988	43
5989	42
5990	42
5991	40
5992	51
5993	48
5994	49
5995	36
5996	49
5997	37
5998	35
5999	50
6000	43
6001	42
6002	47
6003	39
6004	41
6005	46
6006	49
6007	44
6008	56
6009	43
6010	36
6011	43
6012	48
6013	36
6014	55
6015	39
6016	48
6017	38
6018	41
6019	39
6020	40
6021	40
6022	40
6023	47
6024	45
6025	34
6026	34
6027	34
6028	34
6029	46
6030	38
6031	41
6032	51
6033	40
6034	43
6035	33
6036	60
6037	50
6038	45
6039	35
6040	45
6041	54
6042	53
6043	30
6044	46
6045	47
6046	36
6047	43
6048	56
6049	42
6050	42
6051	34
6052	34
6053	42
6054	45
6055	51
6056	49
6057	52
6058	42
6059	47
6060	42
6061	53
6062	42
6063	50
6064	46
6065	43
6066	45
6067	41
6068	47
6069	40
6070	44
6071	42
6072	41
6073	32
6074	43
6075	40
6076	38
6077	44
6078	41
6079	41
6080	39
6081	30
6082	40
6083	34
6084	45
6085	51
6086	31
6087	52
6088	42
6089	36
6090	34
6091	49
6092	49
6093	41
6094	52
6095	39
6096	51
6097	40
6098	37
6099	41
6100	47
6101	44
6102	36
6103	47
6104	49
6105	47
6106	44
6107	30
6108	55
6109	35
6110	39
6111	40
6112	41
6113	42
6114	48
6115	36
6116	34
6117	53
6118	52
6119	39
6120	46
6121	46
6122	41
6123	42
6124	35
6125	51
6126	40
6127	38
6128	43
6129	36
6130	36
6131	33
6132	48
6133	39
6134	45
6135	45
6136	50
6137	41
6138	60
6139	52
6140	59
6141	61
6142	84
6143	76
6144	86
6145	103
6146	80
6147	66
6148	82
6149	57
6150	61
6151	37
6152	54
6153	48
6154	47
6155	32
6156	40
6157	45
6158	41
6159	52
6160	30
6161	35
6162	35
6163	51
6164	42
6165	31
6166	48
6167	35
6168	39
6169	30
6170	35
6171	34
6172	44
6173	37
6174	46
6175	48
6176	35
6177	20
6178	34
6179	39
6180	29
6181	33
6182	39
6183	40
6184	37
6185	35
6186	43
6187	41
6188	40
6189	45
6190	37
6191	37
6192	46
6193	28
6194	39
6195	40
6196	46
6197	31
6198	26
6199	41
6200	33
6201	37
6202	39
6203	33
6204	39
6205	35
6206	48
6207	37
6208	33
6209	41
6210	38
6211	34
6212	31
6213	40
6214	42
6215	30
6216	24
6217	39
6218	44
6219	29
6220	36
6221	35
6222	32
6223	42
6224	35
6225	41
6226	42
6227	31
6228	36
6229	29
6230	34
6231	30
6232	31
6233	35
6234	28
6235	26
6236	38
6237	34
6238	41
6239	34
6240	35
6241	31
6242	34
6243	35
6244	31
6245	37
6246	36
6247	26
6248	36
6249	21
6250	26
6251	32
6252	41
6253	41
6254	34
6255	31
6256	23
6257	33
6258	28
6259	35
6260	23
6261	23
6262	35
6263	27
6264	34
6265	36
6266	16
6267	25
6268	27
6269	34
6270	28
6271	19
6272	30
6273	32
6274	39
6275	36
6276	29
6277	28
6278	30
6279	23
6280	24
6281	20
6282	32
6283	22
6284	33
6285	35
6286	30
6287	27
6288	32
6289	37
6290	45
6291	35
6292	31
6293	32
6294	28
6295	35
6296	27
6297	41
6298	36
6299	26
6300	35
6301	36
6302	30
6303	33
6304	33
6305	31
6306	31
6307	26
6308	32
6309	40
6310	29
6311	39
6312	32
6313	31
6314	36
6315	28
6316	32
6317	25
6318	31
6319	27
6320	28
6321	23
6322	26
6323	35
6324	29
6325	23
6326	26
6327	28
6328	42
6329	29
6330	26
6331	23
6332	34
6333	27
6334	26
6335	35
6336	27
6337	30
6338	38
6339	22
6340	22
6341	25
6342	31
6343	28
6344	24
6345	26
6346	19
6347	36
6348	19
6349	40
6350	33
6351	36
6352	41
6353	35
6354	38
6355	37
6356	42
6357	43
6358	47
6359	41
6360	38
6361	36
6362	48
6363	35
6364	28
6365	33
6366	31
6367	31
6368	29
6369	31
6370	28
6371	25
6372	28
6373	30
6374	27
6375	26
6376	29
6377	29
6378	31
6379	25
6380	33
6381	33
6382	24
6383	29
6384	27
6385	28
6386	40
6387	23
6388	34
6389	35
6390	24
6391	21
6392	27
6393	25
6394	31
6395	30
6396	34
6397	29
6398	34
6399	27
6400	28
6401	24
6402	26
6403	30
6404	24
6405	23
6406	26
6407	28
6408	32
6409	31
6410	26
6411	30
6412	30
6413	34
6414	29
6415	21
6416	26
6417	24
6418	23
6419	24
6420	27
6421	28
6422	33
6423	24
6424	27
6425	31
6426	28
6427	20
6428	39
6429	27
6430	25
6431	20
6432	40
6433	24
6434	15
6435	29
6436	27
6437	19
6438	24
6439	20
6440	21
6441	30
6442	22
6443	25
6444	31
6445	25
6446	32
6447	24
6448	29
6449	18
6450	17
6451	21
6452	22
6453	25
6454	26
6455	34
6456	25
6457	27
6458	24
6459	29
6460	32
6461	20
6462	23
6463	22
6464	26
6465	30
6466	25
6467	17
6468	28
6469	33
6470	22
6471	25
6472	38
6473	25
6474	27
6475	28
6476	29
6477	33
6478	29
6479	38
6480	23
6481	32
6482	19
6483	26
6484	27
6485	24
6486	26
6487	17
6488	21
6489	26
6490	29
6491	29
6492	23
6493	29
6494	27
6495	22
6496	25
6497	28
6498	20
6499	27
6500	19
6501	21
6502	32
6503	26
6504	26
6505	25
6506	23
6507	26
6508	25
6509	30
6510	22
6511	29
6512	24
6513	28
6514	19
6515	24
6516	24
6517	21
6518	29
6519	35
6520	18
6521	29
6522	30
6523	30
6524	23
6525	18
6526	25
6527	33
6528	26
6529	30
6530	29
6531	22
6532	16
6533	31
6534	16
6535	15
6536	22
6537	25
6538	33
6539	31
6540	29
6541	21
6542	25
6543	27
6544	26
6545	21
6546	32
6547	26
6548	27
6549	21
6550	24
6551	19
6552	20
6553	28
6554	19
6555	26
6556	20
6557	20
6558	22
6559	30
6560	24
6561	32
6562	25
6563	30
6564	19
6565	28
6566	30
6567	30
6568	31
6569	26
6570	26
6571	25
6572	26
6573	29
6574	22
6575	23
6576	22
6577	22
6578	26
6579	27
6580	17
6581	23
6582	22
6583	23
6584	20
6585	29
6586	14
6587	26
6588	19
6589	21
6590	29
6591	21
6592	30
6593	16
6594	29
6595	21
6596	26
6597	24
6598	16
6599	21
6600	32
6601	23
6602	23
6603	26
6604	20
6605	19
6606	23
6607	17
6608	25
6609	21
6610	18
6611	22
6612	20
6613	13
6614	23
6615	24
6616	22
6617	24
6618	25
6619	23
6620	27
6621	23
6622	19
6623	27
6624	23
6625	22
6626	15
6627	20
6628	21
6629	29
6630	28
6631	21
6632	18
6633	18
6634	24
6635	25
6636	27
6637	13
6638	27
6639	25
6640	25
6641	27
6642	26
6643	30
6644	23
6645	28
6646	21
6647	20
6648	24
6649	25
6650	22
6651	17
6652	31
6653	22
6654	16
6655	21
6656	30
6657	19
6658	16
6659	22
6660	17
6661	18
6662	15
6663	21
6664	21
6665	21
6666	23
6667	23
6668	23
6669	29
6670	22
6671	19
6672	14
6673	28
6674	21
6675	20
6676	18
6677	22
6678	20
6679	24
6680	20
6681	24
6682	26
6683	19
6684	19
6685	12
6686	16
6687	15
6688	19
6689	25
6690	28
6691	28
6692	21
6693	24
6694	21
6695	20
6696	18
6697	26
6698	24
6699	18
6700	23
6701	22
6702	21
6703	20
6704	19
6705	14
6706	19
6707	28
6708	15
6709	32
6710	22
6711	12
6712	24
6713	14
6714	20
6715	27
6716	25
6717	21
6718	18
6719	19
6720	16
6721	20
6722	22
6723	17
6724	30
6725	15
6726	21
6727	16
6728	35
6729	15
6730	16
6731	20
6732	18
6733	19
6734	14
6735	16
6736	9
6737	24
6738	16
6739	25
6740	19
6741	19
6742	27
6743	23
6744	16
6745	18
6746	17
6747	14
6748	18
6749	17
6750	15
6751	14
6752	23
6753	14
6754	18
6755	11
6756	17
6757	26
6758	23
6759	26
6760	25
6761	21
6762	18
6763	15
6764	19
6765	21
6766	26
6767	18
6768	20
6769	17
6770	19
6771	17
6772	18
6773	20
6774	17
6775	21
6776	24
6777	19
6778	22
6779	17
6780	20
6781	14
6782	15
6783	21
6784	18
6785	13
6786	22
6787	22
6788	19
6789	20
6790	17
6791	12
6792	19
6793	17
6794	15
6795	27
6796	17
6797	22
6798	17
6799	19
6800	18
6801	22
6802	17
6803	23
6804	21
6805	21
6806	15
6807	18
6808	16
6809	24
6810	16
6811	21
6812	15
6813	18
6814	19
6815	21
6816	16
6817	25
6818	16
6819	12
6820	22
6821	16
6822	16
6823	17
6824	13
6825	14
6826	11
6827	22
6828	23
6829	16
6830	22
6831	19
6832	24
6833	30
6834	35
6835	31
6836	46
6837	43
6838	51
6839	33
6840	54
6841	43
6842	41
6843	39
6844	31
6845	28
6846	25
6847	17
6848	20
6849	22
6850	19
6851	16
6852	24
6853	20
6854	15
6855	10
6856	25
6857	17
6858	17
6859	17
6860	18
6861	18
6862	18
6863	17
6864	16
6865	9
6866	16
6867	14
6868	16
6869	14
6870	25
6871	30
6872	13
6873	20
6874	17
6875	19
6876	32
6877	24
6878	23
6879	18
6880	24
6881	16
6882	16
6883	22
6884	27
6885	16
6886	13
6887	12
6888	14
6889	16
6890	12
6891	15
6892	18
6893	15
6894	12
6895	18
6896	17
6897	21
6898	17
6899	21
6900	19
6901	17
6902	17
6903	17
6904	25
6905	20
6906	16
6907	22
6908	15
6909	22
6910	25
6911	14
6912	10
6913	10
6914	18
6915	14
6916	16
6917	17
6918	24
6919	21
6920	22
6921	19
6922	12
6923	18
6924	10
6925	22
6926	13
6927	22
6928	24
6929	15
6930	12
6931	23
6932	18
6933	11
6934	15
6935	14
6936	11
6937	17
6938	13
6939	20
6940	17
6941	17
6942	12
6943	23
6944	19
6945	16
6946	16
6947	14
6948	22
6949	20
6950	20
6951	15
6952	20
6953	20
6954	21
6955	20
6956	28
6957	19
6958	22
6959	28
6960	32
6961	22
6962	22
6963	21
6964	22
6965	14
6966	15
6967	21
6968	21
6969	19
6970	20
6971	21
6972	19
6973	18
6974	19
6975	16
6976	15
6977	18
6978	15
6979	24
6980	21
6981	20
6982	22
6983	21
6984	25
6985	29
6986	28
6987	38
6988	37
6989	50
6990	37
6991	34
6992	45
6993	28
6994	28
6995	32
6996	20
6997	19
6998	23
6999	15
7000	14
7001	20
7002	23
7003	16
7004	26
7005	28
7006	9
7007	17
7008	17
7009	10
7010	13
7011	15
7012	6
7013	16
7014	17
7015	19
7016	17
7017	14
7018	16
7019	19
7020	15
7021	9
7022	19
7023	18
7024	12
7025	14
7026	17
7027	24
7028	22
7029	16
7030	20
7031	18
7032	16
7033	19
7034	17
7035	11
7036	12
7037	17
7038	18
7039	16
7040	25
7041	22
7042	22
7043	12
7044	20
7045	16
7046	16
7047	18
7048	20
7049	16
7050	15
7051	16
7052	11
7053	12
7054	13
7055	14
7056	17
7057	14
7058	17
7059	19
7060	16
7061	10
7062	22
7063	15
7064	15
7065	10
7066	17
7067	25
7068	14
7069	22
7070	20
7071	17
7072	16
7073	18
7074	11
7075	18
7076	21
7077	16
7078	22
7079	22
7080	14
7081	19
7082	16
7083	12
7084	15
7085	12
7086	12
7087	18
7088	12
7089	19
7090	13
7091	15
7092	12
7093	21
7094	21
7095	19
7096	14
7097	16
7098	19
7099	11
7100	23
7101	23
7102	28
7103	16
7104	23
7105	14
7106	14
7107	13
7108	15
7109	22
7110	21
7111	28
7112	15
7113	17
7114	17
7115	26
7116	7
7117	23
7118	20
7119	19
7120	23
7121	21
7122	26
7123	18
7124	15
7125	15
7126	16
7127	22
7128	18
7129	17
7130	21
7131	16
7132	25
7133	16
7134	11
7135	16
7136	13
7137	14
7138	14
7139	15
7140	16
7141	25
7142	17
7143	17
7144	17
7145	12
7146	18
7147	17
7148	19
7149	22
7150	19
7151	16
7152	11
7153	23
7154	11
7155	13
7156	24
7157	16
7158	12
7159	12
7160	19
7161	10
7162	17
7163	19
7164	17
7165	21
7166	13
7167	14
7168	16
7169	16
7170	23
7171	18
7172	12
7173	10
7174	9
7175	13
7176	15
7177	16
7178	23
7179	18
7180	15
7181	18
7182	15
7183	12
7184	16
7185	21
7186	12
7187	16
7188	19
7189	14
7190	12
7191	22
7192	20
7193	25
7194	19
7195	18
7196	13
7197	19
7198	15
7199	19
7200	22
7201	17
7202	18
7203	17
7204	12
7205	11
7206	22
7207	18
7208	17
7209	24
7210	16
7211	27
7212	15
7213	23
7214	17
7215	19
7216	15
7217	19
7218	19
7219	17
7220	18
7221	21
7222	26
7223	19
7224	15
7225	17
7226	18
7227	21
7228	26
7229	19
7230	19
7231	17
7232	28
7233	18
7234	23
7235	23
7236	19
7237	28
7238	28
7239	42
7240	44
7241	58
7242	84
7243	114
7244	155
7245	225
7246	300
7247	450
7248	588
7249	781
7250	960
7251	1065
7252	1074
7253	1137
7254	1161
7255	995
7256	913
7257	688
7258	605
7259	405
7260	296
7261	187
7262	123
7263	70
7264	33
7265	30
7266	15
7267	16
7268	11
7269	13
7270	20
7271	10
7272	9
7273	13
7274	11
7275	10
7276	15
7277	3
7278	9
7279	10
7280	16
7281	11
7282	11
7283	16
7284	10
7285	16
7286	10
7287	8
7288	16
7289	9
7290	6
7291	11
7292	7
7293	6
7294	13
7295	13
7296	9
7297	5
7298	16
7299	9
7300	13
7301	9
7302	8
7303	10
7304	7
7305	10
7306	19
7307	5
7308	14
7309	9
7310	10
7311	12
7312	11
7313	11
7314	6
7315	21
7316	10
7317	10
7318	11
7319	8
7320	15
7321	9
7322	12
7323	11
7324	8
7325	11
7326	16
7327	13
7328	10
7329	24
7330	14
7331	10
7332	14
7333	13
7334	14
7335	13
7336	8
7337	15
7338	11
7339	8
7340	12
7341	10
7342	11
7343	8
7344	17
7345	12
7346	10
7347	15
7348	6
7349	10
7350	8
7351	12
7352	9
7353	13
7354	3
7355	10
7356	9
7357	7
7358	12
7359	12
7360	12
7361	6
7362	12
7363	10
7364	7
7365	9
7366	10
7367	12
7368	10
7369	16
7370	10
7371	8
7372	8
7373	5
7374	18
7375	7
7376	12
7377	17
7378	18
7379	10
7380	7
7381	14
7382	8
7383	14
7384	10
7385	7
7386	14
7387	13
7388	10
7389	10
7390	14
7391	8
7392	13
7393	9
7394	11
7395	15
7396	7
7397	13
7398	14
7399	11
7400	15
7401	15
7402	9
7403	12
7404	16
7405	11
7406	9
7407	8
7408	13
7409	13
7410	13
7411	12
7412	9
7413	8
7414	16
7415	12
7416	9
7417	10
7418	9
7419	14
7420	11
7421	5
7422	13
7423	19
7424	9
7425	13
7426	27
7427	25
7428	13
7429	19
7430	16
7431	14
7432	11
7433	13
7434	16
7435	14
7436	4
7437	17
7438	6
7439	10
7440	13
7441	15
7442	8
7443	15
7444	11
7445	18
7446	13
7447	18
7448	10
7449	12
7450	19
7451	10
7452	13
7453	15
7454	15
7455	16
7456	15
7457	11
7458	16
7459	14
7460	14
7461	9
7462	8
7463	10
7464	17
7465	12
7466	16
7467	7
7468	9
7469	9
7470	7
7471	16
7472	11
7473	16
7474	15
7475	7
7476	7
7477	7
7478	18
7479	16
7480	16
7481	16
7482	11
7483	13
7484	11
7485	11
7486	10
7487	13
7488	21
7489	13
7490	19
7491	23
7492	16
7493	28
7494	27
7495	21
7496	30
7497	19
7498	12
7499	17
7500	15
7501	15
7502	14
7503	5
7504	10
7505	14
7506	16
7507	15
7508	14
7509	15
7510	11
7511	13
7512	14
7513	13
7514	15
7515	13
7516	20
7517	12
7518	10
7519	11
7520	14
7521	8
7522	12
7523	11
7524	12
7525	6
7526	14
7527	10
7528	14
7529	9
7530	9
7531	7
7532	12
7533	15
7534	14
7535	9
7536	17
7537	11
7538	7
7539	11
7540	8
7541	11
7542	9
7543	9
7544	9
7545	18
7546	12
7547	13
7548	18
7549	5
7550	12
7551	9
7552	7
7553	6
7554	11
7555	11
7556	11
7557	11
7558	12
7559	3
7560	9
7561	11
7562	19
7563	16
7564	6
7565	6
7566	7
7567	13
7568	11
7569	12
7570	12
7571	7
7572	8
7573	10
7574	7
7575	10
7576	15
7577	7
7578	11
7579	14
7580	7
7581	11
7582	16
7583	5
7584	10
7585	7
7586	10
7587	18
7588	9
7589	12
7590	17
7591	14
7592	9
7593	13
7594	6
7595	15
7596	8
7597	11
7598	17
7599	10
7600	9
7601	8
7602	8
7603	5
7604	9
7605	11
7606	12
7607	11
7608	7
7609	10
7610	17
7611	10
7612	10
7613	9
7614	11
7615	7
7616	12
7617	11
7618	9
7619	11
7620	7
7621	12
7622	15
7623	9
7624	14
7625	10
7626	12
7627	8
7628	10
7629	8
7630	2
7631	14
7632	13
7633	9
7634	7
7635	11
7636	14
7637	20
7638	18
7639	15
7640	12
7641	13
7642	16
7643	8
7644	3
7645	13
7646	11
7647	7
7648	13
7649	11
7650	16
7651	15
7652	9
7653	10
7654	10
7655	14
7656	9
7657	11
7658	17
7659	13
7660	14
7661	10
7662	6
7663	7
7664	10
7665	13
7666	11
7667	13
7668	13
7669	8
7670	9
7671	8
7672	12
7673	8
7674	12
7675	12
7676	7
7677	13
7678	11
7679	11
7680	9
7681	11
7682	10
7683	5
7684	6
7685	12
7686	9
7687	10
7688	6
7689	14
7690	12
7691	11
7692	12
7693	10
7694	4
7695	12
7696	14
7697	10
7698	13
7699	14
7700	14
7701	15
7702	10
7703	10
7704	7
7705	6
7706	7
7707	8
7708	15
7709	15
7710	7
7711	10
7712	7
7713	6
7714	11
7715	10
7716	5
7717	7
7718	6
7719	12
7720	5
7721	3
7722	8
7723	9
7724	7
7725	6
7726	5
7727	7
7728	12
7729	3
7730	7
7731	12
7732	6
7733	12
7734	12
7735	16
7736	11
7737	9
7738	12
7739	16
7740	8
7741	10
7742	10
7743	5
7744	8
7745	9
7746	12
7747	9
7748	10
7749	10
7750	8
7751	5
7752	13
7753	15
7754	12
7755	8
7756	8
7757	6
7758	6
7759	12
7760	7
7761	6
7762	6
7763	11
7764	10
7765	5
7766	4
7767	7
7768	10
7769	13
7770	8
7771	14
7772	5
7773	8
7774	7
7775	11
7776	8
7777	6
7778	8
7779	11
7780	9
7781	6
7782	1
7783	12
7784	11
7785	12
7786	9
7787	12
7788	4
7789	8
7790	7
7791	5
7792	6
7793	8
7794	7
7795	8
7796	6
7797	10
7798	8
7799	5
7800	7
7801	7
7802	8
7803	6
7804	9
7805	7
7806	7
7807	8
7808	14
7809	11
7810	11
7811	6
7812	12
7813	10
7814	12
7815	9
7816	12
7817	7
7818	10
7819	6
7820	8
7821	8
7822	6
7823	6
7824	7
7825	10
7826	7
7827	9
7828	7
7829	11
7830	7
7831	11
7832	9
7833	7
7834	9
7835	12
7836	12
7837	15
7838	9
7839	16
7840	16
7841	11
7842	6
7843	7
7844	12
7845	19
7846	9
7847	8
7848	12
7849	12
7850	15
7851	18
7852	10
7853	5
7854	6
7855	12
7856	15
7857	18
7858	14
7859	14
7860	11
7861	6
7862	11
7863	10
7864	10
7865	17
7866	17
7867	8
7868	14
7869	8
7870	10
7871	9
7872	7
7873	8
7874	12
7875	12
7876	10
7877	7
7878	12
7879	18
7880	16
7881	21
7882	31
7883	28
7884	34
7885	22
7886	36
7887	40
7888	31
7889	28
7890	25
7891	24
7892	18
7893	14
7894	18
7895	12
7896	16
7897	8
7898	14
7899	12
7900	18
7901	13
7902	25
7903	19
7904	30
7905	33
7906	49
7907	41
7908	46
7909	47
7910	42
7911	47
7912	29
7913	35
7914	33
7915	21
7916	16
7917	17
7918	16
7919	10
7920	15
7921	10
7922	12
7923	15
7924	8
7925	13
7926	9
7927	11
7928	12
7929	10
7930	8
7931	10
7932	11
7933	4
7934	9
7935	12
7936	5
7937	14
7938	10
7939	13
7940	6
7941	15
7942	11
7943	3
7944	11
7945	14
7946	13
7947	11
7948	11
7949	9
7950	6
7951	9
7952	14
7953	10
7954	9
7955	11
7956	11
7957	9
7958	11
7959	7
7960	10
7961	15
7962	9
7963	7
7964	8
7965	8
7966	9
7967	13
7968	8
7969	7
7970	16
7971	11
7972	13
7973	9
7974	5
7975	12
7976	12
7977	6
7978	11
7979	6
7980	10
7981	10
7982	16
7983	11
7984	2
7985	4
7986	9
7987	11
7988	10
7989	8
7990	9
7991	10
7992	4
7993	7
7994	10
7995	5
7996	8
7997	11
7998	10
7999	5
8000	4
8001	15
8002	5
8003	10
8004	5
8005	10
8006	5
8007	14
8008	4
8009	8
8010	12
8011	9
8012	6
8013	11
8014	10
8015	12
8016	10
8017	11
8018	8
8019	7
8020	7
8021	7
8022	7
8023	9
8024	10
8025	5
8026	11
8027	7
8028	10
8029	10
8030	7
8031	8
8032	13
8033	10
8034	9
8035	6
8036	10
8037	8
8038	10
8039	11
8040	13
8041	17
8042	12
8043	19
8044	27
8045	14
8046	21
8047	19
8048	25
8049	19
8050	24
8051	16
8052	8
8053	16
8054	10
8055	8
8056	8
8057	8
8058	8
8059	6
8060	9
8061	8
8062	18
8063	16
8064	9
8065	9
8066	6
8067	14
8068	8
8069	15
8070	22
8071	7
8072	8
8073	8
8074	13
8075	7
8076	7
8077	4
8078	6
8079	10
8080	12
8081	7
8082	7
8083	7
8084	2
8085	8
8086	4
8087	8
8088	8
8089	9
8090	14
8091	16
8092	12
8093	13
8094	26
8095	22
8096	22
8097	24
8098	26
8099	17
8100	18
8101	20
8102	16
8103	10
8104	12
8105	9
8106	13
8107	13
8108	8
8109	11
8110	6
8111	8
8112	8
8113	4
8114	7
8115	6
8116	10
8117	9
8118	7
8119	9
8120	8
8121	9
8122	9
8123	14
8124	8
8125	4
8126	3
8127	11
8128	11
8129	9
8130	12
8131	6
8132	11
8133	7
8134	10
8135	13
8136	7
8137	13
8138	17
8139	14
8140	12
8141	8
8142	10
8143	8
8144	14
8145	7
8146	10
8147	9
8148	9
8149	7
8150	9
8151	10
8152	11
8153	13
8154	8
8155	14
8156	14
8157	11
8158	4
8159	6
8160	12
8161	5
8162	6
8163	7
8164	11
8165	6
8166	8
8167	5
8168	9
8169	8
8170	6
8171	6
8172	7
8173	7
8174	8
8175	13
8176	5
8177	8
8178	6
8179	0
8180	0
8181	0
8182	0
8183	0
8184	0
8185	0
8186	0
8187	0
8188	0
8189	0
8190	0
8191	0
