0	0
1	0
2	0
3	0
4	0
5	0
6	0
7	0
8	0
9	0
10	0
11	0
12	0
13	0
14	0
15	0
16	0
17	0
18	0
19	0
20	0
21	0
22	0
23	0
24	0
25	0
26	0
27	0
28	0
29	0
30	0
31	0
32	0
33	0
34	0
35	0
36	0
37	0
38	0
39	0
40	0
41	0
42	0
43	0
44	0
45	0
46	0
47	0
48	0
49	1
50	0
51	0
52	11
53	78
54	326
55	759
56	1148
57	1105
58	949
59	850
60	753
61	710
62	657
63	638
64	619
65	620
66	637
67	566
68	546
69	596
70	572
71	595
72	584
73	550
74	579
75	643
76	536
77	579
78	598
79	583
80	521
81	544
82	537
83	586
84	571
85	569
86	560
87	579
88	588
89	560
90	554
91	585
92	544
93	491
94	503
95	565
96	607
97	507
98	548
99	520
100	492
101	518
102	556
103	536
104	504
105	535
106	535
107	532
108	552
109	575
110	582
111	508
112	508
113	544
114	528
115	476
116	488
117	558
118	494
119	542
120	509
121	491
122	532
123	494
124	470
125	528
126	529
127	475
128	477
129	509
130	481
131	499
132	512
133	513
134	532
135	522
136	519
137	516
138	514
139	514
140	494
141	523
142	504
143	472
144	512
145	521
146	489
147	488
148	467
149	466
150	506
151	568
152	494
153	499
154	503
155	523
156	484
157	499
158	486
159	498
160	553
161	453
162	490
163	507
164	504
165	525
166	471
167	500
168	494
169	505
170	498
171	445
172	521
173	488
174	448
175	470
176	479
177	507
178	485
179	481
180	491
181	491
182	494
183	477
184	446
185	446
186	469
187	480
188	471
189	504
190	454
191	432
192	470
193	459
194	459
195	469
196	464
197	445
198	452
199	447
200	417
201	453
202	467
203	479
204	481
205	483
206	466
207	496
208	460
209	454
210	514
211	480
212	464
213	461
214	477
215	526
216	449
217	477
218	453
219	439
220	477
221	453
222	457
223	464
224	441
225	469
226	504
227	456
228	491
229	491
230	470
231	468
232	520
233	478
234	482
235	445
236	466
237	473
238	465
239	486
240	487
241	482
242	491
243	511
244	472
245	478
246	475
247	494
248	467
249	449
250	464
251	489
252	490
253	514
254	454
255	463
256	471
257	481
258	438
259	509
260	487
261	497
262	451
263	486
264	459
265	481
266	486
267	443
268	498
269	423
270	494
271	482
272	475
273	454
274	502
275	515
276	464
277	488
278	476
279	490
280	530
281	488
282	456
283	464
284	504
285	469
286	497
287	526
288	513
289	478
290	526
291	501
292	496
293	502
294	481
295	488
296	474
297	492
298	478
299	458
300	445
301	490
302	489
303	496
304	486
305	489
306	510
307	507
308	447
309	472
310	469
311	502
312	472
313	509
314	541
315	466
316	496
317	486
318	518
319	510
320	512
321	496
322	530
323	472
324	511
325	503
326	492
327	524
328	505
329	516
330	528
331	524
332	492
333	514
334	516
335	493
336	535
337	547
338	500
339	533
340	548
341	510
342	553
343	496
344	524
345	531
346	520
347	535
348	546
349	560
350	566
351	542
352	560
353	526
354	515
355	498
356	509
357	545
358	551
359	563
360	515
361	559
362	517
363	545
364	524
365	501
366	542
367	528
368	522
369	526
370	528
371	531
372	517
373	528
374	505
375	553
376	560
377	566
378	584
379	552
380	569
381	553
382	571
383	545
384	559
385	542
386	557
387	515
388	577
389	569
390	589
391	537
392	523
393	499
394	558
395	536
396	558
397	559
398	549
399	536
400	572
401	572
402	566
403	581
404	558
405	540
406	561
407	548
408	511
409	568
410	575
411	592
412	582
413	573
414	577
415	581
416	575
417	540
418	549
419	547
420	568
421	541
422	558
423	556
424	581
425	555
426	586
427	554
428	555
429	582
430	574
431	556
432	567
433	575
434	553
435	538
436	580
437	559
438	573
439	571
440	571
441	599
442	515
443	622
444	581
445	571
446	550
447	551
448	578
449	585
450	555
451	564
452	548
453	559
454	554
455	537
456	530
457	570
458	554
459	581
460	615
461	582
462	594
463	538
464	569
465	575
466	577
467	562
468	584
469	561
470	596
471	559
472	628
473	574
474	559
475	598
476	568
477	595
478	566
479	593
480	574
481	595
482	557
483	599
484	561
485	559
486	514
487	580
488	575
489	555
490	538
491	564
492	547
493	551
494	580
495	616
496	568
497	541
498	580
499	599
500	543
501	567
502	581
503	581
504	564
505	622
506	580
507	582
508	607
509	559
510	594
511	595
512	566
513	566
514	590
515	572
516	541
517	603
518	600
519	605
520	596
521	599
522	622
523	564
524	587
525	529
526	617
527	578
528	602
529	608
530	590
531	663
532	614
533	632
534	575
535	588
536	615
537	575
538	586
539	568
540	589
541	646
542	626
543	640
544	638
545	608
546	594
547	599
548	565
549	595
550	573
551	575
552	585
553	612
554	636
555	582
556	612
557	599
558	617
559	640
560	614
561	590
562	581
563	644
564	557
565	586
566	611
567	622
568	631
569	600
570	602
571	611
572	590
573	637
574	595
575	598
576	611
577	623
578	597
579	619
580	589
581	612
582	636
583	636
584	661
585	617
586	589
587	603
588	635
589	596
590	660
591	646
592	552
593	623
594	624
595	588
596	609
597	593
598	622
599	603
600	589
601	570
602	645
603	620
604	582
605	556
606	595
607	612
608	610
609	662
610	608
611	630
612	620
613	591
614	623
615	641
616	567
617	617
618	615
619	595
620	588
621	619
622	640
623	615
624	597
625	650
626	595
627	555
628	596
629	641
630	595
631	647
632	600
633	601
634	555
635	621
636	578
637	609
638	574
639	599
640	595
641	625
642	581
643	618
644	609
645	613
646	610
647	602
648	618
649	602
650	613
651	615
652	638
653	615
654	615
655	558
656	629
657	587
658	602
659	616
660	579
661	642
662	592
663	650
664	603
665	629
666	644
667	624
668	642
669	615
670	597
671	590
672	608
673	562
674	574
675	596
676	592
677	614
678	588
679	668
680	603
681	616
682	609
683	586
684	570
685	632
686	599
687	600
688	587
689	613
690	535
691	534
692	624
693	571
694	625
695	576
696	607
697	576
698	596
699	643
700	591
701	632
702	553
703	627
704	575
705	582
706	639
707	567
708	587
709	607
710	632
711	604
712	576
713	575
714	554
715	587
716	564
717	562
718	561
719	598
720	565
721	570
722	535
723	640
724	582
725	564
726	567
727	582
728	590
729	558
730	575
731	639
732	586
733	590
734	589
735	572
736	567
737	583
738	581
739	570
740	555
741	581
742	586
743	533
744	601
745	555
746	554
747	546
748	558
749	586
750	602
751	569
752	579
753	570
754	569
755	548
756	591
757	589
758	626
759	572
760	600
761	570
762	580
763	573
764	590
765	593
766	568
767	573
768	546
769	562
770	559
771	559
772	577
773	610
774	545
775	614
776	547
777	538
778	559
779	535
780	557
781	521
782	549
783	563
784	567
785	557
786	550
787	566
788	586
789	561
790	571
791	550
792	593
793	536
794	571
795	595
796	573
797	579
798	573
799	590
800	585
801	564
802	563
803	548
804	567
805	573
806	563
807	586
808	526
809	532
810	585
811	574
812	533
813	574
814	559
815	608
816	550
817	557
818	564
819	544
820	544
821	553
822	497
823	521
824	555
825	586
826	596
827	529
828	537
829	528
830	526
831	571
832	529
833	564
834	539
835	598
836	552
837	538
838	578
839	585
840	546
841	584
842	577
843	517
844	574
845	549
846	555
847	539
848	577
849	582
850	582
851	561
852	602
853	584
854	572
855	597
856	562
857	573
858	597
859	553
860	580
861	596
862	555
863	624
864	609
865	581
866	623
867	597
868	572
869	604
870	609
871	564
872	586
873	554
874	574
875	594
876	630
877	599
878	665
879	576
880	615
881	593
882	673
883	621
884	576
885	655
886	657
887	605
888	643
889	658
890	668
891	675
892	675
893	758
894	702
895	667
896	674
897	748
898	727
899	796
900	719
901	766
902	782
903	776
904	805
905	828
906	767
907	800
908	748
909	786
910	769
911	729
912	769
913	813
914	727
915	796
916	755
917	765
918	741
919	773
920	724
921	739
922	766
923	741
924	697
925	739
926	765
927	737
928	714
929	754
930	750
931	710
932	698
933	718
934	717
935	710
936	714
937	653
938	659
939	692
940	700
941	714
942	694
943	675
944	718
945	713
946	688
947	714
948	665
949	661
950	682
951	644
952	664
953	646
954	638
955	664
956	629
957	634
958	639
959	574
960	668
961	636
962	620
963	656
964	608
965	632
966	645
967	616
968	637
969	610
970	619
971	652
972	593
973	646
974	634
975	642
976	612
977	634
978	627
979	603
980	628
981	593
982	636
983	631
984	617
985	622
986	629
987	608
988	563
989	635
990	532
991	554
992	558
993	576
994	616
995	556
996	615
997	535
998	626
999	586
1000	559
1001	582
1002	591
1003	612
1004	613
1005	580
1006	593
1007	594
1008	567
1009	530
1010	593
1011	559
1012	565
1013	513
1014	552
1015	532
1016	615
1017	562
1018	570
1019	529
1020	585
1021	611
1022	579
1023	557
1024	531
1025	598
1026	555
1027	569
1028	538
1029	541
1030	552
1031	553
1032	519
1033	542
1034	523
1035	602
1036	571
1037	546
1038	538
1039	543
1040	580
1041	543
1042	543
1043	581
1044	549
1045	524
1046	568
1047	540
1048	504
1049	500
1050	599
1051	525
1052	506
1053	528
1054	578
1055	519
1056	509
1057	480
1058	526
1059	507
1060	556
1061	544
1062	522
1063	521
1064	506
1065	502
1066	549
1067	523
1068	495
1069	539
1070	492
1071	539
1072	507
1073	488
1074	495
1075	528
1076	499
1077	479
1078	499
1079	484
1080	547
1081	497
1082	494
1083	518
1084	465
1085	496
1086	489
1087	540
1088	517
1089	554
1090	508
1091	524
1092	512
1093	501
1094	522
1095	491
1096	552
1097	463
1098	478
1099	553
1100	534
1101	495
1102	491
1103	524
1104	501
1105	503
1106	515
1107	526
1108	516
1109	521
1110	488
1111	506
1112	506
1113	514
1114	500
1115	465
1116	499
1117	511
1118	491
1119	486
1120	473
1121	502
1122	479
1123	509
1124	505
1125	489
1126	490
1127	488
1128	471
1129	487
1130	494
1131	495
1132	497
1133	514
1134	484
1135	484
1136	479
1137	501
1138	456
1139	531
1140	534
1141	513
1142	483
1143	489
1144	474
1145	503
1146	512
1147	470
1148	482
1149	520
1150	513
1151	475
1152	492
1153	448
1154	461
1155	471
1156	492
1157	480
1158	416
1159	530
1160	501
1161	473
1162	506
1163	449
1164	524
1165	554
1166	533
1167	577
1168	519
1169	517
1170	483
1171	513
1172	473
1173	496
1174	503
1175	472
1176	460
1177	477
1178	499
1179	459
1180	495
1181	477
1182	513
1183	483
1184	474
1185	498
1186	451
1187	510
1188	456
1189	525
1190	493
1191	487
1192	483
1193	490
1194	444
1195	463
1196	488
1197	485
1198	461
1199	425
1200	489
1201	504
1202	481
1203	489
1204	446
1205	480
1206	481
1207	468
1208	507
1209	470
1210	474
1211	455
1212	456
1213	456
1214	440
1215	475
1216	445
1217	458
1218	478
1219	491
1220	455
1221	469
1222	432
1223	448
1224	474
1225	504
1226	452
1227	418
1228	469
1229	435
1230	446
1231	442
1232	442
1233	453
1234	461
1235	452
1236	448
1237	439
1238	442
1239	459
1240	493
1241	470
1242	462
1243	470
1244	425
1245	432
1246	456
1247	464
1248	481
1249	422
1250	486
1251	450
1252	408
1253	431
1254	486
1255	452
1256	430
1257	468
1258	431
1259	438
1260	464
1261	478
1262	448
1263	425
1264	435
1265	487
1266	432
1267	428
1268	431
1269	458
1270	433
1271	441
1272	413
1273	457
1274	420
1275	448
1276	474
1277	450
1278	443
1279	442
1280	439
1281	455
1282	414
1283	419
1284	460
1285	463
1286	433
1287	424
1288	451
1289	437
1290	432
1291	410
1292	419
1293	436
1294	471
1295	471
1296	417
1297	427
1298	437
1299	427
1300	415
1301	405
1302	493
1303	403
1304	414
1305	421
1306	423
1307	417
1308	445
1309	450
1310	436
1311	419
1312	456
1313	441
1314	434
1315	424
1316	459
1317	415
1318	437
1319	435
1320	415
1321	450
1322	397
1323	424
1324	443
1325	440
1326	395
1327	441
1328	426
1329	399
1330	462
1331	492
1332	430
1333	416
1334	414
1335	443
1336	451
1337	424
1338	432
1339	435
1340	408
1341	379
1342	418
1343	420
1344	427
1345	408
1346	440
1347	433
1348	388
1349	388
1350	418
1351	444
1352	417
1353	402
1354	391
1355	410
1356	412
1357	421
1358	425
1359	386
1360	390
1361	399
1362	414
1363	409
1364	432
1365	412
1366	426
1367	433
1368	398
1369	424
1370	428
1371	419
1372	405
1373	391
1374	417
1375	434
1376	388
1377	402
1378	416
1379	437
1380	408
1381	383
1382	412
1383	410
1384	376
1385	407
1386	384
1387	400
1388	414
1389	358
1390	406
1391	369
1392	374
1393	418
1394	385
1395	350
1396	367
1397	422
1398	404
1399	380
1400	366
1401	373
1402	418
1403	351
1404	405
1405	398
1406	425
1407	425
1408	424
1409	419
1410	407
1411	414
1412	393
1413	362
1414	385
1415	363
1416	413
1417	395
1418	371
1419	385
1420	371
1421	451
1422	415
1423	421
1424	384
1425	406
1426	424
1427	404
1428	376
1429	411
1430	407
1431	361
1432	364
1433	392
1434	412
1435	371
1436	410
1437	378
1438	370
1439	410
1440	383
1441	372
1442	407
1443	396
1444	392
1445	394
1446	380
1447	411
1448	403
1449	408
1450	423
1451	387
1452	358
1453	388
1454	359
1455	376
1456	366
1457	360
1458	382
1459	393
1460	368
1461	385
1462	387
1463	369
1464	386
1465	406
1466	399
1467	400
1468	353
1469	388
1470	415
1471	384
1472	395
1473	379
1474	376
1475	382
1476	362
1477	400
1478	384
1479	359
1480	399
1481	380
1482	349
1483	394
1484	378
1485	358
1486	374
1487	399
1488	374
1489	370
1490	416
1491	354
1492	365
1493	390
1494	362
1495	383
1496	343
1497	386
1498	368
1499	350
1500	384
1501	337
1502	344
1503	336
1504	378
1505	395
1506	378
1507	362
1508	358
1509	352
1510	382
1511	371
1512	339
1513	401
1514	353
1515	329
1516	375
1517	342
1518	354
1519	363
1520	390
1521	358
1522	359
1523	360
1524	353
1525	360
1526	381
1527	378
1528	356
1529	362
1530	355
1531	400
1532	316
1533	339
1534	377
1535	369
1536	377
1537	368
1538	354
1539	341
1540	328
1541	342
1542	366
1543	344
1544	372
1545	369
1546	345
1547	345
1548	342
1549	366
1550	330
1551	361
1552	360
1553	337
1554	352
1555	355
1556	361
1557	330
1558	362
1559	351
1560	322
1561	343
1562	363
1563	396
1564	356
1565	348
1566	339
1567	371
1568	332
1569	379
1570	356
1571	348
1572	367
1573	361
1574	342
1575	355
1576	300
1577	351
1578	332
1579	338
1580	350
1581	346
1582	338
1583	317
1584	361
1585	342
1586	333
1587	352
1588	381
1589	364
1590	360
1591	313
1592	339
1593	380
1594	366
1595	337
1596	359
1597	338
1598	301
1599	292
1600	332
1601	360
1602	329
1603	343
1604	334
1605	331
1606	309
1607	330
1608	343
1609	343
1610	315
1611	340
1612	356
1613	346
1614	328
1615	290
1616	342
1617	334
1618	327
1619	320
1620	343
1621	386
1622	313
1623	309
1624	348
1625	353
1626	372
1627	335
1628	330
1629	344
1630	326
1631	342
1632	309
1633	357
1634	332
1635	335
1636	331
1637	368
1638	353
1639	341
1640	306
1641	313
1642	332
1643	372
1644	327
1645	353
1646	357
1647	342
1648	344
1649	332
1650	330
1651	384
1652	334
1653	320
1654	330
1655	324
1656	316
1657	354
1658	346
1659	358
1660	378
1661	314
1662	368
1663	316
1664	356
1665	331
1666	333
1667	336
1668	332
1669	339
1670	347
1671	310
1672	317
1673	332
1674	306
1675	345
1676	334
1677	329
1678	350
1679	320
1680	328
1681	311
1682	322
1683	332
1684	323
1685	349
1686	337
1687	325
1688	324
1689	365
1690	334
1691	334
1692	317
1693	310
1694	327
1695	350
1696	332
1697	353
1698	330
1699	338
1700	324
1701	312
1702	321
1703	310
1704	336
1705	320
1706	335
1707	324
1708	312
1709	293
1710	354
1711	372
1712	334
1713	310
1714	338
1715	297
1716	328
1717	318
1718	319
1719	321
1720	321
1721	341
1722	338
1723	328
1724	325
1725	349
1726	321
1727	340
1728	355
1729	355
1730	382
1731	335
1732	361
1733	330
1734	349
1735	355
1736	312
1737	315
1738	349
1739	304
1740	327
1741	334
1742	352
1743	301
1744	332
1745	317
1746	331
1747	326
1748	312
1749	302
1750	304
1751	364
1752	334
1753	367
1754	285
1755	330
1756	336
1757	290
1758	316
1759	318
1760	340
1761	333
1762	332
1763	323
1764	310
1765	322
1766	371
1767	323
1768	321
1769	319
1770	334
1771	348
1772	345
1773	306
1774	321
1775	302
1776	333
1777	314
1778	326
1779	319
1780	350
1781	340
1782	319
1783	300
1784	343
1785	315
1786	294
1787	329
1788	292
1789	338
1790	326
1791	313
1792	346
1793	320
1794	323
1795	292
1796	321
1797	329
1798	314
1799	326
1800	317
1801	333
1802	331
1803	308
1804	326
1805	328
1806	325
1807	344
1808	351
1809	333
1810	322
1811	349
1812	332
1813	333
1814	336
1815	340
1816	319
1817	332
1818	318
1819	309
1820	298
1821	328
1822	317
1823	322
1824	340
1825	354
1826	309
1827	325
1828	322
1829	332
1830	319
1831	337
1832	351
1833	313
1834	320
1835	336
1836	319
1837	344
1838	317
1839	349
1840	330
1841	329
1842	341
1843	343
1844	342
1845	335
1846	325
1847	356
1848	321
1849	332
1850	331
1851	349
1852	320
1853	303
1854	297
1855	302
1856	331
1857	340
1858	311
1859	328
1860	324
1861	343
1862	335
1863	306
1864	348
1865	324
1866	292
1867	307
1868	294
1869	346
1870	336
1871	380
1872	324
1873	350
1874	341
1875	321
1876	346
1877	321
1878	321
1879	330
1880	307
1881	328
1882	332
1883	311
1884	379
1885	322
1886	314
1887	299
1888	323
1889	325
1890	322
1891	319
1892	348
1893	340
1894	351
1895	344
1896	343
1897	321
1898	339
1899	321
1900	311
1901	329
1902	284
1903	336
1904	322
1905	309
1906	346
1907	328
1908	295
1909	378
1910	349
1911	323
1912	330
1913	351
1914	324
1915	344
1916	340
1917	322
1918	358
1919	305
1920	334
1921	346
1922	326
1923	324
1924	336
1925	321
1926	339
1927	334
1928	355
1929	333
1930	368
1931	323
1932	322
1933	335
1934	316
1935	344
1936	353
1937	316
1938	289
1939	337
1940	351
1941	333
1942	336
1943	325
1944	373
1945	337
1946	363
1947	336
1948	325
1949	359
1950	352
1951	328
1952	366
1953	347
1954	359
1955	346
1956	357
1957	339
1958	331
1959	319
1960	359
1961	344
1962	338
1963	327
1964	337
1965	334
1966	362
1967	341
1968	338
1969	340
1970	340
1971	324
1972	337
1973	337
1974	362
1975	362
1976	325
1977	328
1978	370
1979	312
1980	358
1981	343
1982	381
1983	361
1984	380
1985	364
1986	341
1987	324
1988	320
1989	361
1990	341
1991	325
1992	369
1993	313
1994	370
1995	340
1996	339
1997	335
1998	389
1999	366
2000	353
2001	335
2002	375
2003	335
2004	356
2005	373
2006	312
2007	343
2008	330
2009	369
2010	382
2011	368
2012	380
2013	375
2014	367
2015	346
2016	354
2017	320
2018	345
2019	333
2020	317
2021	405
2022	376
2023	344
2024	362
2025	353
2026	365
2027	374
2028	360
2029	364
2030	354
2031	377
2032	374
2033	375
2034	369
2035	359
2036	378
2037	402
2038	362
2039	408
2040	374
2041	370
2042	325
2043	336
2044	342
2045	344
2046	368
2047	381
2048	385
2049	411
2050	380
2051	384
2052	380
2053	399
2054	362
2055	384
2056	371
2057	379
2058	401
2059	354
2060	377
2061	377
2062	360
2063	347
2064	391
2065	354
2066	376
2067	359
2068	351
2069	362
2070	367
2071	384
2072	411
2073	382
2074	382
2075	379
2076	393
2077	373
2078	345
2079	390
2080	386
2081	374
2082	411
2083	342
2084	361
2085	397
2086	370
2087	387
2088	416
2089	369
2090	380
2091	378
2092	411
2093	429
2094	363
2095	394
2096	402
2097	361
2098	393
2099	405
2100	378
2101	373
2102	438
2103	397
2104	385
2105	392
2106	370
2107	380
2108	388
2109	388
2110	354
2111	435
2112	364
2113	396
2114	382
2115	402
2116	379
2117	387
2118	412
2119	399
2120	380
2121	415
2122	336
2123	375
2124	384
2125	378
2126	421
2127	392
2128	405
2129	388
2130	425
2131	379
2132	403
2133	408
2134	428
2135	409
2136	371
2137	392
2138	417
2139	393
2140	385
2141	379
2142	391
2143	367
2144	406
2145	423
2146	430
2147	396
2148	387
2149	376
2150	414
2151	407
2152	430
2153	401
2154	378
2155	428
2156	430
2157	405
2158	404
2159	419
2160	395
2161	419
2162	421
2163	388
2164	431
2165	429
2166	416
2167	422
2168	433
2169	427
2170	467
2171	416
2172	405
2173	430
2174	403
2175	448
2176	392
2177	426
2178	415
2179	421
2180	401
2181	456
2182	427
2183	426
2184	413
2185	442
2186	419
2187	434
2188	418
2189	420
2190	438
2191	432
2192	447
2193	433
2194	387
2195	437
2196	410
2197	431
2198	433
2199	473
2200	439
2201	440
2202	410
2203	431
2204	423
2205	449
2206	448
2207	446
2208	442
2209	444
2210	409
2211	431
2212	470
2213	436
2214	422
2215	445
2216	441
2217	464
2218	454
2219	469
2220	425
2221	452
2222	417
2223	407
2224	458
2225	455
2226	489
2227	445
2228	438
2229	447
2230	452
2231	409
2232	458
2233	425
2234	426
2235	430
2236	434
2237	476
2238	437
2239	458
2240	418
2241	486
2242	441
2243	454
2244	439
2245	456
2246	434
2247	451
2248	485
2249	438
2250	425
2251	500
2252	457
2253	420
2254	452
2255	446
2256	479
2257	461
2258	396
2259	421
2260	432
2261	475
2262	466
2263	453
2264	414
2265	479
2266	473
2267	467
2268	473
2269	479
2270	500
2271	434
2272	472
2273	441
2274	485
2275	463
2276	457
2277	435
2278	450
2279	481
2280	466
2281	462
2282	433
2283	459
2284	448
2285	473
2286	485
2287	435
2288	504
2289	463
2290	484
2291	462
2292	456
2293	469
2294	442
2295	476
2296	491
2297	516
2298	455
2299	492
2300	453
2301	446
2302	465
2303	445
2304	482
2305	445
2306	488
2307	490
2308	483
2309	464
2310	429
2311	482
2312	464
2313	478
2314	457
2315	445
2316	442
2317	470
2318	461
2319	456
2320	449
2321	480
2322	468
2323	468
2324	459
2325	471
2326	448
2327	448
2328	473
2329	447
2330	463
2331	461
2332	449
2333	446
2334	406
2335	430
2336	456
2337	412
2338	416
2339	463
2340	414
2341	414
2342	460
2343	450
2344	442
2345	397
2346	422
2347	384
2348	379
2349	383
2350	410
2351	347
2352	410
2353	401
2354	355
2355	365
2356	374
2357	386
2358	362
2359	371
2360	337
2361	343
2362	344
2363	353
2364	308
2365	324
2366	357
2367	332
2368	308
2369	326
2370	323
2371	322
2372	320
2373	302
2374	299
2375	297
2376	278
2377	287
2378	292
2379	271
2380	288
2381	281
2382	276
2383	322
2384	258
2385	301
2386	272
2387	309
2388	289
2389	283
2390	262
2391	255
2392	265
2393	290
2394	265
2395	262
2396	254
2397	286
2398	266
2399	286
2400	227
2401	234
2402	255
2403	245
2404	265
2405	251
2406	243
2407	245
2408	278
2409	257
2410	249
2411	210
2412	243
2413	267
2414	231
2415	205
2416	251
2417	237
2418	216
2419	234
2420	248
2421	250
2422	254
2423	254
2424	249
2425	217
2426	215
2427	239
2428	250
2429	244
2430	248
2431	234
2432	245
2433	233
2434	229
2435	226
2436	249
2437	232
2438	176
2439	215
2440	233
2441	231
2442	215
2443	244
2444	216
2445	224
2446	206
2447	223
2448	217
2449	223
2450	213
2451	224
2452	239
2453	203
2454	210
2455	208
2456	237
2457	215
2458	208
2459	217
2460	209
2461	200
2462	223
2463	203
2464	230
2465	225
2466	206
2467	187
2468	203
2469	224
2470	235
2471	240
2472	206
2473	205
2474	197
2475	224
2476	204
2477	203
2478	189
2479	228
2480	201
2481	202
2482	208
2483	241
2484	223
2485	226
2486	204
2487	196
2488	180
2489	198
2490	203
2491	213
2492	194
2493	211
2494	200
2495	189
2496	198
2497	189
2498	192
2499	175
2500	216
2501	211
2502	199
2503	202
2504	203
2505	179
2506	182
2507	192
2508	183
2509	178
2510	169
2511	182
2512	202
2513	202
2514	184
2515	194
2516	191
2517	213
2518	197
2519	174
2520	197
2521	186
2522	183
2523	181
2524	185
2525	198
2526	221
2527	201
2528	209
2529	205
2530	147
2531	191
2532	171
2533	184
2534	177
2535	190
2536	203
2537	185
2538	185
2539	177
2540	154
2541	172
2542	191
2543	179
2544	159
2545	138
2546	171
2547	186
2548	177
2549	194
2550	154
2551	167
2552	191
2553	170
2554	169
2555	155
2556	175
2557	160
2558	168
2559	162
2560	145
2561	152
2562	158
2563	161
2564	159
2565	159
2566	149
2567	170
2568	177
2569	173
2570	156
2571	165
2572	168
2573	140
2574	180
2575	169
2576	142
2577	188
2578	134
2579	140
2580	157
2581	175
2582	133
2583	161
2584	165
2585	162
2586	157
2587	159
2588	158
2589	161
2590	131
2591	145
2592	148
2593	149
2594	161
2595	156
2596	154
2597	155
2598	173
2599	149
2600	133
2601	151
2602	139
2603	149
2604	142
2605	115
2606	163
2607	143
2608	136
2609	129
2610	143
2611	148
2612	137
2613	126
2614	151
2615	137
2616	109
2617	132
2618	137
2619	128
2620	138
2621	151
2622	140
2623	142
2624	135
2625	157
2626	132
2627	127
2628	134
2629	136
2630	126
2631	136
2632	128
2633	122
2634	129
2635	152
2636	140
2637	141
2638	138
2639	112
2640	132
2641	112
2642	137
2643	137
2644	127
2645	139
2646	118
2647	112
2648	138
2649	129
2650	91
2651	137
2652	122
2653	137
2654	130
2655	105
2656	119
2657	116
2658	128
2659	105
2660	125
2661	139
2662	111
2663	121
2664	102
2665	110
2666	117
2667	111
2668	106
2669	114
2670	122
2671	104
2672	122
2673	138
2674	108
2675	117
2676	96
2677	112
2678	114
2679	92
2680	115
2681	124
2682	111
2683	117
2684	132
2685	105
2686	120
2687	111
2688	116
2689	119
2690	117
2691	106
2692	109
2693	122
2694	105
2695	115
2696	101
2697	134
2698	105
2699	102
2700	93
2701	96
2702	92
2703	110
2704	89
2705	105
2706	98
2707	104
2708	100
2709	112
2710	113
2711	92
2712	81
2713	90
2714	91
2715	127
2716	103
2717	83
2718	90
2719	96
2720	107
2721	101
2722	103
2723	85
2724	83
2725	114
2726	85
2727	95
2728	109
2729	89
2730	95
2731	84
2732	95
2733	78
2734	85
2735	110
2736	101
2737	84
2738	75
2739	97
2740	102
2741	98
2742	80
2743	92
2744	89
2745	88
2746	85
2747	85
2748	83
2749	82
2750	74
2751	77
2752	85
2753	90
2754	81
2755	69
2756	85
2757	93
2758	93
2759	101
2760	97
2761	95
2762	86
2763	81
2764	84
2765	96
2766	76
2767	67
2768	88
2769	83
2770	80
2771	75
2772	67
2773	80
2774	69
2775	65
2776	77
2777	79
2778	92
2779	84
2780	78
2781	92
2782	77
2783	74
2784	88
2785	77
2786	65
2787	85
2788	76
2789	58
2790	56
2791	87
2792	71
2793	84
2794	74
2795	62
2796	69
2797	80
2798	70
2799	69
2800	69
2801	79
2802	72
2803	81
2804	72
2805	86
2806	64
2807	77
2808	83
2809	71
2810	80
2811	55
2812	65
2813	60
2814	70
2815	77
2816	78
2817	80
2818	74
2819	75
2820	65
2821	69
2822	76
2823	67
2824	64
2825	73
2826	65
2827	71
2828	79
2829	70
2830	62
2831	64
2832	66
2833	74
2834	81
2835	59
2836	73
2837	64
2838	73
2839	57
2840	87
2841	51
2842	65
2843	65
2844	70
2845	73
2846	61
2847	79
2848	58
2849	50
2850	58
2851	73
2852	80
2853	63
2854	64
2855	68
2856	68
2857	64
2858	64
2859	74
2860	75
2861	77
2862	80
2863	64
2864	64
2865	85
2866	73
2867	64
2868	61
2869	63
2870	60
2871	68
2872	73
2873	69
2874	63
2875	59
2876	80
2877	68
2878	71
2879	83
2880	90
2881	88
2882	81
2883	69
2884	60
2885	74
2886	64
2887	62
2888	62
2889	56
2890	53
2891	77
2892	50
2893	68
2894	54
2895	66
2896	70
2897	63
2898	72
2899	61
2900	67
2901	64
2902	62
2903	70
2904	55
2905	62
2906	66
2907	51
2908	69
2909	74
2910	52
2911	59
2912	59
2913	63
2914	58
2915	70
2916	72
2917	55
2918	65
2919	63
2920	49
2921	67
2922	58
2923	64
2924	62
2925	70
2926	63
2927	59
2928	62
2929	59
2930	65
2931	74
2932	55
2933	74
2934	59
2935	50
2936	61
2937	59
2938	60
2939	58
2940	57
2941	57
2942	62
2943	58
2944	66
2945	52
2946	62
2947	63
2948	74
2949	55
2950	40
2951	57
2952	72
2953	58
2954	50
2955	46
2956	62
2957	49
2958	60
2959	48
2960	52
2961	63
2962	67
2963	48
2964	63
2965	50
2966	51
2967	64
2968	56
2969	72
2970	63
2971	41
2972	73
2973	60
2974	58
2975	74
2976	58
2977	74
2978	64
2979	59
2980	62
2981	49
2982	61
2983	65
2984	50
2985	53
2986	51
2987	66
2988	55
2989	62
2990	54
2991	68
2992	51
2993	68
2994	65
2995	63
2996	83
2997	68
2998	64
2999	59
3000	56
3001	48
3002	51
3003	49
3004	64
3005	55
3006	78
3007	69
3008	72
3009	89
3010	75
3011	89
3012	101
3013	80
3014	67
3015	58
3016	75
3017	62
3018	56
3019	46
3020	57
3021	71
3022	49
3023	51
3024	49
3025	56
3026	40
3027	63
3028	69
3029	60
3030	58
3031	73
3032	58
3033	59
3034	57
3035	50
3036	56
3037	63
3038	52
3039	67
3040	50
3041	52
3042	56
3043	48
3044	52
3045	53
3046	65
3047	49
3048	48
3049	49
3050	55
3051	52
3052	43
3053	57
3054	58
3055	59
3056	52
3057	67
3058	52
3059	53
3060	58
3061	58
3062	50
3063	58
3064	64
3065	61
3066	58
3067	41
3068	58
3069	56
3070	72
3071	48
3072	48
3073	68
3074	54
3075	61
3076	56
3077	60
3078	55
3079	47
3080	54
3081	53
3082	52
3083	42
3084	55
3085	40
3086	53
3087	48
3088	52
3089	64
3090	46
3091	49
3092	70
3093	64
3094	39
3095	69
3096	64
3097	66
3098	63
3099	53
3100	54
3101	48
3102	78
3103	69
3104	51
3105	58
3106	52
3107	48
3108	47
3109	54
3110	56
3111	61
3112	62
3113	57
3114	53
3115	49
3116	49
3117	57
3118	66
3119	57
3120	52
3121	58
3122	51
3123	58
3124	53
3125	47
3126	45
3127	55
3128	61
3129	60
3130	66
3131	43
3132	68
3133	48
3134	59
3135	50
3136	46
3137	65
3138	41
3139	45
3140	46
3141	61
3142	61
3143	49
3144	57
3145	59
3146	41
3147	50
3148	57
3149	52
3150	55
3151	52
3152	64
3153	54
3154	50
3155	55
3156	59
3157	49
3158	55
3159	42
3160	51
3161	49
3162	60
3163	50
3164	71
3165	54
3166	67
3167	63
3168	71
3169	63
3170	65
3171	52
3172	50
3173	49
3174	59
3175	46
3176	53
3177	57
3178	63
3179	71
3180	49
3181	49
3182	57
3183	70
3184	42
3185	54
3186	51
3187	56
3188	54
3189	58
3190	50
3191	54
3192	69
3193	63
3194	50
3195	47
3196	49
3197	72
3198	52
3199	42
3200	63
3201	55
3202	64
3203	64
3204	62
3205	59
3206	61
3207	55
3208	67
3209	52
3210	56
3211	64
3212	59
3213	67
3214	66
3215	56
3216	44
3217	58
3218	56
3219	51
3220	59
3221	67
3222	70
3223	51
3224	60
3225	66
3226	65
3227	51
3228	64
3229	69
3230	67
3231	67
3232	71
3233	78
3234	61
3235	72
3236	68
3237	63
3238	66
3239	59
3240	94
3241	78
3242	64
3243	75
3244	60
3245	81
3246	75
3247	78
3248	78
3249	63
3250	68
3251	67
3252	74
3253	86
3254	89
3255	97
3256	105
3257	109
3258	140
3259	153
3260	240
3261	396
3262	590
3263	1071
3264	2060
3265	3567
3266	6183
3267	10103
3268	15444
3269	21418
3270	27055
3271	30713
3272	31257
3273	28809
3274	23291
3275	16949
3276	10986
3277	6565
3278	3475
3279	1774
3280	837
3281	394
3282	213
3283	118
3284	79
3285	64
3286	46
3287	55
3288	54
3289	50
3290	40
3291	51
3292	45
3293	40
3294	40
3295	57
3296	45
3297	34
3298	44
3299	35
3300	39
3301	43
3302	39
3303	35
3304	33
3305	32
3306	22
3307	32
3308	34
3309	35
3310	31
3311	32
3312	29
3313	35
3314	34
3315	27
3316	26
3317	38
3318	36
3319	25
3320	41
3321	33
3322	14
3323	31
3324	29
3325	19
3326	32
3327	14
3328	24
3329	36
3330	37
3331	35
3332	26
3333	34
3334	31
3335	32
3336	25
3337	29
3338	21
3339	24
3340	32
3341	27
3342	22
3343	24
3344	20
3345	22
3346	32
3347	28
3348	18
3349	28
3350	26
3351	33
3352	23
3353	26
3354	33
3355	20
3356	26
3357	26
3358	25
3359	25
3360	34
3361	17
3362	25
3363	16
3364	41
3365	21
3366	21
3367	30
3368	21
3369	24
3370	21
3371	21
3372	21
3373	26
3374	25
3375	26
3376	17
3377	20
3378	19
3379	18
3380	18
3381	17
3382	17
3383	28
3384	20
3385	22
3386	20
3387	20
3388	15
3389	16
3390	20
3391	18
3392	23
3393	18
3394	23
3395	14
3396	22
3397	19
3398	17
3399	14
3400	20
3401	19
3402	24
3403	17
3404	24
3405	26
3406	17
3407	21
3408	15
3409	21
3410	11
3411	25
3412	14
3413	22
3414	21
3415	15
3416	20
3417	12
3418	22
3419	27
3420	12
3421	15
3422	13
3423	25
3424	19
3425	14
3426	15
3427	16
3428	14
3429	13
3430	7
3431	19
3432	13
3433	18
3434	26
3435	19
3436	16
3437	15
3438	10
3439	14
3440	16
3441	21
3442	23
3443	15
3444	14
3445	19
3446	24
3447	18
3448	18
3449	14
3450	16
3451	23
3452	13
3453	13
3454	13
3455	14
3456	9
3457	20
3458	12
3459	11
3460	19
3461	14
3462	12
3463	20
3464	19
3465	8
3466	12
3467	13
3468	15
3469	14
3470	15
3471	12
3472	20
3473	18
3474	16
3475	21
3476	12
3477	18
3478	14
3479	10
3480	10
3481	16
3482	21
3483	7
3484	15
3485	11
3486	19
3487	15
3488	20
3489	16
3490	12
3491	21
3492	13
3493	15
3494	10
3495	12
3496	18
3497	15
3498	21
3499	16
3500	13
3501	14
3502	15
3503	12
3504	11
3505	20
3506	16
3507	11
3508	18
3509	5
3510	15
3511	17
3512	8
3513	12
3514	8
3515	16
3516	5
3517	10
3518	16
3519	14
3520	16
3521	11
3522	10
3523	19
3524	8
3525	8
3526	12
3527	14
3528	18
3529	17
3530	21
3531	14
3532	16
3533	14
3534	13
3535	13
3536	14
3537	19
3538	15
3539	18
3540	15
3541	21
3542	8
3543	11
3544	13
3545	17
3546	16
3547	17
3548	16
3549	18
3550	15
3551	12
3552	18
3553	26
3554	14
3555	12
3556	10
3557	15
3558	18
3559	21
3560	15
3561	17
3562	12
3563	18
3564	9
3565	18
3566	17
3567	11
3568	7
3569	15
3570	10
3571	9
3572	17
3573	11
3574	6
3575	6
3576	13
3577	12
3578	14
3579	6
3580	6
3581	14
3582	10
3583	9
3584	13
3585	14
3586	16
3587	21
3588	11
3589	17
3590	17
3591	13
3592	15
3593	10
3594	20
3595	15
3596	16
3597	14
3598	16
3599	12
3600	15
3601	13
3602	15
3603	22
3604	13
3605	11
3606	13
3607	12
3608	12
3609	12
3610	13
3611	19
3612	19
3613	15
3614	12
3615	12
3616	8
3617	15
3618	10
3619	16
3620	10
3621	11
3622	11
3623	15
3624	12
3625	16
3626	22
3627	11
3628	11
3629	12
3630	20
3631	15
3632	10
3633	13
3634	11
3635	18
3636	17
3637	10
3638	15
3639	12
3640	12
3641	13
3642	11
3643	21
3644	14
3645	10
3646	8
3647	9
3648	15
3649	16
3650	9
3651	9
3652	7
3653	19
3654	10
3655	13
3656	9
3657	10
3658	14
3659	12
3660	17
3661	14
3662	14
3663	10
3664	14
3665	15
3666	17
3667	11
3668	14
3669	14
3670	15
3671	7
3672	10
3673	12
3674	7
3675	12
3676	16
3677	10
3678	12
3679	10
3680	9
3681	11
3682	7
3683	14
3684	11
3685	15
3686	5
3687	9
3688	10
3689	14
3690	13
3691	13
3692	8
3693	7
3694	8
3695	7
3696	6
3697	8
3698	10
3699	14
3700	14
3701	17
3702	9
3703	13
3704	11
3705	12
3706	12
3707	10
3708	12
3709	15
3710	13
3711	7
3712	10
3713	10
3714	14
3715	12
3716	14
3717	10
3718	16
3719	9
3720	13
3721	15
3722	8
3723	9
3724	9
3725	10
3726	11
3727	12
3728	7
3729	7
3730	17
3731	11
3732	12
3733	13
3734	10
3735	12
3736	14
3737	10
3738	9
3739	14
3740	7
3741	12
3742	12
3743	16
3744	17
3745	15
3746	7
3747	11
3748	10
3749	11
3750	9
3751	11
3752	8
3753	10
3754	12
3755	10
3756	16
3757	8
3758	7
3759	6
3760	11
3761	9
3762	12
3763	12
3764	9
3765	8
3766	8
3767	5
3768	13
3769	6
3770	9
3771	15
3772	6
3773	13
3774	3
3775	9
3776	7
3777	13
3778	18
3779	14
3780	9
3781	5
3782	18
3783	5
3784	16
3785	11
3786	13
3787	10
3788	15
3789	10
3790	13
3791	4
3792	12
3793	10
3794	7
3795	14
3796	12
3797	7
3798	9
3799	13
3800	16
3801	14
3802	9
3803	11
3804	8
3805	14
3806	9
3807	12
3808	13
3809	12
3810	7
3811	5
3812	13
3813	14
3814	16
3815	10
3816	10
3817	11
3818	14
3819	10
3820	8
3821	13
3822	15
3823	10
3824	7
3825	9
3826	12
3827	11
3828	9
3829	12
3830	6
3831	7
3832	17
3833	11
3834	11
3835	15
3836	17
3837	7
3838	8
3839	10
3840	9
3841	14
3842	10
3843	7
3844	9
3845	7
3846	10
3847	10
3848	11
3849	13
3850	11
3851	12
3852	9
3853	11
3854	14
3855	6
3856	7
3857	10
3858	8
3859	5
3860	15
3861	9
3862	10
3863	10
3864	8
3865	17
3866	9
3867	8
3868	12
3869	18
3870	8
3871	5
3872	12
3873	9
3874	10
3875	15
3876	10
3877	9
3878	10
3879	6
3880	6
3881	15
3882	12
3883	8
3884	8
3885	9
3886	11
3887	14
3888	14
3889	8
3890	8
3891	8
3892	9
3893	12
3894	8
3895	7
3896	13
3897	14
3898	6
3899	19
3900	9
3901	12
3902	14
3903	12
3904	18
3905	8
3906	9
3907	14
3908	17
3909	6
3910	4
3911	9
3912	9
3913	1
3914	8
3915	11
3916	11
3917	7
3918	5
3919	9
3920	6
3921	11
3922	5
3923	10
3924	6
3925	7
3926	14
3927	8
3928	5
3929	13
3930	8
3931	9
3932	11
3933	14
3934	13
3935	7
3936	17
3937	8
3938	13
3939	12
3940	14
3941	14
3942	6
3943	6
3944	9
3945	7
3946	9
3947	2
3948	9
3949	13
3950	5
3951	12
3952	3
3953	7
3954	14
3955	11
3956	6
3957	6
3958	14
3959	9
3960	12
3961	10
3962	12
3963	12
3964	12
3965	6
3966	15
3967	6
3968	5
3969	5
3970	14
3971	10
3972	10
3973	9
3974	9
3975	9
3976	9
3977	11
3978	6
3979	6
3980	8
3981	10
3982	7
3983	14
3984	11
3985	13
3986	6
3987	4
3988	10
3989	9
3990	9
3991	11
3992	10
3993	16
3994	11
3995	6
3996	12
3997	6
3998	6
3999	10
4000	8
4001	9
4002	5
4003	9
4004	9
4005	9
4006	9
4007	6
4008	3
4009	10
4010	6
4011	8
4012	6
4013	10
4014	7
4015	6
4016	8
4017	7
4018	10
4019	11
4020	9
4021	6
4022	5
4023	8
4024	7
4025	5
4026	9
4027	9
4028	11
4029	8
4030	11
4031	9
4032	5
4033	8
4034	7
4035	4
4036	6
4037	4
4038	10
4039	5
4040	9
4041	4
4042	3
4043	9
4044	3
4045	6
4046	8
4047	12
4048	13
4049	8
4050	14
4051	8
4052	3
4053	6
4054	11
4055	4
4056	12
4057	14
4058	5
4059	10
4060	11
4061	5
4062	7
4063	8
4064	5
4065	7
4066	8
4067	9
4068	8
4069	5
4070	10
4071	11
4072	10
4073	3
4074	6
4075	9
4076	11
4077	2
4078	8
4079	10
4080	10
4081	5
4082	8
4083	6
4084	11
4085	9
4086	10
4087	3
4088	11
4089	6
4090	8
4091	4
4092	10
4093	13
4094	5
4095	5
4096	5
4097	9
4098	9
4099	14
4100	9
4101	6
4102	4
4103	10
4104	8
4105	9
4106	9
4107	10
4108	8
4109	6
4110	6
4111	6
4112	7
4113	6
4114	6
4115	7
4116	13
4117	8
4118	8
4119	8
4120	7
4121	7
4122	7
4123	7
4124	11
4125	10
4126	9
4127	9
4128	7
4129	7
4130	9
4131	7
4132	5
4133	8
4134	9
4135	10
4136	4
4137	13
4138	12
4139	5
4140	11
4141	6
4142	5
4143	4
4144	9
4145	9
4146	5
4147	7
4148	3
4149	6
4150	4
4151	8
4152	7
4153	6
4154	8
4155	5
4156	11
4157	7
4158	14
4159	5
4160	9
4161	10
4162	9
4163	11
4164	7
4165	10
4166	9
4167	6
4168	6
4169	11
4170	4
4171	5
4172	7
4173	7
4174	5
4175	11
4176	10
4177	9
4178	6
4179	13
4180	7
4181	7
4182	4
4183	14
4184	7
4185	7
4186	8
4187	6
4188	8
4189	9
4190	3
4191	5
4192	10
4193	5
4194	9
4195	4
4196	5
4197	8
4198	10
4199	7
4200	15
4201	7
4202	6
4203	13
4204	10
4205	8
4206	10
4207	8
4208	5
4209	3
4210	6
4211	7
4212	10
4213	5
4214	5
4215	7
4216	5
4217	2
4218	1
4219	6
4220	4
4221	4
4222	4
4223	6
4224	6
4225	5
4226	6
4227	5
4228	8
4229	4
4230	9
4231	6
4232	5
4233	12
4234	4
4235	7
4236	13
4237	12
4238	6
4239	8
4240	7
4241	4
4242	5
4243	3
4244	1
4245	8
4246	9
4247	8
4248	8
4249	12
4250	7
4251	7
4252	5
4253	4
4254	4
4255	2
4256	6
4257	11
4258	5
4259	12
4260	11
4261	14
4262	12
4263	14
4264	10
4265	10
4266	6
4267	5
4268	6
4269	4
4270	3
4271	8
4272	10
4273	3
4274	15
4275	5
4276	5
4277	10
4278	5
4279	9
4280	7
4281	6
4282	11
4283	11
4284	15
4285	5
4286	12
4287	10
4288	6
4289	2
4290	10
4291	7
4292	6
4293	6
4294	11
4295	12
4296	5
4297	7
4298	7
4299	9
4300	2
4301	9
4302	3
4303	5
4304	6
4305	6
4306	8
4307	8
4308	4
4309	8
4310	8
4311	7
4312	2
4313	3
4314	2
4315	12
4316	8
4317	6
4318	6
4319	4
4320	1
4321	13
4322	6
4323	5
4324	4
4325	4
4326	6
4327	1
4328	5
4329	5
4330	9
4331	6
4332	1
4333	3
4334	7
4335	4
4336	7
4337	5
4338	1
4339	7
4340	4
4341	6
4342	7
4343	2
4344	4
4345	6
4346	9
4347	11
4348	6
4349	5
4350	13
4351	7
4352	8
4353	10
4354	4
4355	5
4356	10
4357	9
4358	6
4359	4
4360	9
4361	4
4362	6
4363	6
4364	7
4365	7
4366	2
4367	7
4368	6
4369	8
4370	4
4371	4
4372	5
4373	6
4374	2
4375	3
4376	8
4377	5
4378	8
4379	3
4380	8
4381	7
4382	6
4383	4
4384	6
4385	7
4386	4
4387	2
4388	7
4389	8
4390	4
4391	5
4392	6
4393	3
4394	4
4395	5
4396	6
4397	8
4398	6
4399	2
4400	8
4401	3
4402	4
4403	3
4404	9
4405	4
4406	7
4407	7
4408	4
4409	8
4410	4
4411	5
4412	8
4413	4
4414	8
4415	5
4416	8
4417	8
4418	7
4419	3
4420	8
4421	3
4422	11
4423	8
4424	5
4425	6
4426	7
4427	7
4428	5
4429	6
4430	2
4431	10
4432	3
4433	6
4434	11
4435	6
4436	8
4437	6
4438	5
4439	4
4440	10
4441	5
4442	4
4443	1
4444	2
4445	2
4446	7
4447	7
4448	5
4449	3
4450	7
4451	6
4452	3
4453	4
4454	9
4455	7
4456	2
4457	7
4458	5
4459	7
4460	3
4461	5
4462	8
4463	6
4464	10
4465	9
4466	1
4467	5
4468	8
4469	5
4470	3
4471	5
4472	10
4473	5
4474	6
4475	5
4476	10
4477	6
4478	8
4479	2
4480	6
4481	2
4482	8
4483	4
4484	4
4485	1
4486	5
4487	2
4488	7
4489	6
4490	11
4491	7
4492	7
4493	6
4494	7
4495	4
4496	8
4497	3
4498	2
4499	6
4500	6
4501	5
4502	5
4503	11
4504	3
4505	6
4506	8
4507	7
4508	10
4509	9
4510	11
4511	15
4512	16
4513	17
4514	13
4515	18
4516	17
4517	20
4518	12
4519	8
4520	8
4521	9
4522	5
4523	2
4524	5
4525	8
4526	6
4527	7
4528	10
4529	4
4530	3
4531	6
4532	8
4533	8
4534	7
4535	3
4536	1
4537	3
4538	3
4539	5
4540	6
4541	5
4542	2
4543	5
4544	3
4545	5
4546	6
4547	4
4548	0
4549	9
4550	4
4551	2
4552	1
4553	5
4554	3
4555	3
4556	6
4557	5
4558	8
4559	5
4560	7
4561	6
4562	6
4563	9
4564	6
4565	5
4566	7
4567	1
4568	1
4569	4
4570	5
4571	2
4572	6
4573	10
4574	5
4575	4
4576	4
4577	9
4578	7
4579	3
4580	4
4581	3
4582	5
4583	5
4584	3
4585	6
4586	9
4587	5
4588	4
4589	3
4590	4
4591	9
4592	5
4593	3
4594	2
4595	6
4596	6
4597	3
4598	10
4599	10
4600	4
4601	2
4602	5
4603	5
4604	6
4605	5
4606	4
4607	5
4608	6
4609	5
4610	6
4611	7
4612	4
4613	4
4614	5
4615	6
4616	7
4617	4
4618	4
4619	4
4620	2
4621	2
4622	5
4623	5
4624	6
4625	9
4626	8
4627	5
4628	3
4629	9
4630	7
4631	3
4632	8
4633	3
4634	2
4635	2
4636	3
4637	4
4638	4
4639	7
4640	5
4641	7
4642	6
4643	6
4644	7
4645	5
4646	5
4647	3
4648	7
4649	4
4650	5
4651	5
4652	9
4653	7
4654	6
4655	3
4656	10
4657	2
4658	1
4659	2
4660	4
4661	3
4662	5
4663	4
4664	9
4665	4
4666	1
4667	6
4668	6
4669	5
4670	2
4671	3
4672	2
4673	4
4674	5
4675	6
4676	6
4677	3
4678	3
4679	4
4680	6
4681	3
4682	4
4683	4
4684	3
4685	3
4686	8
4687	3
4688	3
4689	2
4690	4
4691	2
4692	6
4693	6
4694	8
4695	8
4696	9
4697	7
4698	5
4699	3
4700	5
4701	2
4702	2
4703	2
4704	2
4705	6
4706	4
4707	5
4708	3
4709	7
4710	5
4711	4
4712	7
4713	4
4714	5
4715	7
4716	4
4717	3
4718	6
4719	3
4720	5
4721	3
4722	7
4723	4
4724	2
4725	5
4726	4
4727	6
4728	7
4729	4
4730	6
4731	4
4732	3
4733	2
4734	3
4735	9
4736	6
4737	4
4738	5
4739	1
4740	4
4741	2
4742	7
4743	9
4744	1
4745	6
4746	3
4747	3
4748	3
4749	3
4750	2
4751	8
4752	6
4753	6
4754	11
4755	8
4756	7
4757	5
4758	5
4759	10
4760	6
4761	4
4762	4
4763	1
4764	5
4765	7
4766	6
4767	9
4768	5
4769	8
4770	2
4771	6
4772	6
4773	10
4774	3
4775	7
4776	6
4777	6
4778	8
4779	11
4780	3
4781	8
4782	3
4783	3
4784	7
4785	10
4786	8
4787	3
4788	5
4789	3
4790	2
4791	4
4792	8
4793	5
4794	9
4795	9
4796	3
4797	10
4798	9
4799	8
4800	12
4801	17
4802	10
4803	14
4804	13
4805	13
4806	6
4807	9
4808	3
4809	7
4810	8
4811	3
4812	4
4813	7
4814	5
4815	1
4816	11
4817	2
4818	4
4819	1
4820	5
4821	8
4822	3
4823	3
4824	4
4825	2
4826	2
4827	7
4828	3
4829	4
4830	8
4831	4
4832	5
4833	6
4834	2
4835	2
4836	4
4837	4
4838	5
4839	7
4840	8
4841	9
4842	6
4843	8
4844	2
4845	6
4846	2
4847	2
4848	5
4849	6
4850	7
4851	3
4852	4
4853	6
4854	0
4855	5
4856	3
4857	4
4858	2
4859	5
4860	6
4861	4
4862	10
4863	3
4864	3
4865	3
4866	4
4867	2
4868	2
4869	0
4870	7
4871	3
4872	3
4873	5
4874	8
4875	5
4876	2
4877	4
4878	5
4879	3
4880	3
4881	4
4882	3
4883	5
4884	7
4885	3
4886	8
4887	4
4888	12
4889	3
4890	5
4891	7
4892	6
4893	6
4894	4
4895	2
4896	3
4897	9
4898	6
4899	4
4900	5
4901	4
4902	2
4903	6
4904	3
4905	4
4906	2
4907	3
4908	6
4909	3
4910	5
4911	9
4912	3
4913	1
4914	3
4915	2
4916	3
4917	3
4918	3
4919	2
4920	4
4921	6
4922	8
4923	1
4924	4
4925	6
4926	4
4927	3
4928	1
4929	2
4930	2
4931	2
4932	3
4933	3
4934	5
4935	4
4936	6
4937	2
4938	5
4939	3
4940	2
4941	5
4942	2
4943	4
4944	5
4945	8
4946	5
4947	8
4948	4
4949	4
4950	4
4951	3
4952	8
4953	4
4954	4
4955	8
4956	0
4957	1
4958	5
4959	3
4960	8
4961	2
4962	4
4963	6
4964	5
4965	6
4966	4
4967	7
4968	5
4969	6
4970	6
4971	4
4972	3
4973	4
4974	2
4975	2
4976	1
4977	3
4978	5
4979	5
4980	7
4981	4
4982	5
4983	4
4984	1
4985	4
4986	7
4987	5
4988	7
4989	7
4990	3
4991	2
4992	3
4993	6
4994	5
4995	5
4996	0
4997	2
4998	2
4999	0
5000	4
5001	4
5002	4
5003	3
5004	4
5005	6
5006	4
5007	5
5008	2
5009	4
5010	5
5011	7
5012	3
5013	6
5014	3
5015	4
5016	6
5017	4
5018	3
5019	4
5020	1
5021	2
5022	4
5023	4
5024	1
5025	2
5026	2
5027	7
5028	2
5029	3
5030	4
5031	5
5032	2
5033	2
5034	3
5035	1
5036	3
5037	5
5038	3
5039	6
5040	4
5041	3
5042	6
5043	4
5044	4
5045	5
5046	5
5047	1
5048	2
5049	1
5050	2
5051	6
5052	7
5053	4
5054	7
5055	7
5056	4
5057	5
5058	6
5059	3
5060	2
5061	4
5062	5
5063	2
5064	4
5065	3
5066	6
5067	4
5068	3
5069	3
5070	4
5071	5
5072	4
5073	3
5074	1
5075	2
5076	4
5077	5
5078	5
5079	3
5080	1
5081	5
5082	2
5083	4
5084	4
5085	2
5086	5
5087	1
5088	3
5089	6
5090	5
5091	1
5092	5
5093	4
5094	5
5095	5
5096	3
5097	2
5098	4
5099	4
5100	3
5101	1
5102	3
5103	4
5104	3
5105	2
5106	2
5107	1
5108	6
5109	3
5110	3
5111	3
5112	3
5113	4
5114	2
5115	4
5116	2
5117	5
5118	2
5119	2
5120	8
5121	3
5122	4
5123	3
5124	4
5125	5
5126	6
5127	4
5128	4
5129	6
5130	2
5131	4
5132	2
5133	6
5134	6
5135	6
5136	6
5137	4
5138	2
5139	4
5140	1
5141	4
5142	2
5143	3
5144	5
5145	1
5146	5
5147	1
5148	3
5149	2
5150	5
5151	4
5152	6
5153	5
5154	8
5155	4
5156	3
5157	5
5158	5
5159	4
5160	1
5161	4
5162	4
5163	5
5164	3
5165	4
5166	4
5167	2
5168	7
5169	6
5170	4
5171	4
5172	5
5173	2
5174	1
5175	6
5176	5
5177	3
5178	6
5179	2
5180	6
5181	5
5182	5
5183	4
5184	1
5185	5
5186	3
5187	3
5188	3
5189	2
5190	1
5191	3
5192	3
5193	4
5194	3
5195	7
5196	2
5197	1
5198	4
5199	0
5200	3
5201	3
5202	4
5203	1
5204	3
5205	2
5206	5
5207	2
5208	2
5209	2
5210	6
5211	5
5212	1
5213	1
5214	6
5215	4
5216	3
5217	3
5218	1
5219	2
5220	3
5221	4
5222	4
5223	3
5224	4
5225	5
5226	5
5227	3
5228	5
5229	2
5230	3
5231	6
5232	8
5233	3
5234	8
5235	1
5236	2
5237	3
5238	4
5239	6
5240	4
5241	2
5242	8
5243	2
5244	4
5245	3
5246	4
5247	6
5248	2
5249	4
5250	4
5251	2
5252	4
5253	4
5254	1
5255	5
5256	3
5257	5
5258	4
5259	3
5260	3
5261	2
5262	1
5263	4
5264	4
5265	4
5266	5
5267	3
5268	5
5269	6
5270	1
5271	3
5272	1
5273	4
5274	3
5275	1
5276	3
5277	1
5278	4
5279	4
5280	4
5281	1
5282	4
5283	3
5284	1
5285	3
5286	4
5287	3
5288	4
5289	3
5290	7
5291	1
5292	3
5293	1
5294	4
5295	3
5296	6
5297	6
5298	4
5299	4
5300	6
5301	2
5302	1
5303	3
5304	4
5305	4
5306	2
5307	3
5308	2
5309	9
5310	4
5311	3
5312	3
5313	2
5314	3
5315	5
5316	4
5317	4
5318	1
5319	3
5320	6
5321	4
5322	3
5323	5
5324	2
5325	4
5326	3
5327	0
5328	3
5329	6
5330	3
5331	4
5332	0
5333	8
5334	1
5335	4
5336	4
5337	0
5338	4
5339	5
5340	2
5341	7
5342	3
5343	4
5344	6
5345	2
5346	1
5347	2
5348	2
5349	2
5350	5
5351	6
5352	3
5353	1
5354	2
5355	5
5356	3
5357	1
5358	5
5359	6
5360	6
5361	7
5362	4
5363	2
5364	1
5365	0
5366	5
5367	3
5368	4
5369	2
5370	3
5371	1
5372	4
5373	6
5374	3
5375	1
5376	0
5377	6
5378	4
5379	3
5380	5
5381	5
5382	4
5383	4
5384	6
5385	2
5386	2
5387	1
5388	1
5389	3
5390	2
5391	1
5392	3
5393	4
5394	0
5395	1
5396	6
5397	3
5398	5
5399	5
5400	1
5401	2
5402	3
5403	4
5404	6
5405	9
5406	3
5407	5
5408	3
5409	2
5410	4
5411	1
5412	4
5413	3
5414	3
5415	2
5416	3
5417	1
5418	0
5419	0
5420	3
5421	1
5422	5
5423	2
5424	3
5425	7
5426	3
5427	3
5428	3
5429	2
5430	6
5431	5
5432	5
5433	5
5434	4
5435	3
5436	5
5437	7
5438	6
5439	4
5440	4
5441	3
5442	2
5443	4
5444	3
5445	3
5446	1
5447	4
5448	6
5449	6
5450	2
5451	6
5452	2
5453	6
5454	3
5455	3
5456	2
5457	4
5458	6
5459	1
5460	3
5461	3
5462	3
5463	2
5464	3
5465	4
5466	4
5467	2
5468	3
5469	1
5470	1
5471	3
5472	4
5473	5
5474	4
5475	3
5476	3
5477	3
5478	3
5479	4
5480	2
5481	1
5482	3
5483	4
5484	9
5485	0
5486	6
5487	4
5488	5
5489	1
5490	3
5491	4
5492	3
5493	4
5494	3
5495	3
5496	4
5497	4
5498	2
5499	2
5500	3
5501	5
5502	2
5503	2
5504	0
5505	8
5506	3
5507	1
5508	5
5509	1
5510	2
5511	3
5512	1
5513	0
5514	6
5515	3
5516	3
5517	2
5518	3
5519	4
5520	4
5521	0
5522	3
5523	2
5524	5
5525	5
5526	2
5527	1
5528	6
5529	0
5530	2
5531	4
5532	5
5533	3
5534	2
5535	5
5536	2
5537	4
5538	5
5539	2
5540	3
5541	3
5542	2
5543	1
5544	3
5545	3
5546	4
5547	2
5548	4
5549	5
5550	4
5551	4
5552	6
5553	8
5554	5
5555	14
5556	6
5557	8
5558	12
5559	6
5560	5
5561	3
5562	5
5563	4
5564	5
5565	4
5566	2
5567	2
5568	0
5569	3
5570	3
5571	1
5572	1
5573	3
5574	5
5575	3
5576	2
5577	4
5578	3
5579	5
5580	4
5581	2
5582	5
5583	3
5584	1
5585	4
5586	1
5587	4
5588	4
5589	1
5590	4
5591	4
5592	4
5593	4
5594	2
5595	0
5596	6
5597	2
5598	5
5599	5
5600	6
5601	4
5602	3
5603	0
5604	2
5605	1
5606	6
5607	1
5608	1
5609	1
5610	3
5611	2
5612	2
5613	4
5614	3
5615	1
5616	3
5617	3
5618	2
5619	2
5620	5
5621	2
5622	3
5623	2
5624	6
5625	4
5626	3
5627	5
5628	1
5629	2
5630	4
5631	4
5632	1
5633	1
5634	2
5635	2
5636	3
5637	3
5638	3
5639	5
5640	2
5641	2
5642	1
5643	3
5644	5
5645	2
5646	0
5647	0
5648	3
5649	3
5650	1
5651	3
5652	5
5653	2
5654	2
5655	2
5656	3
5657	4
5658	6
5659	2
5660	0
5661	2
5662	1
5663	5
5664	4
5665	3
5666	4
5667	7
5668	4
5669	1
5670	5
5671	5
5672	3
5673	2
5674	3
5675	4
5676	3
5677	3
5678	2
5679	1
5680	4
5681	1
5682	1
5683	2
5684	2
5685	1
5686	4
5687	3
5688	0
5689	3
5690	3
5691	3
5692	7
5693	2
5694	1
5695	2
5696	2
5697	2
5698	2
5699	1
5700	3
5701	5
5702	1
5703	4
5704	6
5705	5
5706	2
5707	0
5708	2
5709	4
5710	3
5711	2
5712	5
5713	2
5714	4
5715	2
5716	1
5717	4
5718	2
5719	1
5720	2
5721	2
5722	2
5723	6
5724	4
5725	1
5726	3
5727	6
5728	4
5729	1
5730	2
5731	4
5732	2
5733	4
5734	4
5735	1
5736	3
5737	4
5738	3
5739	2
5740	3
5741	2
5742	2
5743	2
5744	2
5745	2
5746	0
5747	1
5748	1
5749	1
5750	0
5751	2
5752	1
5753	5
5754	3
5755	3
5756	1
5757	0
5758	5
5759	3
5760	4
5761	2
5762	2
5763	2
5764	0
5765	2
5766	1
5767	2
5768	1
5769	1
5770	1
5771	3
5772	1
5773	3
5774	5
5775	1
5776	0
5777	0
5778	3
5779	6
5780	3
5781	4
5782	4
5783	3
5784	3
5785	0
5786	2
5787	1
5788	2
5789	1
5790	2
5791	4
5792	3
5793	2
5794	4
5795	4
5796	1
5797	4
5798	1
5799	4
5800	4
5801	4
5802	3
5803	3
5804	1
5805	3
5806	3
5807	3
5808	3
5809	2
5810	2
5811	2
5812	3
5813	3
5814	1
5815	1
5816	1
5817	1
5818	1
5819	4
5820	2
5821	0
5822	2
5823	2
5824	1
5825	2
5826	1
5827	3
5828	1
5829	4
5830	1
5831	3
5832	2
5833	2
5834	4
5835	1
5836	2
5837	1
5838	1
5839	2
5840	2
5841	1
5842	6
5843	1
5844	2
5845	2
5846	4
5847	1
5848	4
5849	2
5850	1
5851	3
5852	3
5853	2
5854	4
5855	1
5856	4
5857	1
5858	1
5859	1
5860	1
5861	1
5862	2
5863	3
5864	2
5865	4
5866	1
5867	2
5868	1
5869	3
5870	2
5871	3
5872	3
5873	3
5874	0
5875	3
5876	2
5877	3
5878	2
5879	1
5880	3
5881	1
5882	4
5883	1
5884	4
5885	3
5886	0
5887	2
5888	2
5889	1
5890	3
5891	1
5892	2
5893	2
5894	2
5895	3
5896	3
5897	3
5898	2
5899	5
5900	3
5901	2
5902	3
5903	3
5904	3
5905	4
5906	1
5907	2
5908	2
5909	2
5910	2
5911	2
5912	1
5913	1
5914	6
5915	0
5916	6
5917	2
5918	3
5919	3
5920	2
5921	3
5922	1
5923	2
5924	3
5925	3
5926	0
5927	0
5928	2
5929	5
5930	1
5931	1
5932	1
5933	1
5934	3
5935	1
5936	3
5937	2
5938	1
5939	3
5940	2
5941	0
5942	1
5943	2
5944	4
5945	2
5946	1
5947	1
5948	1
5949	2
5950	3
5951	6
5952	4
5953	4
5954	2
5955	3
5956	2
5957	2
5958	6
5959	2
5960	1
5961	2
5962	1
5963	4
5964	2
5965	4
5966	2
5967	2
5968	1
5969	1
5970	2
5971	2
5972	5
5973	3
5974	5
5975	2
5976	1
5977	0
5978	4
5979	1
5980	3
5981	3
5982	3
5983	3
5984	1
5985	4
5986	3
5987	2
5988	3
5989	4
5990	2
5991	1
5992	5
5993	3
5994	3
5995	1
5996	1
5997	3
5998	1
5999	4
6000	2
6001	2
6002	1
6003	5
6004	2
6005	1
6006	3
6007	3
6008	1
6009	2
6010	3
6011	1
6012	4
6013	7
6014	4
6015	2
6016	4
6017	3
6018	5
6019	3
6020	2
6021	1
6022	2
6023	3
6024	2
6025	8
6026	4
6027	3
6028	1
6029	5
6030	2
6031	4
6032	2
6033	1
6034	4
6035	3
6036	3
6037	3
6038	3
6039	2
6040	3
6041	3
6042	0
6043	5
6044	1
6045	2
6046	2
6047	2
6048	1
6049	3
6050	4
6051	4
6052	2
6053	4
6054	2
6055	3
6056	7
6057	4
6058	2
6059	4
6060	4
6061	1
6062	4
6063	0
6064	3
6065	2
6066	3
6067	7
6068	2
6069	1
6070	1
6071	2
6072	4
6073	2
6074	1
6075	6
6076	1
6077	3
6078	2
6079	1
6080	4
6081	7
6082	3
6083	0
6084	1
6085	2
6086	5
6087	1
6088	1
6089	4
6090	1
6091	3
6092	6
6093	2
6094	1
6095	2
6096	2
6097	3
6098	3
6099	3
6100	1
6101	3
6102	1
6103	0
6104	0
6105	4
6106	1
6107	3
6108	2
6109	1
6110	1
6111	6
6112	2
6113	3
6114	2
6115	1
6116	2
6117	1
6118	2
6119	1
6120	3
6121	7
6122	0
6123	2
6124	1
6125	2
6126	4
6127	2
6128	4
6129	3
6130	7
6131	2
6132	5
6133	2
6134	3
6135	1
6136	7
6137	2
6138	5
6139	7
6140	4
6141	5
6142	4
6143	4
6144	5
6145	3
6146	3
6147	2
6148	1
6149	3
6150	3
6151	4
6152	2
6153	1
6154	2
6155	3
6156	3
6157	2
6158	1
6159	2
6160	0
6161	4
6162	1
6163	3
6164	4
6165	1
6166	2
6167	0
6168	5
6169	2
6170	3
6171	3
6172	0
6173	1
6174	1
6175	1
6176	2
6177	1
6178	0
6179	1
6180	1
6181	2
6182	0
6183	3
6184	0
6185	4
6186	4
6187	1
6188	1
6189	1
6190	2
6191	1
6192	2
6193	0
6194	2
6195	1
6196	5
6197	0
6198	2
6199	2
6200	1
6201	1
6202	1
6203	3
6204	2
6205	2
6206	3
6207	3
6208	1
6209	2
6210	2
6211	0
6212	0
6213	3
6214	2
6215	5
6216	3
6217	3
6218	1
6219	1
6220	0
6221	3
6222	3
6223	3
6224	3
6225	2
6226	1
6227	2
6228	2
6229	2
6230	2
6231	0
6232	0
6233	0
6234	3
6235	0
6236	2
6237	1
6238	1
6239	1
6240	2
6241	0
6242	1
6243	1
6244	3
6245	1
6246	1
6247	0
6248	5
6249	2
6250	2
6251	0
6252	1
6253	0
6254	2
6255	3
6256	4
6257	4
6258	1
6259	0
6260	0
6261	1
6262	0
6263	1
6264	1
6265	1
6266	3
6267	3
6268	1
6269	2
6270	3
6271	0
6272	1
6273	4
6274	1
6275	2
6276	3
6277	0
6278	1
6279	0
6280	3
6281	1
6282	2
6283	2
6284	4
6285	0
6286	5
6287	2
6288	5
6289	3
6290	4
6291	0
6292	1
6293	1
6294	4
6295	1
6296	2
6297	1
6298	0
6299	0
6300	3
6301	3
6302	2
6303	3
6304	1
6305	3
6306	3
6307	2
6308	2
6309	3
6310	1
6311	2
6312	1
6313	1
6314	2
6315	1
6316	3
6317	2
6318	1
6319	3
6320	1
6321	1
6322	2
6323	0
6324	4
6325	3
6326	1
6327	1
6328	5
6329	2
6330	5
6331	2
6332	2
6333	3
6334	1
6335	1
6336	3
6337	1
6338	0
6339	4
6340	0
6341	1
6342	0
6343	3
6344	1
6345	4
6346	3
6347	2
6348	2
6349	1
6350	1
6351	2
6352	0
6353	1
6354	2
6355	0
6356	1
6357	2
6358	2
6359	0
6360	2
6361	3
6362	1
6363	2
6364	2
6365	1
6366	0
6367	0
6368	2
6369	1
6370	4
6371	5
6372	3
6373	1
6374	1
6375	1
6376	1
6377	2
6378	3
6379	0
6380	2
6381	1
6382	3
6383	0
6384	2
6385	2
6386	2
6387	2
6388	1
6389	1
6390	2
6391	4
6392	2
6393	2
6394	1
6395	6
6396	2
6397	2
6398	1
6399	3
6400	2
6401	3
6402	2
6403	3
6404	2
6405	1
6406	3
6407	2
6408	1
6409	4
6410	2
6411	2
6412	2
6413	2
6414	2
6415	3
6416	1
6417	0
6418	2
6419	1
6420	3
6421	2
6422	2
6423	1
6424	1
6425	2
6426	1
6427	1
6428	0
6429	0
6430	3
6431	2
6432	0
6433	3
6434	0
6435	1
6436	1
6437	0
6438	1
6439	1
6440	1
6441	3
6442	3
6443	2
6444	3
6445	1
6446	1
6447	1
6448	2
6449	1
6450	3
6451	0
6452	5
6453	4
6454	4
6455	2
6456	0
6457	1
6458	1
6459	4
6460	2
6461	1
6462	1
6463	0
6464	0
6465	1
6466	2
6467	4
6468	2
6469	2
6470	3
6471	1
6472	2
6473	3
6474	2
6475	3
6476	1
6477	1
6478	4
6479	3
6480	1
6481	5
6482	4
6483	3
6484	2
6485	3
6486	3
6487	0
6488	3
6489	6
6490	2
6491	4
6492	3
6493	2
6494	3
6495	1
6496	0
6497	1
6498	2
6499	3
6500	2
6501	0
6502	1
6503	1
6504	4
6505	1
6506	0
6507	3
6508	4
6509	6
6510	6
6511	7
6512	8
6513	1
6514	2
6515	0
6516	1
6517	2
6518	0
6519	5
6520	6
6521	2
6522	2
6523	2
6524	0
6525	2
6526	2
6527	1
6528	3
6529	1
6530	0
6531	2
6532	5
6533	2
6534	1
6535	3
6536	7
6537	5
6538	4
6539	1
6540	3
6541	3
6542	3
6543	2
6544	2
6545	3
6546	4
6547	2
6548	6
6549	2
6550	1
6551	0
6552	1
6553	2
6554	4
6555	5
6556	1
6557	3
6558	2
6559	3
6560	4
6561	4
6562	6
6563	5
6564	7
6565	2
6566	4
6567	5
6568	5
6569	2
6570	3
6571	2
6572	0
6573	2
6574	3
6575	0
6576	2
6577	0
6578	1
6579	1
6580	0
6581	2
6582	0
6583	1
6584	1
6585	1
6586	0
6587	0
6588	0
6589	1
6590	1
6591	3
6592	0
6593	1
6594	1
6595	1
6596	3
6597	0
6598	1
6599	0
6600	0
6601	2
6602	2
6603	2
6604	0
6605	0
6606	0
6607	0
6608	1
6609	0
6610	0
6611	0
6612	0
6613	1
6614	0
6615	1
6616	2
6617	0
6618	1
6619	2
6620	0
6621	3
6622	1
6623	1
6624	2
6625	0
6626	1
6627	0
6628	3
6629	2
6630	0
6631	0
6632	3
6633	0
6634	0
6635	0
6636	0
6637	0
6638	3
6639	2
6640	1
6641	1
6642	1
6643	0
6644	4
6645	1
6646	0
6647	0
6648	1
6649	1
6650	1
6651	1
6652	2
6653	2
6654	0
6655	1
6656	2
6657	1
6658	0
6659	3
6660	1
6661	0
6662	0
6663	0
6664	3
6665	2
6666	0
6667	1
6668	1
6669	0
6670	1
6671	1
6672	2
6673	0
6674	1
6675	1
6676	1
6677	1
6678	2
6679	0
6680	0
6681	1
6682	3
6683	2
6684	0
6685	1
6686	0
6687	3
6688	1
6689	1
6690	2
6691	2
6692	2
6693	0
6694	2
6695	2
6696	0
6697	2
6698	2
6699	1
6700	1
6701	2
6702	0
6703	1
6704	0
6705	1
6706	0
6707	1
6708	0
6709	1
6710	0
6711	0
6712	0
6713	1
6714	0
6715	0
6716	1
6717	0
6718	2
6719	1
6720	0
6721	2
6722	0
6723	0
6724	2
6725	1
6726	2
6727	1
6728	2
6729	1
6730	1
6731	1
6732	0
6733	2
6734	1
6735	3
6736	2
6737	1
6738	0
6739	2
6740	0
6741	2
6742	1
6743	0
6744	1
6745	2
6746	2
6747	0
6748	1
6749	2
6750	1
6751	1
6752	1
6753	0
6754	1
6755	3
6756	0
6757	0
6758	2
6759	2
6760	0
6761	0
6762	0
6763	1
6764	1
6765	1
6766	2
6767	0
6768	0
6769	2
6770	1
6771	1
6772	2
6773	1
6774	2
6775	1
6776	0
6777	0
6778	2
6779	2
6780	1
6781	1
6782	1
6783	1
6784	0
6785	1
6786	0
6787	1
6788	2
6789	0
6790	2
6791	0
6792	0
6793	1
6794	1
6795	1
6796	0
6797	0
6798	0
6799	2
6800	1
6801	1
6802	0
6803	1
6804	2
6805	1
6806	1
6807	0
6808	1
6809	1
6810	1
6811	0
6812	1
6813	0
6814	1
6815	0
6816	0
6817	1
6818	2
6819	0
6820	0
6821	0
6822	1
6823	0
6824	0
6825	2
6826	1
6827	1
6828	1
6829	1
6830	0
6831	3
6832	1
6833	2
6834	1
6835	1
6836	1
6837	1
6838	4
6839	2
6840	3
6841	4
6842	5
6843	3
6844	0
6845	0
6846	2
6847	0
6848	2
6849	2
6850	2
6851	1
6852	1
6853	1
6854	1
6855	1
6856	1
6857	2
6858	1
6859	0
6860	2
6861	0
6862	1
6863	1
6864	0
6865	0
6866	1
6867	2
6868	1
6869	3
6870	0
6871	0
6872	2
6873	1
6874	2
6875	1
6876	2
6877	2
6878	2
6879	1
6880	1
6881	2
6882	1
6883	1
6884	1
6885	1
6886	1
6887	1
6888	0
6889	1
6890	0
6891	0
6892	0
6893	1
6894	2
6895	0
6896	0
6897	1
6898	0
6899	0
6900	1
6901	0
6902	1
6903	0
6904	1
6905	1
6906	2
6907	1
6908	0
6909	1
6910	1
6911	1
6912	1
6913	1
6914	0
6915	0
6916	0
6917	1
6918	0
6919	0
6920	0
6921	3
6922	0
6923	0
6924	2
6925	2
6926	0
6927	1
6928	2
6929	0
6930	0
6931	0
6932	1
6933	1
6934	1
6935	0
6936	0
6937	1
6938	0
6939	0
6940	2
6941	0
6942	1
6943	1
6944	1
6945	0
6946	0
6947	0
6948	1
6949	0
6950	0
6951	0
6952	0
6953	0
6954	2
6955	2
6956	0
6957	0
6958	0
6959	0
6960	2
6961	1
6962	1
6963	0
6964	0
6965	0
6966	0
6967	2
6968	2
6969	1
6970	0
6971	1
6972	3
6973	0
6974	0
6975	0
6976	2
6977	0
6978	2
6979	0
6980	1
6981	1
6982	3
6983	2
6984	2
6985	3
6986	0
6987	2
6988	2
6989	1
6990	4
6991	1
6992	1
6993	0
6994	1
6995	0
6996	1
6997	0
6998	1
6999	0
7000	1
7001	1
7002	1
7003	0
7004	0
7005	1
7006	0
7007	0
7008	0
7009	0
7010	0
7011	0
7012	0
7013	0
7014	0
7015	0
7016	0
7017	0
7018	0
7019	0
7020	0
7021	0
7022	1
7023	0
7024	0
7025	0
7026	0
7027	2
7028	2
7029	0
7030	0
7031	0
7032	1
7033	1
7034	0
7035	2
7036	2
7037	3
7038	2
7039	0
7040	0
7041	0
7042	3
7043	2
7044	0
7045	2
7046	1
7047	1
7048	0
7049	1
7050	1
7051	1
7052	0
7053	3
7054	0
7055	0
7056	1
7057	1
7058	1
7059	0
7060	1
7061	0
7062	0
7063	0
7064	1
7065	1
7066	0
7067	0
7068	2
7069	1
7070	1
7071	0
7072	0
7073	0
7074	2
7075	0
7076	0
7077	0
7078	1
7079	1
7080	0
7081	1
7082	1
7083	0
7084	0
7085	0
7086	1
7087	2
7088	1
7089	1
7090	1
7091	0
7092	0
7093	1
7094	0
7095	0
7096	0
7097	0
7098	1
7099	0
7100	0
7101	2
7102	1
7103	0
7104	2
7105	0
7106	1
7107	1
7108	1
7109	0
7110	1
7111	0
7112	1
7113	2
7114	1
7115	1
7116	1
7117	0
7118	0
7119	0
7120	1
7121	2
7122	1
7123	1
7124	0
7125	0
7126	1
7127	0
7128	0
7129	0
7130	0
7131	1
7132	0
7133	1
7134	0
7135	0
7136	1
7137	2
7138	0
7139	2
7140	0
7141	2
7142	1
7143	0
7144	0
7145	0
7146	0
7147	1
7148	3
7149	1
7150	0
7151	1
7152	0
7153	1
7154	1
7155	1
7156	2
7157	2
7158	0
7159	1
7160	0
7161	0
7162	1
7163	0
7164	0
7165	1
7166	2
7167	2
7168	1
7169	1
7170	0
7171	1
7172	1
7173	0
7174	0
7175	2
7176	0
7177	0
7178	0
7179	0
7180	0
7181	0
7182	1
7183	0
7184	1
7185	1
7186	1
7187	0
7188	0
7189	1
7190	2
7191	0
7192	1
7193	2
7194	0
7195	1
7196	0
7197	0
7198	2
7199	1
7200	1
7201	0
7202	1
7203	0
7204	1
7205	2
7206	0
7207	0
7208	1
7209	1
7210	0
7211	1
7212	3
7213	2
7214	2
7215	0
7216	0
7217	0
7218	0
7219	2
7220	0
7221	0
7222	0
7223	1
7224	1
7225	0
7226	1
7227	2
7228	1
7229	2
7230	0
7231	1
7232	1
7233	0
7234	0
7235	4
7236	0
7237	0
7238	0
7239	0
7240	1
7241	6
7242	3
7243	11
7244	12
7245	20
7246	29
7247	36
7248	37
7249	43
7250	45
7251	39
7252	55
7253	55
7254	41
7255	31
7256	28
7257	21
7258	14
7259	6
7260	3
7261	3
7262	0
7263	0
7264	1
7265	2
7266	1
7267	0
7268	0
7269	0
7270	0
7271	0
7272	0
7273	1
7274	1
7275	0
7276	1
7277	2
7278	0
7279	0
7280	0
7281	0
7282	0
7283	0
7284	0
7285	0
7286	0
7287	1
7288	0
7289	2
7290	0
7291	0
7292	0
7293	0
7294	2
7295	3
7296	1
7297	0
7298	0
7299	0
7300	0
7301	0
7302	1
7303	2
7304	1
7305	1
7306	1
7307	1
7308	2
7309	1
7310	0
7311	1
7312	2
7313	1
7314	1
7315	1
7316	1
7317	0
7318	0
7319	1
7320	0
7321	0
7322	0
7323	1
7324	0
7325	1
7326	0
7327	0
7328	1
7329	0
7330	0
7331	0
7332	2
7333	1
7334	0
7335	1
7336	0
7337	1
7338	1
7339	0
7340	0
7341	1
7342	0
7343	0
7344	1
7345	0
7346	0
7347	1
7348	0
7349	1
7350	1
7351	0
7352	1
7353	2
7354	0
7355	0
7356	0
7357	1
7358	1
7359	1
7360	0
7361	1
7362	0
7363	0
7364	0
7365	0
7366	1
7367	1
7368	0
7369	0
7370	0
7371	1
7372	1
7373	1
7374	0
7375	1
7376	1
7377	0
7378	0
7379	0
7380	0
7381	0
7382	0
7383	0
7384	1
7385	0
7386	1
7387	1
7388	0
7389	1
7390	0
7391	0
7392	0
7393	0
7394	0
7395	0
7396	0
7397	1
7398	0
7399	0
7400	0
7401	0
7402	0
7403	3
7404	0
7405	0
7406	1
7407	1
7408	0
7409	0
7410	1
7411	0
7412	0
7413	0
7414	1
7415	0
7416	1
7417	1
7418	0
7419	1
7420	1
7421	1
7422	0
7423	2
7424	0
7425	0
7426	0
7427	0
7428	1
7429	2
7430	1
7431	0
7432	0
7433	0
7434	0
7435	0
7436	0
7437	0
7438	1
7439	0
7440	2
7441	0
7442	0
7443	1
7444	0
7445	0
7446	0
7447	0
7448	2
7449	0
7450	1
7451	0
7452	1
7453	0
7454	2
7455	0
7456	0
7457	2
7458	1
7459	0
7460	0
7461	0
7462	1
7463	1
7464	0
7465	0
7466	0
7467	1
7468	0
7469	0
7470	4
7471	0
7472	0
7473	0
7474	0
7475	0
7476	1
7477	0
7478	1
7479	0
7480	0
7481	1
7482	1
7483	1
7484	0
7485	0
7486	0
7487	1
7488	1
7489	1
7490	1
7491	0
7492	1
7493	1
7494	1
7495	0
7496	1
7497	0
7498	0
7499	0
7500	0
7501	2
7502	1
7503	1
7504	0
7505	2
7506	0
7507	0
7508	1
7509	1
7510	3
7511	3
7512	0
7513	1
7514	0
7515	0
7516	1
7517	0
7518	0
7519	1
7520	1
7521	0
7522	1
7523	0
7524	1
7525	2
7526	0
7527	0
7528	0
7529	2
7530	0
7531	1
7532	0
7533	1
7534	0
7535	0
7536	0
7537	0
7538	1
7539	0
7540	1
7541	0
7542	0
7543	1
7544	2
7545	0
7546	0
7547	1
7548	0
7549	0
7550	0
7551	0
7552	0
7553	1
7554	0
7555	0
7556	0
7557	1
7558	1
7559	0
7560	2
7561	0
7562	1
7563	0
7564	0
7565	0
7566	1
7567	1
7568	2
7569	0
7570	0
7571	0
7572	2
7573	1
7574	1
7575	0
7576	0
7577	1
7578	0
7579	1
7580	0
7581	0
7582	0
7583	0
7584	0
7585	1
7586	3
7587	1
7588	0
7589	1
7590	0
7591	0
7592	0
7593	0
7594	1
7595	1
7596	0
7597	0
7598	0
7599	0
7600	0
7601	0
7602	1
7603	2
7604	1
7605	0
7606	0
7607	0
7608	0
7609	1
7610	0
7611	1
7612	0
7613	0
7614	1
7615	1
7616	0
7617	0
7618	0
7619	2
7620	0
7621	1
7622	2
7623	0
7624	0
7625	0
7626	0
7627	1
7628	0
7629	0
7630	0
7631	0
7632	0
7633	0
7634	0
7635	0
7636	0
7637	0
7638	1
7639	0
7640	0
7641	2
7642	1
7643	0
7644	0
7645	1
7646	0
7647	0
7648	0
7649	0
7650	0
7651	1
7652	1
7653	0
7654	0
7655	0
7656	0
7657	2
7658	0
7659	1
7660	0
7661	0
7662	2
7663	0
7664	0
7665	0
7666	0
7667	1
7668	1
7669	0
7670	1
7671	0
7672	1
7673	0
7674	0
7675	0
7676	1
7677	0
7678	0
7679	0
7680	1
7681	0
7682	1
7683	0
7684	1
7685	0
7686	0
7687	0
7688	0
7689	1
7690	0
7691	0
7692	0
7693	0
7694	0
7695	0
7696	0
7697	0
7698	0
7699	1
7700	0
7701	0
7702	0
7703	1
7704	1
7705	0
7706	1
7707	0
7708	1
7709	1
7710	2
7711	0
7712	1
7713	1
7714	0
7715	0
7716	0
7717	0
7718	0
7719	1
7720	0
7721	0
7722	1
7723	2
7724	0
7725	0
7726	1
7727	0
7728	0
7729	1
7730	0
7731	2
7732	0
7733	0
7734	0
7735	2
7736	0
7737	0
7738	1
7739	1
7740	0
7741	1
7742	1
7743	0
7744	0
7745	0
7746	0
7747	1
7748	1
7749	1
7750	1
7751	0
7752	0
7753	2
7754	0
7755	4
7756	0
7757	1
7758	0
7759	1
7760	1
7761	0
7762	0
7763	0
7764	2
7765	0
7766	0
7767	0
7768	0
7769	0
7770	0
7771	0
7772	0
7773	1
7774	1
7775	0
7776	3
7777	0
7778	1
7779	0
7780	0
7781	0
7782	0
7783	0
7784	0
7785	0
7786	0
7787	1
7788	0
7789	0
7790	0
7791	1
7792	0
7793	1
7794	1
7795	0
7796	0
7797	0
7798	1
7799	0
7800	0
7801	0
7802	0
7803	1
7804	0
7805	0
7806	0
7807	0
7808	0
7809	1
7810	1
7811	0
7812	1
7813	0
7814	2
7815	0
7816	1
7817	0
7818	0
7819	0
7820	0
7821	0
7822	0
7823	3
7824	1
7825	1
7826	0
7827	1
7828	1
7829	1
7830	0
7831	1
7832	1
7833	1
7834	0
7835	0
7836	1
7837	0
7838	2
7839	0
7840	0
7841	1
7842	0
7843	1
7844	0
7845	2
7846	1
7847	1
7848	0
7849	1
7850	0
7851	1
7852	1
7853	0
7854	0
7855	1
7856	1
7857	0
7858	0
7859	1
7860	0
7861	0
7862	0
7863	0
7864	1
7865	0
7866	0
7867	1
7868	2
7869	0
7870	0
7871	1
7872	1
7873	0
7874	1
7875	0
7876	1
7877	0
7878	0
7879	0
7880	2
7881	3
7882	1
7883	1
7884	3
7885	2
7886	1
7887	0
7888	0
7889	1
7890	0
7891	0
7892	0
7893	1
7894	0
7895	0
7896	0
7897	1
7898	0
7899	3
7900	0
7901	1
7902	0
7903	1
7904	2
7905	1
7906	2
7907	0
7908	1
7909	0
7910	0
7911	1
7912	2
7913	4
7914	1
7915	0
7916	2
7917	0
7918	0
7919	1
7920	0
7921	0
7922	0
7923	0
7924	0
7925	2
7926	1
7927	0
7928	1
7929	0
7930	0
7931	0
7932	0
7933	0
7934	1
7935	0
7936	0
7937	1
7938	0
7939	0
7940	0
7941	1
7942	0
7943	0
7944	1
7945	0
7946	0
7947	1
7948	1
7949	0
7950	0
7951	0
7952	0
7953	0
7954	0
7955	0
7956	0
7957	0
7958	0
7959	0
7960	0
7961	0
7962	0
7963	1
7964	2
7965	1
7966	1
7967	0
7968	2
7969	0
7970	0
7971	0
7972	0
7973	0
7974	1
7975	0
7976	0
7977	0
7978	1
7979	1
7980	0
7981	1
7982	0
7983	1
7984	0
7985	0
7986	0
7987	0
7988	0
7989	1
7990	0
7991	0
7992	0
7993	0
7994	1
7995	0
7996	2
7997	0
7998	0
7999	0
8000	0
8001	0
8002	1
8003	0
8004	1
8005	0
8006	0
8007	0
8008	0
8009	1
8010	0
8011	0
8012	0
8013	0
8014	1
8015	0
8016	0
8017	0
8018	0
8019	0
8020	0
8021	0
8022	0
8023	1
8024	1
8025	0
8026	0
8027	0
8028	0
8029	1
8030	0
8031	0
8032	0
8033	1
8034	0
8035	0
8036	0
8037	0
8038	0
8039	0
8040	0
8041	0
8042	1
8043	1
8044	0
8045	0
8046	1
8047	1
8048	0
8049	0
8050	0
8051	0
8052	1
8053	0
8054	2
8055	0
8056	0
8057	0
8058	0
8059	0
8060	1
8061	1
8062	0
8063	0
8064	0
8065	0
8066	0
8067	3
8068	0
8069	0
8070	0
8071	0
8072	0
8073	0
8074	0
8075	1
8076	0
8077	0
8078	0
8079	0
8080	1
8081	0
8082	0
8083	0
8084	0
8085	0
8086	1
8087	0
8088	0
8089	0
8090	0
8091	2
8092	1
8093	1
8094	1
8095	0
8096	0
8097	1
8098	1
8099	0
8100	2
8101	1
8102	0
8103	0
8104	0
8105	0
8106	0
8107	0
8108	0
8109	0
8110	0
8111	0
8112	0
8113	0
8114	0
8115	1
8116	0
8117	0
8118	0
8119	0
8120	1
8121	1
8122	0
8123	0
8124	0
8125	0
8126	0
8127	0
8128	0
8129	2
8130	0
8131	1
8132	0
8133	0
8134	0
8135	1
8136	0
8137	0
8138	0
8139	1
8140	0
8141	0
8142	1
8143	1
8144	1
8145	0
8146	0
8147	0
8148	0
8149	0
8150	0
8151	0
8152	0
8153	0
8154	0
8155	0
8156	0
8157	0
8158	0
8159	0
8160	0
8161	0
8162	0
8163	0
8164	1
8165	0
8166	0
8167	0
8168	0
8169	0
8170	1
8171	0
8172	2
8173	0
8174	0
8175	1
8176	0
8177	0
8178	0
8179	0
8180	0
8181	0
8182	0
8183	0
8184	0
8185	0
8186	0
8187	0
8188	0
8189	0
8190	0
8191	0
