0	0
1	0
2	0
3	0
4	0
5	0
6	0
7	0
8	0
9	0
10	0
11	0
12	0
13	0
14	0
15	0
16	0
17	0
18	0
19	0
20	0
21	0
22	0
23	0
24	0
25	0
26	0
27	0
28	0
29	0
30	0
31	0
32	0
33	0
34	0
35	0
36	0
37	0
38	0
39	0
40	0
41	0
42	0
43	0
44	0
45	0
46	0
47	0
48	0
49	0
50	1
51	2
52	4
53	30
54	221
55	532
56	809
57	812
58	683
59	543
60	574
61	501
62	459
63	458
64	411
65	460
66	397
67	434
68	411
69	408
70	400
71	384
72	405
73	365
74	410
75	386
76	410
77	370
78	357
79	370
80	388
81	354
82	387
83	394
84	403
85	390
86	388
87	418
88	363
89	408
90	367
91	384
92	376
93	386
94	380
95	342
96	368
97	375
98	363
99	361
100	366
101	392
102	367
103	350
104	362
105	374
106	357
107	363
108	368
109	333
110	343
111	332
112	353
113	295
114	375
115	339
116	354
117	378
118	342
119	322
120	342
121	349
122	320
123	316
124	329
125	326
126	336
127	329
128	340
129	333
130	360
131	320
132	342
133	329
134	312
135	354
136	316
137	339
138	380
139	363
140	349
141	329
142	341
143	320
144	294
145	312
146	305
147	316
148	321
149	312
150	309
151	337
152	316
153	332
154	317
155	361
156	331
157	350
158	324
159	331
160	310
161	318
162	303
163	332
164	345
165	296
166	286
167	318
168	303
169	287
170	303
171	312
172	318
173	311
174	358
175	322
176	293
177	315
178	309
179	323
180	293
181	305
182	331
183	311
184	320
185	299
186	303
187	315
188	270
189	303
190	304
191	316
192	304
193	303
194	293
195	304
196	287
197	302
198	334
199	318
200	284
201	278
202	320
203	306
204	310
205	304
206	364
207	316
208	306
209	306
210	303
211	309
212	343
213	320
214	289
215	336
216	334
217	297
218	294
219	284
220	293
221	346
222	284
223	303
224	318
225	303
226	313
227	308
228	284
229	301
230	323
231	308
232	314
233	318
234	313
235	327
236	282
237	302
238	288
239	272
240	284
241	290
242	318
243	304
244	303
245	304
246	295
247	284
248	304
249	328
250	298
251	294
252	304
253	295
254	302
255	269
256	313
257	307
258	295
259	301
260	285
261	300
262	307
263	295
264	340
265	311
266	325
267	302
268	332
269	285
270	321
271	276
272	283
273	278
274	309
275	328
276	298
277	324
278	328
279	283
280	296
281	314
282	292
283	287
284	299
285	290
286	327
287	326
288	304
289	283
290	309
291	308
292	324
293	315
294	319
295	303
296	290
297	311
298	327
299	323
300	318
301	302
302	336
303	302
304	310
305	300
306	317
307	298
308	311
309	323
310	290
311	327
312	282
313	280
314	272
315	288
316	283
317	307
318	323
319	329
320	307
321	286
322	305
323	310
324	320
325	319
326	298
327	339
328	319
329	313
330	301
331	346
332	297
333	312
334	306
335	289
336	329
337	331
338	355
339	324
340	336
341	326
342	329
343	315
344	363
345	320
346	317
347	292
348	341
349	343
350	359
351	322
352	339
353	291
354	335
355	315
356	310
357	312
358	318
359	301
360	339
361	356
362	300
363	328
364	303
365	311
366	294
367	334
368	314
369	333
370	345
371	344
372	293
373	338
374	317
375	315
376	293
377	297
378	303
379	283
380	320
381	343
382	307
383	331
384	290
385	368
386	334
387	298
388	325
389	339
390	316
391	293
392	310
393	303
394	309
395	313
396	319
397	346
398	316
399	336
400	352
401	319
402	346
403	375
404	340
405	326
406	348
407	360
408	324
409	324
410	343
411	315
412	318
413	303
414	312
415	319
416	339
417	329
418	289
419	318
420	320
421	324
422	338
423	319
424	330
425	318
426	316
427	341
428	324
429	334
430	316
431	301
432	315
433	345
434	315
435	349
436	315
437	334
438	347
439	326
440	332
441	323
442	315
443	327
444	305
445	311
446	329
447	335
448	346
449	320
450	357
451	306
452	334
453	353
454	312
455	333
456	354
457	327
458	310
459	362
460	320
461	315
462	316
463	312
464	321
465	329
466	340
467	306
468	315
469	306
470	307
471	341
472	337
473	315
474	334
475	319
476	293
477	338
478	333
479	304
480	338
481	312
482	326
483	318
484	321
485	362
486	332
487	346
488	288
489	321
490	301
491	317
492	326
493	286
494	350
495	319
496	304
497	303
498	332
499	321
500	304
501	313
502	311
503	316
504	290
505	323
506	335
507	322
508	300
509	334
510	339
511	332
512	339
513	321
514	328
515	340
516	336
517	298
518	325
519	359
520	318
521	309
522	284
523	312
524	292
525	327
526	315
527	315
528	301
529	314
530	321
531	369
532	316
533	356
534	295
535	344
536	334
537	311
538	305
539	307
540	339
541	317
542	346
543	273
544	330
545	313
546	326
547	311
548	327
549	312
550	316
551	327
552	303
553	375
554	329
555	302
556	295
557	312
558	298
559	305
560	344
561	315
562	334
563	333
564	313
565	320
566	290
567	342
568	335
569	333
570	339
571	307
572	305
573	304
574	326
575	306
576	343
577	299
578	320
579	297
580	314
581	342
582	331
583	291
584	322
585	301
586	290
587	288
588	319
589	342
590	325
591	309
592	336
593	317
594	307
595	321
596	294
597	330
598	341
599	352
600	288
601	333
602	324
603	290
604	302
605	317
606	328
607	325
608	308
609	329
610	296
611	288
612	340
613	317
614	324
615	341
616	347
617	297
618	328
619	327
620	347
621	318
622	321
623	293
624	329
625	340
626	308
627	336
628	316
629	304
630	285
631	313
632	290
633	301
634	326
635	301
636	320
637	344
638	300
639	324
640	310
641	311
642	312
643	345
644	291
645	310
646	318
647	314
648	323
649	289
650	312
651	316
652	303
653	336
654	314
655	324
656	309
657	356
658	341
659	290
660	309
661	301
662	340
663	327
664	322
665	305
666	282
667	340
668	299
669	310
670	304
671	278
672	318
673	317
674	316
675	333
676	317
677	308
678	285
679	287
680	335
681	317
682	297
683	333
684	297
685	330
686	309
687	276
688	304
689	304
690	273
691	290
692	304
693	306
694	339
695	336
696	311
697	308
698	308
699	292
700	311
701	335
702	295
703	289
704	300
705	284
706	314
707	337
708	308
709	306
710	316
711	336
712	309
713	320
714	319
715	328
716	344
717	299
718	323
719	298
720	347
721	311
722	270
723	297
724	310
725	302
726	327
727	343
728	342
729	311
730	322
731	327
732	321
733	312
734	289
735	302
736	272
737	293
738	308
739	314
740	296
741	310
742	306
743	325
744	288
745	308
746	302
747	294
748	281
749	286
750	313
751	314
752	328
753	348
754	303
755	285
756	309
757	256
758	292
759	288
760	314
761	319
762	268
763	276
764	311
765	305
766	262
767	287
768	295
769	301
770	301
771	302
772	269
773	302
774	321
775	314
776	294
777	296
778	314
779	311
780	275
781	292
782	275
783	299
784	302
785	283
786	290
787	289
788	296
789	280
790	285
791	309
792	281
793	286
794	283
795	276
796	309
797	292
798	291
799	279
800	283
801	289
802	287
803	283
804	304
805	276
806	289
807	330
808	302
809	295
810	293
811	321
812	280
813	299
814	319
815	276
816	315
817	306
818	257
819	277
820	260
821	297
822	296
823	290
824	293
825	276
826	294
827	310
828	280
829	271
830	244
831	280
832	279
833	287
834	283
835	284
836	302
837	316
838	253
839	270
840	245
841	294
842	299
843	266
844	257
845	298
846	260
847	268
848	282
849	276
850	290
851	272
852	276
853	262
854	305
855	285
856	263
857	325
858	254
859	297
860	270
861	275
862	279
863	260
864	254
865	278
866	252
867	270
868	298
869	309
870	284
871	274
872	289
873	264
874	291
875	296
876	294
877	295
878	287
879	293
880	284
881	278
882	249
883	262
884	271
885	270
886	263
887	310
888	288
889	263
890	246
891	255
892	288
893	278
894	263
895	273
896	232
897	261
898	271
899	277
900	277
901	281
902	279
903	273
904	248
905	287
906	287
907	249
908	274
909	259
910	265
911	281
912	280
913	267
914	252
915	285
916	297
917	269
918	308
919	245
920	267
921	281
922	295
923	286
924	279
925	288
926	281
927	256
928	274
929	262
930	283
931	271
932	284
933	257
934	249
935	264
936	260
937	268
938	263
939	264
940	256
941	263
942	268
943	287
944	271
945	263
946	255
947	274
948	239
949	288
950	242
951	274
952	238
953	273
954	260
955	292
956	263
957	251
958	267
959	251
960	252
961	251
962	310
963	269
964	266
965	273
966	260
967	257
968	258
969	265
970	268
971	269
972	268
973	258
974	248
975	247
976	258
977	282
978	227
979	252
980	270
981	244
982	257
983	270
984	244
985	279
986	253
987	277
988	269
989	274
990	259
991	259
992	259
993	257
994	275
995	267
996	271
997	294
998	273
999	263
1000	247
1001	289
1002	293
1003	271
1004	278
1005	248
1006	276
1007	284
1008	279
1009	279
1010	294
1011	296
1012	252
1013	274
1014	299
1015	279
1016	292
1017	283
1018	268
1019	314
1020	292
1021	282
1022	260
1023	299
1024	286
1025	299
1026	303
1027	323
1028	311
1029	300
1030	304
1031	301
1032	298
1033	314
1034	310
1035	310
1036	316
1037	310
1038	294
1039	322
1040	308
1041	327
1042	313
1043	307
1044	333
1045	354
1046	321
1047	357
1048	336
1049	336
1050	336
1051	331
1052	297
1053	321
1054	355
1055	328
1056	337
1057	339
1058	293
1059	323
1060	343
1061	335
1062	320
1063	321
1064	322
1065	339
1066	347
1067	351
1068	334
1069	343
1070	309
1071	318
1072	349
1073	336
1074	343
1075	365
1076	324
1077	326
1078	351
1079	365
1080	320
1081	319
1082	330
1083	336
1084	306
1085	333
1086	330
1087	358
1088	300
1089	328
1090	313
1091	317
1092	294
1093	308
1094	315
1095	357
1096	347
1097	330
1098	315
1099	336
1100	327
1101	306
1102	340
1103	336
1104	338
1105	325
1106	358
1107	308
1108	312
1109	300
1110	326
1111	359
1112	340
1113	342
1114	304
1115	261
1116	331
1117	303
1118	315
1119	345
1120	321
1121	332
1122	329
1123	343
1124	293
1125	317
1126	288
1127	296
1128	294
1129	356
1130	280
1131	290
1132	354
1133	331
1134	284
1135	302
1136	348
1137	308
1138	327
1139	308
1140	316
1141	321
1142	317
1143	290
1144	314
1145	319
1146	301
1147	327
1148	325
1149	309
1150	315
1151	326
1152	323
1153	298
1154	313
1155	298
1156	325
1157	296
1158	331
1159	299
1160	320
1161	331
1162	324
1163	313
1164	333
1165	313
1166	326
1167	364
1168	317
1169	279
1170	328
1171	299
1172	272
1173	318
1174	304
1175	303
1176	301
1177	299
1178	318
1179	320
1180	319
1181	299
1182	294
1183	301
1184	308
1185	288
1186	294
1187	311
1188	316
1189	282
1190	277
1191	285
1192	277
1193	305
1194	276
1195	288
1196	314
1197	291
1198	285
1199	284
1200	313
1201	302
1202	280
1203	302
1204	301
1205	280
1206	279
1207	287
1208	290
1209	273
1210	268
1211	302
1212	254
1213	304
1214	306
1215	270
1216	309
1217	272
1218	280
1219	251
1220	260
1221	258
1222	295
1223	268
1224	301
1225	271
1226	293
1227	284
1228	293
1229	286
1230	289
1231	290
1232	283
1233	281
1234	290
1235	294
1236	275
1237	281
1238	268
1239	300
1240	243
1241	260
1242	261
1243	264
1244	284
1245	294
1246	269
1247	293
1248	265
1249	272
1250	305
1251	262
1252	285
1253	261
1254	280
1255	303
1256	246
1257	262
1258	281
1259	281
1260	285
1261	264
1262	238
1263	283
1264	244
1265	281
1266	272
1267	309
1268	260
1269	274
1270	287
1271	253
1272	263
1273	290
1274	283
1275	265
1276	264
1277	256
1278	234
1279	281
1280	257
1281	237
1282	266
1283	277
1284	269
1285	249
1286	290
1287	242
1288	246
1289	289
1290	244
1291	265
1292	261
1293	235
1294	280
1295	244
1296	275
1297	272
1298	260
1299	257
1300	248
1301	258
1302	285
1303	265
1304	260
1305	257
1306	273
1307	265
1308	266
1309	287
1310	257
1311	256
1312	263
1313	249
1314	266
1315	236
1316	258
1317	265
1318	239
1319	267
1320	257
1321	258
1322	258
1323	255
1324	250
1325	254
1326	296
1327	275
1328	268
1329	250
1330	265
1331	272
1332	254
1333	253
1334	247
1335	235
1336	261
1337	257
1338	256
1339	236
1340	226
1341	269
1342	265
1343	228
1344	246
1345	215
1346	253
1347	242
1348	249
1349	237
1350	258
1351	251
1352	244
1353	218
1354	226
1355	262
1356	266
1357	280
1358	267
1359	241
1360	232
1361	241
1362	271
1363	226
1364	237
1365	236
1366	245
1367	261
1368	254
1369	252
1370	231
1371	227
1372	243
1373	245
1374	228
1375	226
1376	221
1377	217
1378	230
1379	269
1380	217
1381	237
1382	251
1383	217
1384	235
1385	241
1386	240
1387	231
1388	216
1389	207
1390	214
1391	245
1392	245
1393	211
1394	255
1395	231
1396	229
1397	224
1398	237
1399	242
1400	219
1401	258
1402	220
1403	212
1404	228
1405	236
1406	267
1407	219
1408	218
1409	232
1410	250
1411	237
1412	248
1413	231
1414	252
1415	217
1416	216
1417	230
1418	226
1419	236
1420	224
1421	229
1422	250
1423	267
1424	239
1425	232
1426	252
1427	220
1428	206
1429	214
1430	211
1431	227
1432	251
1433	206
1434	241
1435	203
1436	216
1437	215
1438	195
1439	237
1440	211
1441	237
1442	226
1443	226
1444	237
1445	243
1446	242
1447	225
1448	274
1449	246
1450	236
1451	214
1452	219
1453	251
1454	221
1455	230
1456	217
1457	247
1458	228
1459	232
1460	234
1461	224
1462	252
1463	232
1464	220
1465	242
1466	229
1467	205
1468	225
1469	235
1470	237
1471	229
1472	260
1473	208
1474	235
1475	220
1476	232
1477	232
1478	218
1479	215
1480	235
1481	214
1482	258
1483	220
1484	209
1485	234
1486	229
1487	209
1488	231
1489	220
1490	221
1491	193
1492	240
1493	204
1494	215
1495	205
1496	207
1497	223
1498	197
1499	212
1500	218
1501	209
1502	241
1503	192
1504	208
1505	214
1506	205
1507	222
1508	224
1509	195
1510	238
1511	209
1512	262
1513	196
1514	215
1515	222
1516	226
1517	202
1518	216
1519	223
1520	241
1521	239
1522	248
1523	260
1524	254
1525	260
1526	264
1527	244
1528	220
1529	190
1530	220
1531	197
1532	208
1533	206
1534	207
1535	212
1536	194
1537	216
1538	216
1539	193
1540	198
1541	216
1542	209
1543	197
1544	223
1545	226
1546	207
1547	217
1548	211
1549	215
1550	217
1551	196
1552	181
1553	227
1554	211
1555	204
1556	199
1557	203
1558	203
1559	213
1560	205
1561	195
1562	210
1563	213
1564	198
1565	211
1566	222
1567	200
1568	222
1569	226
1570	195
1571	196
1572	224
1573	212
1574	188
1575	187
1576	189
1577	205
1578	192
1579	210
1580	194
1581	210
1582	194
1583	220
1584	214
1585	181
1586	202
1587	210
1588	240
1589	207
1590	214
1591	204
1592	223
1593	207
1594	225
1595	195
1596	198
1597	203
1598	208
1599	196
1600	194
1601	228
1602	191
1603	194
1604	178
1605	217
1606	222
1607	184
1608	190
1609	180
1610	195
1611	219
1612	189
1613	216
1614	198
1615	219
1616	241
1617	193
1618	210
1619	204
1620	194
1621	202
1622	200
1623	213
1624	177
1625	205
1626	174
1627	210
1628	219
1629	169
1630	197
1631	198
1632	180
1633	204
1634	213
1635	219
1636	198
1637	214
1638	174
1639	205
1640	212
1641	168
1642	209
1643	202
1644	175
1645	192
1646	208
1647	189
1648	198
1649	204
1650	213
1651	196
1652	194
1653	192
1654	199
1655	178
1656	192
1657	202
1658	197
1659	199
1660	210
1661	187
1662	192
1663	204
1664	172
1665	195
1666	164
1667	202
1668	187
1669	211
1670	190
1671	195
1672	187
1673	205
1674	193
1675	207
1676	209
1677	196
1678	222
1679	206
1680	205
1681	208
1682	201
1683	194
1684	186
1685	202
1686	185
1687	205
1688	166
1689	186
1690	184
1691	189
1692	192
1693	183
1694	166
1695	185
1696	194
1697	183
1698	215
1699	207
1700	202
1701	235
1702	192
1703	155
1704	187
1705	189
1706	183
1707	205
1708	212
1709	172
1710	206
1711	203
1712	186
1713	174
1714	193
1715	180
1716	159
1717	189
1718	177
1719	200
1720	212
1721	185
1722	185
1723	172
1724	204
1725	186
1726	186
1727	194
1728	218
1729	222
1730	217
1731	228
1732	226
1733	194
1734	217
1735	189
1736	189
1737	177
1738	177
1739	200
1740	164
1741	172
1742	208
1743	214
1744	191
1745	158
1746	193
1747	174
1748	228
1749	173
1750	194
1751	182
1752	191
1753	201
1754	196
1755	187
1756	182
1757	189
1758	181
1759	202
1760	187
1761	183
1762	186
1763	189
1764	170
1765	167
1766	197
1767	195
1768	174
1769	169
1770	218
1771	195
1772	172
1773	196
1774	206
1775	177
1776	188
1777	195
1778	196
1779	180
1780	175
1781	209
1782	186
1783	181
1784	188
1785	197
1786	198
1787	173
1788	174
1789	178
1790	179
1791	164
1792	180
1793	190
1794	180
1795	173
1796	173
1797	180
1798	161
1799	175
1800	183
1801	187
1802	192
1803	210
1804	201
1805	176
1806	173
1807	196
1808	186
1809	181
1810	179
1811	198
1812	188
1813	189
1814	184
1815	184
1816	192
1817	181
1818	173
1819	197
1820	195
1821	178
1822	198
1823	207
1824	163
1825	180
1826	169
1827	176
1828	177
1829	176
1830	194
1831	158
1832	159
1833	190
1834	177
1835	173
1836	170
1837	194
1838	172
1839	167
1840	169
1841	176
1842	180
1843	182
1844	186
1845	171
1846	181
1847	174
1848	178
1849	169
1850	168
1851	164
1852	170
1853	177
1854	181
1855	198
1856	179
1857	173
1858	187
1859	174
1860	149
1861	169
1862	203
1863	170
1864	190
1865	167
1866	166
1867	182
1868	184
1869	184
1870	197
1871	154
1872	181
1873	177
1874	172
1875	180
1876	175
1877	180
1878	172
1879	161
1880	191
1881	185
1882	175
1883	171
1884	171
1885	176
1886	180
1887	190
1888	159
1889	187
1890	175
1891	187
1892	174
1893	162
1894	181
1895	200
1896	164
1897	154
1898	185
1899	146
1900	168
1901	162
1902	180
1903	180
1904	180
1905	176
1906	136
1907	176
1908	176
1909	178
1910	190
1911	169
1912	179
1913	183
1914	177
1915	164
1916	172
1917	166
1918	160
1919	153
1920	179
1921	179
1922	184
1923	183
1924	169
1925	176
1926	177
1927	180
1928	191
1929	180
1930	178
1931	169
1932	178
1933	186
1934	158
1935	185
1936	155
1937	178
1938	168
1939	184
1940	173
1941	163
1942	169
1943	184
1944	170
1945	183
1946	200
1947	184
1948	155
1949	176
1950	178
1951	193
1952	183
1953	168
1954	189
1955	192
1956	164
1957	176
1958	156
1959	163
1960	162
1961	171
1962	181
1963	167
1964	192
1965	186
1966	170
1967	175
1968	171
1969	174
1970	169
1971	192
1972	157
1973	159
1974	164
1975	212
1976	187
1977	161
1978	163
1979	162
1980	184
1981	162
1982	175
1983	167
1984	172
1985	166
1986	160
1987	157
1988	172
1989	158
1990	173
1991	171
1992	185
1993	190
1994	165
1995	182
1996	171
1997	168
1998	172
1999	189
2000	194
2001	176
2002	148
2003	179
2004	155
2005	177
2006	161
2007	172
2008	161
2009	154
2010	172
2011	185
2012	168
2013	194
2014	157
2015	175
2016	176
2017	164
2018	183
2019	152
2020	168
2021	161
2022	163
2023	180
2024	172
2025	168
2026	156
2027	179
2028	179
2029	160
2030	176
2031	168
2032	175
2033	168
2034	193
2035	188
2036	183
2037	153
2038	163
2039	176
2040	183
2041	187
2042	148
2043	152
2044	168
2045	163
2046	163
2047	154
2048	161
2049	153
2050	161
2051	179
2052	181
2053	175
2054	182
2055	133
2056	192
2057	166
2058	172
2059	146
2060	153
2061	184
2062	178
2063	148
2064	190
2065	152
2066	165
2067	193
2068	164
2069	186
2070	182
2071	184
2072	160
2073	189
2074	164
2075	190
2076	155
2077	173
2078	155
2079	166
2080	170
2081	170
2082	172
2083	160
2084	173
2085	176
2086	182
2087	167
2088	143
2089	174
2090	152
2091	173
2092	167
2093	187
2094	181
2095	189
2096	172
2097	152
2098	163
2099	167
2100	173
2101	177
2102	180
2103	147
2104	170
2105	164
2106	148
2107	171
2108	167
2109	163
2110	182
2111	170
2112	185
2113	176
2114	186
2115	140
2116	159
2117	158
2118	175
2119	154
2120	158
2121	159
2122	166
2123	162
2124	152
2125	179
2126	164
2127	154
2128	190
2129	167
2130	147
2131	186
2132	143
2133	178
2134	165
2135	166
2136	175
2137	182
2138	167
2139	179
2140	162
2141	194
2142	149
2143	171
2144	171
2145	147
2146	149
2147	164
2148	167
2149	178
2150	154
2151	163
2152	159
2153	170
2154	158
2155	161
2156	169
2157	171
2158	172
2159	153
2160	180
2161	170
2162	184
2163	156
2164	151
2165	146
2166	170
2167	182
2168	159
2169	166
2170	176
2171	160
2172	157
2173	187
2174	153
2175	152
2176	162
2177	149
2178	177
2179	163
2180	167
2181	163
2182	171
2183	156
2184	192
2185	167
2186	165
2187	162
2188	142
2189	149
2190	161
2191	147
2192	175
2193	165
2194	174
2195	137
2196	163
2197	182
2198	193
2199	190
2200	183
2201	164
2202	165
2203	148
2204	139
2205	166
2206	177
2207	170
2208	173
2209	176
2210	155
2211	171
2212	170
2213	143
2214	181
2215	153
2216	172
2217	153
2218	165
2219	171
2220	175
2221	144
2222	126
2223	169
2224	167
2225	159
2226	157
2227	180
2228	167
2229	170
2230	173
2231	168
2232	159
2233	168
2234	166
2235	167
2236	145
2237	190
2238	137
2239	159
2240	160
2241	177
2242	165
2243	162
2244	148
2245	151
2246	168
2247	166
2248	129
2249	161
2250	147
2251	170
2252	160
2253	186
2254	149
2255	145
2256	166
2257	152
2258	163
2259	183
2260	166
2261	159
2262	155
2263	157
2264	145
2265	142
2266	173
2267	167
2268	162
2269	177
2270	156
2271	165
2272	141
2273	163
2274	157
2275	175
2276	169
2277	162
2278	157
2279	156
2280	144
2281	168
2282	170
2283	174
2284	146
2285	169
2286	144
2287	153
2288	162
2289	161
2290	145
2291	159
2292	146
2293	172
2294	154
2295	143
2296	148
2297	151
2298	158
2299	160
2300	194
2301	165
2302	165
2303	152
2304	160
2305	155
2306	168
2307	171
2308	147
2309	168
2310	159
2311	163
2312	167
2313	176
2314	165
2315	137
2316	163
2317	150
2318	167
2319	163
2320	160
2321	156
2322	180
2323	159
2324	190
2325	158
2326	143
2327	154
2328	140
2329	164
2330	142
2331	161
2332	152
2333	162
2334	130
2335	190
2336	164
2337	173
2338	175
2339	163
2340	158
2341	152
2342	164
2343	163
2344	151
2345	162
2346	172
2347	166
2348	156
2349	148
2350	155
2351	175
2352	147
2353	149
2354	152
2355	161
2356	156
2357	154
2358	164
2359	129
2360	171
2361	153
2362	138
2363	167
2364	143
2365	147
2366	195
2367	157
2368	188
2369	147
2370	159
2371	119
2372	140
2373	161
2374	171
2375	161
2376	189
2377	141
2378	150
2379	153
2380	150
2381	171
2382	141
2383	171
2384	166
2385	144
2386	155
2387	184
2388	169
2389	160
2390	164
2391	147
2392	154
2393	154
2394	164
2395	164
2396	146
2397	158
2398	191
2399	146
2400	159
2401	149
2402	147
2403	157
2404	144
2405	166
2406	157
2407	152
2408	162
2409	147
2410	178
2411	155
2412	164
2413	170
2414	166
2415	155
2416	162
2417	160
2418	158
2419	161
2420	185
2421	167
2422	140
2423	184
2424	163
2425	147
2426	170
2427	163
2428	182
2429	164
2430	166
2431	159
2432	162
2433	144
2434	159
2435	140
2436	175
2437	155
2438	164
2439	160
2440	146
2441	160
2442	140
2443	165
2444	156
2445	157
2446	155
2447	164
2448	154
2449	158
2450	184
2451	145
2452	154
2453	162
2454	141
2455	154
2456	157
2457	147
2458	159
2459	191
2460	147
2461	161
2462	165
2463	175
2464	160
2465	154
2466	149
2467	158
2468	158
2469	134
2470	136
2471	137
2472	132
2473	148
2474	146
2475	165
2476	159
2477	150
2478	165
2479	141
2480	161
2481	147
2482	150
2483	152
2484	176
2485	153
2486	148
2487	173
2488	140
2489	163
2490	149
2491	183
2492	164
2493	163
2494	166
2495	164
2496	149
2497	145
2498	153
2499	166
2500	178
2501	149
2502	149
2503	157
2504	157
2505	167
2506	151
2507	164
2508	168
2509	147
2510	166
2511	158
2512	148
2513	179
2514	164
2515	157
2516	152
2517	168
2518	175
2519	187
2520	187
2521	171
2522	189
2523	178
2524	186
2525	163
2526	176
2527	151
2528	159
2529	161
2530	170
2531	177
2532	157
2533	170
2534	183
2535	149
2536	152
2537	153
2538	157
2539	159
2540	152
2541	157
2542	143
2543	141
2544	146
2545	166
2546	146
2547	165
2548	135
2549	151
2550	146
2551	159
2552	172
2553	135
2554	153
2555	171
2556	160
2557	149
2558	153
2559	164
2560	162
2561	135
2562	165
2563	163
2564	150
2565	167
2566	154
2567	140
2568	160
2569	144
2570	158
2571	141
2572	142
2573	165
2574	147
2575	162
2576	153
2577	154
2578	139
2579	150
2580	155
2581	155
2582	169
2583	154
2584	173
2585	144
2586	185
2587	160
2588	150
2589	133
2590	175
2591	157
2592	142
2593	164
2594	179
2595	175
2596	129
2597	161
2598	144
2599	140
2600	161
2601	160
2602	151
2603	137
2604	144
2605	147
2606	159
2607	167
2608	169
2609	180
2610	169
2611	155
2612	158
2613	154
2614	152
2615	167
2616	154
2617	168
2618	155
2619	139
2620	155
2621	180
2622	172
2623	143
2624	167
2625	146
2626	144
2627	151
2628	158
2629	149
2630	166
2631	166
2632	164
2633	154
2634	170
2635	182
2636	156
2637	142
2638	171
2639	169
2640	154
2641	141
2642	172
2643	160
2644	151
2645	183
2646	182
2647	155
2648	161
2649	176
2650	179
2651	160
2652	145
2653	157
2654	161
2655	170
2656	149
2657	158
2658	161
2659	171
2660	153
2661	136
2662	163
2663	153
2664	150
2665	158
2666	157
2667	140
2668	187
2669	137
2670	150
2671	158
2672	154
2673	143
2674	141
2675	158
2676	151
2677	144
2678	158
2679	142
2680	165
2681	140
2682	153
2683	145
2684	165
2685	156
2686	175
2687	171
2688	159
2689	173
2690	176
2691	162
2692	161
2693	199
2694	155
2695	160
2696	152
2697	165
2698	142
2699	150
2700	168
2701	149
2702	153
2703	153
2704	154
2705	136
2706	162
2707	167
2708	139
2709	156
2710	171
2711	163
2712	175
2713	151
2714	158
2715	157
2716	159
2717	148
2718	136
2719	162
2720	150
2721	153
2722	152
2723	150
2724	156
2725	154
2726	171
2727	155
2728	169
2729	157
2730	165
2731	166
2732	168
2733	151
2734	153
2735	156
2736	149
2737	147
2738	138
2739	167
2740	160
2741	156
2742	138
2743	146
2744	144
2745	145
2746	163
2747	129
2748	140
2749	173
2750	188
2751	151
2752	139
2753	134
2754	160
2755	154
2756	159
2757	151
2758	167
2759	151
2760	154
2761	168
2762	137
2763	145
2764	153
2765	170
2766	155
2767	149
2768	148
2769	165
2770	149
2771	155
2772	172
2773	171
2774	139
2775	136
2776	151
2777	164
2778	129
2779	179
2780	190
2781	164
2782	153
2783	149
2784	159
2785	167
2786	149
2787	145
2788	145
2789	163
2790	172
2791	158
2792	161
2793	177
2794	161
2795	153
2796	169
2797	156
2798	157
2799	131
2800	157
2801	158
2802	158
2803	145
2804	179
2805	179
2806	171
2807	162
2808	150
2809	144
2810	153
2811	150
2812	153
2813	155
2814	169
2815	139
2816	157
2817	143
2818	164
2819	171
2820	177
2821	165
2822	165
2823	143
2824	160
2825	158
2826	171
2827	159
2828	176
2829	149
2830	163
2831	162
2832	163
2833	160
2834	143
2835	157
2836	149
2837	164
2838	165
2839	149
2840	162
2841	175
2842	134
2843	157
2844	139
2845	149
2846	171
2847	160
2848	157
2849	145
2850	142
2851	151
2852	173
2853	153
2854	163
2855	170
2856	140
2857	177
2858	179
2859	157
2860	154
2861	167
2862	135
2863	160
2864	163
2865	156
2866	145
2867	141
2868	126
2869	185
2870	159
2871	164
2872	179
2873	157
2874	145
2875	162
2876	153
2877	174
2878	143
2879	172
2880	199
2881	177
2882	190
2883	175
2884	169
2885	156
2886	145
2887	148
2888	172
2889	165
2890	178
2891	131
2892	169
2893	148
2894	173
2895	144
2896	178
2897	165
2898	160
2899	175
2900	171
2901	153
2902	152
2903	143
2904	148
2905	182
2906	131
2907	149
2908	175
2909	157
2910	180
2911	166
2912	181
2913	153
2914	143
2915	166
2916	144
2917	141
2918	174
2919	155
2920	158
2921	129
2922	180
2923	153
2924	158
2925	163
2926	146
2927	167
2928	147
2929	172
2930	186
2931	144
2932	144
2933	162
2934	144
2935	173
2936	153
2937	159
2938	176
2939	133
2940	167
2941	143
2942	115
2943	169
2944	176
2945	155
2946	154
2947	152
2948	176
2949	159
2950	146
2951	160
2952	177
2953	170
2954	166
2955	163
2956	164
2957	164
2958	167
2959	165
2960	184
2961	159
2962	172
2963	152
2964	156
2965	173
2966	160
2967	164
2968	157
2969	161
2970	148
2971	149
2972	166
2973	139
2974	173
2975	156
2976	177
2977	182
2978	133
2979	184
2980	169
2981	160
2982	143
2983	169
2984	160
2985	135
2986	144
2987	159
2988	163
2989	156
2990	168
2991	160
2992	174
2993	163
2994	175
2995	179
2996	176
2997	158
2998	176
2999	153
3000	166
3001	157
3002	154
3003	180
3004	156
3005	164
3006	167
3007	150
3008	158
3009	203
3010	197
3011	205
3012	191
3013	185
3014	170
3015	166
3016	169
3017	158
3018	154
3019	167
3020	169
3021	172
3022	159
3023	155
3024	134
3025	157
3026	144
3027	159
3028	171
3029	180
3030	158
3031	152
3032	157
3033	157
3034	172
3035	161
3036	164
3037	177
3038	142
3039	142
3040	178
3041	147
3042	164
3043	159
3044	177
3045	143
3046	194
3047	151
3048	151
3049	175
3050	155
3051	146
3052	138
3053	179
3054	148
3055	145
3056	156
3057	139
3058	145
3059	160
3060	143
3061	153
3062	157
3063	164
3064	150
3065	144
3066	177
3067	161
3068	164
3069	135
3070	156
3071	152
3072	138
3073	162
3074	155
3075	178
3076	152
3077	183
3078	171
3079	151
3080	160
3081	160
3082	150
3083	167
3084	149
3085	156
3086	136
3087	147
3088	157
3089	149
3090	146
3091	173
3092	147
3093	182
3094	168
3095	141
3096	179
3097	162
3098	161
3099	166
3100	167
3101	174
3102	156
3103	156
3104	180
3105	161
3106	179
3107	155
3108	136
3109	180
3110	127
3111	162
3112	153
3113	167
3114	144
3115	179
3116	132
3117	172
3118	162
3119	155
3120	141
3121	166
3122	137
3123	159
3124	145
3125	176
3126	150
3127	140
3128	147
3129	159
3130	169
3131	156
3132	182
3133	156
3134	163
3135	168
3136	170
3137	169
3138	148
3139	167
3140	176
3141	156
3142	170
3143	145
3144	157
3145	153
3146	156
3147	158
3148	193
3149	169
3150	164
3151	160
3152	159
3153	154
3154	150
3155	154
3156	151
3157	141
3158	149
3159	162
3160	154
3161	155
3162	157
3163	167
3164	158
3165	141
3166	154
3167	182
3168	167
3169	169
3170	171
3171	159
3172	160
3173	163
3174	164
3175	156
3176	153
3177	172
3178	146
3179	168
3180	174
3181	175
3182	153
3183	150
3184	149
3185	161
3186	153
3187	174
3188	156
3189	163
3190	169
3191	155
3192	156
3193	157
3194	160
3195	158
3196	159
3197	156
3198	144
3199	158
3200	148
3201	132
3202	180
3203	159
3204	124
3205	160
3206	181
3207	156
3208	159
3209	161
3210	182
3211	128
3212	152
3213	140
3214	149
3215	161
3216	149
3217	147
3218	175
3219	149
3220	151
3221	165
3222	160
3223	178
3224	152
3225	180
3226	168
3227	156
3228	150
3229	148
3230	166
3231	176
3232	182
3233	172
3234	135
3235	157
3236	163
3237	149
3238	181
3239	172
3240	137
3241	167
3242	138
3243	151
3244	171
3245	147
3246	171
3247	149
3248	182
3249	155
3250	160
3251	132
3252	182
3253	146
3254	144
3255	175
3256	164
3257	174
3258	146
3259	162
3260	176
3261	154
3262	173
3263	151
3264	193
3265	164
3266	138
3267	146
3268	159
3269	154
3270	187
3271	162
3272	161
3273	157
3274	167
3275	187
3276	172
3277	160
3278	151
3279	166
3280	166
3281	158
3282	178
3283	159
3284	148
3285	172
3286	148
3287	153
3288	163
3289	182
3290	136
3291	157
3292	170
3293	162
3294	157
3295	181
3296	169
3297	162
3298	149
3299	170
3300	166
3301	174
3302	143
3303	167
3304	172
3305	160
3306	166
3307	184
3308	159
3309	168
3310	175
3311	158
3312	161
3313	178
3314	152
3315	155
3316	174
3317	170
3318	173
3319	177
3320	175
3321	167
3322	157
3323	170
3324	170
3325	178
3326	171
3327	182
3328	154
3329	162
3330	150
3331	181
3332	172
3333	151
3334	169
3335	161
3336	165
3337	152
3338	169
3339	133
3340	148
3341	161
3342	179
3343	178
3344	172
3345	161
3346	158
3347	197
3348	188
3349	165
3350	184
3351	141
3352	178
3353	152
3354	189
3355	197
3356	151
3357	154
3358	164
3359	165
3360	171
3361	151
3362	161
3363	144
3364	161
3365	148
3366	175
3367	149
3368	166
3369	176
3370	151
3371	161
3372	163
3373	175
3374	169
3375	156
3376	156
3377	176
3378	155
3379	174
3380	172
3381	158
3382	152
3383	163
3384	145
3385	156
3386	157
3387	156
3388	162
3389	183
3390	173
3391	179
3392	174
3393	173
3394	168
3395	152
3396	161
3397	180
3398	164
3399	173
3400	175
3401	170
3402	161
3403	152
3404	161
3405	191
3406	189
3407	150
3408	155
3409	147
3410	168
3411	167
3412	140
3413	164
3414	166
3415	185
3416	184
3417	174
3418	173
3419	160
3420	164
3421	159
3422	152
3423	178
3424	170
3425	153
3426	166
3427	151
3428	151
3429	172
3430	156
3431	156
3432	165
3433	158
3434	152
3435	158
3436	167
3437	176
3438	156
3439	170
3440	178
3441	167
3442	164
3443	152
3444	162
3445	168
3446	159
3447	157
3448	167
3449	156
3450	181
3451	175
3452	151
3453	149
3454	162
3455	181
3456	149
3457	176
3458	154
3459	174
3460	172
3461	180
3462	176
3463	175
3464	175
3465	169
3466	172
3467	171
3468	161
3469	167
3470	156
3471	172
3472	153
3473	158
3474	170
3475	182
3476	206
3477	154
3478	164
3479	176
3480	190
3481	164
3482	160
3483	184
3484	167
3485	151
3486	151
3487	171
3488	159
3489	167
3490	163
3491	186
3492	159
3493	156
3494	165
3495	152
3496	156
3497	169
3498	177
3499	174
3500	187
3501	184
3502	159
3503	184
3504	163
3505	175
3506	190
3507	174
3508	161
3509	161
3510	164
3511	185
3512	151
3513	148
3514	189
3515	169
3516	154
3517	153
3518	172
3519	151
3520	187
3521	189
3522	169
3523	188
3524	144
3525	164
3526	173
3527	149
3528	166
3529	157
3530	154
3531	166
3532	161
3533	180
3534	170
3535	167
3536	161
3537	140
3538	161
3539	193
3540	162
3541	164
3542	157
3543	138
3544	162
3545	177
3546	178
3547	146
3548	201
3549	190
3550	176
3551	175
3552	169
3553	161
3554	153
3555	168
3556	182
3557	190
3558	182
3559	145
3560	192
3561	192
3562	178
3563	126
3564	164
3565	177
3566	176
3567	170
3568	175
3569	164
3570	170
3571	146
3572	168
3573	175
3574	183
3575	181
3576	147
3577	154
3578	159
3579	174
3580	154
3581	163
3582	192
3583	162
3584	191
3585	174
3586	185
3587	191
3588	188
3589	204
3590	181
3591	159
3592	162
3593	155
3594	172
3595	203
3596	149
3597	170
3598	160
3599	170
3600	176
3601	186
3602	178
3603	152
3604	171
3605	164
3606	165
3607	188
3608	187
3609	192
3610	169
3611	157
3612	164
3613	206
3614	171
3615	174
3616	176
3617	179
3618	188
3619	168
3620	164
3621	190
3622	161
3623	187
3624	179
3625	161
3626	165
3627	167
3628	159
3629	178
3630	183
3631	180
3632	176
3633	160
3634	166
3635	183
3636	172
3637	205
3638	176
3639	179
3640	167
3641	153
3642	185
3643	167
3644	201
3645	176
3646	175
3647	171
3648	179
3649	204
3650	166
3651	200
3652	213
3653	170
3654	174
3655	178
3656	177
3657	168
3658	170
3659	166
3660	167
3661	192
3662	166
3663	195
3664	166
3665	185
3666	171
3667	162
3668	168
3669	155
3670	176
3671	169
3672	156
3673	174
3674	164
3675	183
3676	176
3677	149
3678	172
3679	160
3680	198
3681	165
3682	160
3683	175
3684	178
3685	170
3686	186
3687	185
3688	174
3689	171
3690	166
3691	162
3692	171
3693	171
3694	181
3695	160
3696	189
3697	190
3698	192
3699	174
3700	154
3701	177
3702	196
3703	195
3704	159
3705	171
3706	153
3707	184
3708	170
3709	188
3710	192
3711	170
3712	193
3713	187
3714	212
3715	178
3716	184
3717	168
3718	185
3719	178
3720	172
3721	190
3722	180
3723	180
3724	178
3725	178
3726	184
3727	173
3728	167
3729	181
3730	182
3731	170
3732	169
3733	181
3734	169
3735	167
3736	158
3737	200
3738	164
3739	188
3740	182
3741	178
3742	138
3743	166
3744	189
3745	158
3746	186
3747	178
3748	173
3749	194
3750	181
3751	173
3752	176
3753	187
3754	178
3755	169
3756	208
3757	209
3758	155
3759	182
3760	163
3761	165
3762	190
3763	183
3764	181
3765	179
3766	170
3767	166
3768	170
3769	174
3770	170
3771	173
3772	165
3773	172
3774	156
3775	185
3776	183
3777	182
3778	201
3779	176
3780	170
3781	182
3782	160
3783	188
3784	203
3785	203
3786	172
3787	164
3788	161
3789	209
3790	183
3791	176
3792	186
3793	202
3794	163
3795	178
3796	161
3797	190
3798	169
3799	185
3800	166
3801	188
3802	162
3803	203
3804	185
3805	193
3806	196
3807	183
3808	161
3809	184
3810	176
3811	200
3812	180
3813	177
3814	202
3815	161
3816	161
3817	181
3818	183
3819	187
3820	173
3821	182
3822	159
3823	168
3824	170
3825	178
3826	159
3827	198
3828	199
3829	174
3830	174
3831	179
3832	159
3833	184
3834	200
3835	182
3836	166
3837	188
3838	172
3839	197
3840	177
3841	183
3842	203
3843	219
3844	166
3845	164
3846	184
3847	190
3848	173
3849	216
3850	179
3851	190
3852	185
3853	201
3854	180
3855	204
3856	185
3857	168
3858	175
3859	187
3860	202
3861	159
3862	176
3863	167
3864	166
3865	176
3866	178
3867	190
3868	143
3869	185
3870	160
3871	168
3872	176
3873	203
3874	195
3875	198
3876	171
3877	175
3878	171
3879	193
3880	182
3881	184
3882	175
3883	205
3884	177
3885	195
3886	169
3887	165
3888	169
3889	210
3890	157
3891	207
3892	177
3893	172
3894	177
3895	207
3896	181
3897	182
3898	195
3899	204
3900	194
3901	213
3902	194
3903	189
3904	182
3905	180
3906	192
3907	210
3908	205
3909	183
3910	196
3911	187
3912	205
3913	176
3914	193
3915	191
3916	196
3917	193
3918	210
3919	174
3920	185
3921	169
3922	192
3923	205
3924	193
3925	189
3926	163
3927	188
3928	211
3929	194
3930	181
3931	182
3932	203
3933	187
3934	194
3935	192
3936	178
3937	203
3938	165
3939	180
3940	179
3941	219
3942	216
3943	209
3944	190
3945	196
3946	188
3947	182
3948	187
3949	178
3950	197
3951	205
3952	177
3953	182
3954	215
3955	199
3956	188
3957	213
3958	209
3959	201
3960	168
3961	189
3962	197
3963	222
3964	192
3965	181
3966	211
3967	173
3968	186
3969	197
3970	190
3971	181
3972	210
3973	194
3974	206
3975	169
3976	199
3977	175
3978	192
3979	212
3980	196
3981	191
3982	176
3983	202
3984	190
3985	189
3986	178
3987	190
3988	174
3989	213
3990	197
3991	189
3992	209
3993	203
3994	204
3995	206
3996	199
3997	178
3998	179
3999	178
4000	209
4001	182
4002	199
4003	182
4004	205
4005	200
4006	200
4007	196
4008	178
4009	208
4010	170
4011	194
4012	191
4013	201
4014	156
4015	173
4016	201
4017	191
4018	179
4019	214
4020	188
4021	185
4022	196
4023	179
4024	196
4025	181
4026	207
4027	201
4028	180
4029	197
4030	190
4031	207
4032	214
4033	204
4034	218
4035	211
4036	171
4037	185
4038	199
4039	198
4040	217
4041	193
4042	185
4043	175
4044	165
4045	222
4046	180
4047	183
4048	220
4049	185
4050	203
4051	185
4052	227
4053	202
4054	194
4055	182
4056	216
4057	209
4058	208
4059	212
4060	221
4061	226
4062	219
4063	205
4064	228
4065	206
4066	227
4067	213
4068	207
4069	233
4070	226
4071	217
4072	211
4073	208
4074	198
4075	212
4076	196
4077	183
4078	201
4079	201
4080	194
4081	183
4082	193
4083	184
4084	197
4085	202
4086	217
4087	192
4088	215
4089	182
4090	179
4091	189
4092	213
4093	214
4094	226
4095	198
4096	210
4097	194
4098	206
4099	195
4100	205
4101	208
4102	204
4103	230
4104	195
4105	201
4106	223
4107	197
4108	204
4109	201
4110	196
4111	192
4112	214
4113	193
4114	191
4115	191
4116	208
4117	196
4118	206
4119	202
4120	223
4121	207
4122	213
4123	184
4124	192
4125	198
4126	197
4127	197
4128	223
4129	186
4130	189
4131	187
4132	198
4133	191
4134	223
4135	217
4136	209
4137	211
4138	209
4139	205
4140	187
4141	189
4142	208
4143	225
4144	198
4145	217
4146	200
4147	213
4148	211
4149	244
4150	236
4151	207
4152	190
4153	218
4154	206
4155	216
4156	218
4157	199
4158	216
4159	231
4160	226
4161	208
4162	184
4163	201
4164	191
4165	219
4166	185
4167	204
4168	189
4169	203
4170	199
4171	195
4172	219
4173	200
4174	205
4175	210
4176	225
4177	227
4178	219
4179	214
4180	198
4181	219
4182	216
4183	218
4184	225
4185	225
4186	180
4187	207
4188	207
4189	193
4190	188
4191	195
4192	222
4193	211
4194	196
4195	222
4196	215
4197	208
4198	193
4199	178
4200	211
4201	203
4202	213
4203	208
4204	198
4205	214
4206	232
4207	227
4208	241
4209	213
4210	211
4211	212
4212	215
4213	206
4214	229
4215	217
4216	218
4217	223
4218	183
4219	216
4220	192
4221	207
4222	228
4223	211
4224	224
4225	197
4226	234
4227	242
4228	238
4229	209
4230	209
4231	197
4232	226
4233	202
4234	191
4235	218
4236	203
4237	234
4238	201
4239	217
4240	206
4241	223
4242	213
4243	232
4244	212
4245	243
4246	209
4247	220
4248	226
4249	207
4250	217
4251	223
4252	195
4253	239
4254	234
4255	200
4256	222
4257	219
4258	200
4259	205
4260	226
4261	213
4262	235
4263	214
4264	212
4265	213
4266	221
4267	229
4268	205
4269	206
4270	226
4271	240
4272	241
4273	219
4274	242
4275	203
4276	204
4277	208
4278	235
4279	226
4280	237
4281	212
4282	222
4283	213
4284	204
4285	236
4286	254
4287	195
4288	216
4289	221
4290	220
4291	245
4292	190
4293	225
4294	210
4295	228
4296	217
4297	220
4298	212
4299	233
4300	200
4301	207
4302	217
4303	230
4304	201
4305	237
4306	217
4307	241
4308	239
4309	244
4310	225
4311	241
4312	223
4313	202
4314	220
4315	215
4316	198
4317	207
4318	230
4319	214
4320	237
4321	229
4322	187
4323	241
4324	234
4325	231
4326	232
4327	216
4328	260
4329	207
4330	224
4331	240
4332	201
4333	223
4334	227
4335	246
4336	237
4337	236
4338	236
4339	231
4340	208
4341	226
4342	223
4343	250
4344	230
4345	200
4346	235
4347	222
4348	220
4349	229
4350	245
4351	228
4352	247
4353	242
4354	221
4355	238
4356	232
4357	207
4358	233
4359	238
4360	258
4361	200
4362	242
4363	236
4364	232
4365	227
4366	234
4367	221
4368	218
4369	239
4370	227
4371	222
4372	239
4373	231
4374	220
4375	241
4376	214
4377	224
4378	209
4379	235
4380	235
4381	207
4382	232
4383	222
4384	254
4385	238
4386	233
4387	248
4388	247
4389	256
4390	248
4391	262
4392	225
4393	229
4394	241
4395	250
4396	235
4397	259
4398	262
4399	267
4400	236
4401	266
4402	217
4403	241
4404	256
4405	258
4406	254
4407	261
4408	253
4409	264
4410	232
4411	248
4412	227
4413	233
4414	262
4415	251
4416	232
4417	245
4418	227
4419	252
4420	244
4421	232
4422	234
4423	222
4424	228
4425	234
4426	233
4427	246
4428	264
4429	254
4430	251
4431	233
4432	237
4433	246
4434	260
4435	239
4436	238
4437	247
4438	238
4439	232
4440	251
4441	267
4442	275
4443	260
4444	224
4445	248
4446	256
4447	238
4448	204
4449	229
4450	256
4451	243
4452	232
4453	239
4454	265
4455	250
4456	253
4457	259
4458	256
4459	243
4460	239
4461	257
4462	246
4463	253
4464	255
4465	245
4466	262
4467	252
4468	242
4469	266
4470	272
4471	267
4472	243
4473	267
4474	261
4475	216
4476	265
4477	273
4478	231
4479	263
4480	242
4481	256
4482	230
4483	224
4484	232
4485	253
4486	265
4487	250
4488	262
4489	247
4490	284
4491	261
4492	258
4493	255
4494	258
4495	246
4496	244
4497	259
4498	247
4499	236
4500	260
4501	267
4502	252
4503	244
4504	239
4505	267
4506	257
4507	277
4508	261
4509	239
4510	263
4511	248
4512	255
4513	238
4514	250
4515	304
4516	256
4517	247
4518	280
4519	274
4520	267
4521	267
4522	269
4523	260
4524	246
4525	253
4526	279
4527	257
4528	231
4529	288
4530	277
4531	255
4532	264
4533	263
4534	263
4535	296
4536	246
4537	256
4538	275
4539	275
4540	259
4541	257
4542	270
4543	231
4544	262
4545	246
4546	285
4547	274
4548	248
4549	246
4550	257
4551	284
4552	267
4553	293
4554	272
4555	259
4556	276
4557	264
4558	264
4559	286
4560	279
4561	256
4562	241
4563	262
4564	256
4565	264
4566	259
4567	263
4568	291
4569	248
4570	279
4571	286
4572	254
4573	299
4574	263
4575	243
4576	286
4577	284
4578	258
4579	272
4580	271
4581	307
4582	281
4583	268
4584	264
4585	278
4586	292
4587	275
4588	296
4589	281
4590	273
4591	299
4592	284
4593	264
4594	290
4595	277
4596	300
4597	246
4598	271
4599	268
4600	283
4601	301
4602	262
4603	250
4604	281
4605	248
4606	282
4607	272
4608	258
4609	261
4610	274
4611	278
4612	297
4613	280
4614	283
4615	281
4616	246
4617	278
4618	292
4619	253
4620	276
4621	277
4622	277
4623	288
4624	285
4625	278
4626	306
4627	265
4628	299
4629	286
4630	295
4631	255
4632	282
4633	290
4634	278
4635	267
4636	283
4637	295
4638	276
4639	275
4640	274
4641	279
4642	270
4643	299
4644	268
4645	303
4646	303
4647	290
4648	297
4649	309
4650	303
4651	305
4652	270
4653	279
4654	293
4655	306
4656	303
4657	327
4658	292
4659	276
4660	262
4661	263
4662	310
4663	278
4664	283
4665	288
4666	316
4667	289
4668	287
4669	314
4670	309
4671	283
4672	313
4673	295
4674	311
4675	301
4676	292
4677	305
4678	270
4679	285
4680	285
4681	293
4682	284
4683	317
4684	277
4685	279
4686	288
4687	296
4688	307
4689	277
4690	279
4691	293
4692	292
4693	306
4694	324
4695	284
4696	294
4697	262
4698	331
4699	291
4700	288
4701	300
4702	280
4703	301
4704	287
4705	289
4706	310
4707	313
4708	274
4709	311
4710	319
4711	287
4712	287
4713	299
4714	282
4715	267
4716	320
4717	332
4718	309
4719	311
4720	314
4721	291
4722	318
4723	306
4724	281
4725	289
4726	312
4727	294
4728	300
4729	306
4730	318
4731	313
4732	294
4733	319
4734	331
4735	271
4736	299
4737	315
4738	308
4739	331
4740	314
4741	294
4742	280
4743	310
4744	317
4745	286
4746	307
4747	305
4748	317
4749	297
4750	287
4751	300
4752	284
4753	298
4754	299
4755	320
4756	288
4757	307
4758	294
4759	303
4760	301
4761	313
4762	303
4763	258
4764	286
4765	280
4766	280
4767	304
4768	257
4769	315
4770	300
4771	271
4772	271
4773	283
4774	294
4775	291
4776	264
4777	249
4778	263
4779	276
4780	267
4781	270
4782	259
4783	269
4784	246
4785	247
4786	250
4787	217
4788	250
4789	224
4790	246
4791	258
4792	253
4793	286
4794	242
4795	243
4796	234
4797	251
4798	245
4799	258
4800	241
4801	232
4802	232
4803	264
4804	268
4805	271
4806	199
4807	204
4808	223
4809	215
4810	252
4811	221
4812	242
4813	228
4814	227
4815	224
4816	228
4817	221
4818	222
4819	217
4820	223
4821	236
4822	217
4823	205
4824	197
4825	207
4826	190
4827	222
4828	242
4829	222
4830	207
4831	264
4832	191
4833	245
4834	237
4835	231
4836	217
4837	228
4838	249
4839	222
4840	219
4841	201
4842	221
4843	231
4844	221
4845	241
4846	216
4847	210
4848	213
4849	223
4850	203
4851	202
4852	219
4853	226
4854	203
4855	212
4856	223
4857	199
4858	226
4859	189
4860	247
4861	226
4862	244
4863	238
4864	178
4865	214
4866	177
4867	195
4868	200
4869	202
4870	226
4871	202
4872	212
4873	222
4874	238
4875	193
4876	209
4877	230
4878	207
4879	230
4880	206
4881	247
4882	213
4883	221
4884	217
4885	220
4886	222
4887	205
4888	213
4889	194
4890	213
4891	224
4892	198
4893	203
4894	207
4895	224
4896	234
4897	207
4898	204
4899	246
4900	201
4901	201
4902	216
4903	200
4904	226
4905	215
4906	195
4907	212
4908	231
4909	201
4910	215
4911	207
4912	192
4913	228
4914	233
4915	204
4916	208
4917	217
4918	197
4919	195
4920	230
4921	210
4922	224
4923	230
4924	214
4925	202
4926	215
4927	221
4928	197
4929	222
4930	215
4931	202
4932	220
4933	201
4934	215
4935	187
4936	211
4937	214
4938	202
4939	217
4940	205
4941	221
4942	227
4943	214
4944	212
4945	204
4946	209
4947	215
4948	225
4949	203
4950	234
4951	221
4952	228
4953	201
4954	210
4955	198
4956	217
4957	196
4958	211
4959	217
4960	199
4961	216
4962	203
4963	208
4964	192
4965	201
4966	185
4967	195
4968	216
4969	236
4970	190
4971	204
4972	195
4973	215
4974	160
4975	228
4976	209
4977	211
4978	239
4979	229
4980	231
4981	241
4982	197
4983	205
4984	197
4985	204
4986	194
4987	194
4988	212
4989	221
4990	194
4991	189
4992	195
4993	190
4994	220
4995	187
4996	217
4997	191
4998	206
4999	211
5000	202
5001	222
5002	177
5003	196
5004	189
5005	205
5006	187
5007	207
5008	222
5009	220
5010	205
5011	196
5012	208
5013	220
5014	199
5015	204
5016	196
5017	208
5018	208
5019	190
5020	191
5021	213
5022	214
5023	209
5024	220
5025	207
5026	227
5027	188
5028	193
5029	200
5030	211
5031	192
5032	188
5033	202
5034	199
5035	193
5036	208
5037	215
5038	204
5039	212
5040	200
5041	181
5042	219
5043	215
5044	212
5045	185
5046	206
5047	196
5048	193
5049	179
5050	230
5051	202
5052	208
5053	187
5054	193
5055	223
5056	186
5057	197
5058	195
5059	188
5060	184
5061	181
5062	218
5063	201
5064	187
5065	184
5066	224
5067	205
5068	203
5069	206
5070	204
5071	202
5072	213
5073	191
5074	211
5075	201
5076	181
5077	222
5078	214
5079	182
5080	191
5081	207
5082	195
5083	196
5084	205
5085	214
5086	220
5087	179
5088	199
5089	203
5090	202
5091	177
5092	216
5093	186
5094	193
5095	220
5096	191
5097	189
5098	202
5099	207
5100	227
5101	200
5102	199
5103	178
5104	181
5105	213
5106	211
5107	181
5108	193
5109	217
5110	189
5111	204
5112	204
5113	199
5114	195
5115	196
5116	176
5117	189
5118	190
5119	187
5120	218
5121	199
5122	168
5123	212
5124	195
5125	176
5126	190
5127	197
5128	217
5129	207
5130	211
5131	201
5132	177
5133	206
5134	185
5135	216
5136	222
5137	177
5138	194
5139	182
5140	220
5141	205
5142	193
5143	207
5144	180
5145	212
5146	210
5147	199
5148	167
5149	208
5150	169
5151	188
5152	187
5153	191
5154	183
5155	175
5156	188
5157	197
5158	189
5159	204
5160	203
5161	196
5162	186
5163	185
5164	169
5165	186
5166	188
5167	207
5168	194
5169	192
5170	200
5171	189
5172	171
5173	192
5174	184
5175	209
5176	174
5177	180
5178	169
5179	206
5180	157
5181	168
5182	213
5183	191
5184	173
5185	177
5186	188
5187	184
5188	204
5189	196
5190	192
5191	197
5192	183
5193	218
5194	203
5195	176
5196	183
5197	172
5198	186
5199	212
5200	182
5201	205
5202	186
5203	217
5204	207
5205	193
5206	178
5207	186
5208	169
5209	195
5210	174
5211	194
5212	170
5213	176
5214	182
5215	172
5216	176
5217	204
5218	206
5219	180
5220	184
5221	162
5222	158
5223	189
5224	193
5225	187
5226	184
5227	195
5228	181
5229	185
5230	212
5231	187
5232	174
5233	163
5234	188
5235	194
5236	182
5237	167
5238	178
5239	179
5240	167
5241	176
5242	172
5243	168
5244	175
5245	173
5246	190
5247	168
5248	195
5249	167
5250	191
5251	169
5252	202
5253	187
5254	196
5255	186
5256	180
5257	182
5258	205
5259	218
5260	196
5261	182
5262	207
5263	190
5264	191
5265	197
5266	182
5267	170
5268	186
5269	179
5270	185
5271	179
5272	177
5273	208
5274	175
5275	158
5276	195
5277	183
5278	189
5279	201
5280	181
5281	189
5282	208
5283	194
5284	179
5285	175
5286	190
5287	197
5288	167
5289	202
5290	216
5291	188
5292	173
5293	181
5294	179
5295	181
5296	186
5297	207
5298	177
5299	184
5300	181
5301	184
5302	180
5303	168
5304	182
5305	170
5306	181
5307	206
5308	158
5309	182
5310	216
5311	200
5312	189
5313	194
5314	179
5315	192
5316	189
5317	169
5318	184
5319	198
5320	177
5321	179
5322	186
5323	166
5324	169
5325	184
5326	205
5327	157
5328	188
5329	172
5330	195
5331	195
5332	180
5333	173
5334	213
5335	216
5336	193
5337	182
5338	223
5339	210
5340	199
5341	202
5342	184
5343	197
5344	184
5345	173
5346	170
5347	195
5348	196
5349	188
5350	205
5351	179
5352	193
5353	182
5354	197
5355	193
5356	184
5357	194
5358	180
5359	212
5360	192
5361	196
5362	189
5363	193
5364	195
5365	173
5366	193
5367	196
5368	189
5369	177
5370	195
5371	202
5372	188
5373	189
5374	194
5375	181
5376	192
5377	197
5378	201
5379	192
5380	177
5381	173
5382	207
5383	188
5384	182
5385	194
5386	192
5387	190
5388	186
5389	208
5390	230
5391	200
5392	186
5393	185
5394	183
5395	206
5396	188
5397	198
5398	205
5399	160
5400	198
5401	175
5402	205
5403	209
5404	213
5405	170
5406	157
5407	220
5408	208
5409	210
5410	190
5411	195
5412	203
5413	209
5414	168
5415	167
5416	184
5417	194
5418	175
5419	205
5420	218
5421	211
5422	172
5423	206
5424	189
5425	202
5426	198
5427	187
5428	187
5429	216
5430	182
5431	200
5432	202
5433	189
5434	193
5435	192
5436	197
5437	206
5438	219
5439	222
5440	206
5441	197
5442	199
5443	177
5444	174
5445	211
5446	211
5447	186
5448	215
5449	203
5450	201
5451	212
5452	186
5453	200
5454	198
5455	200
5456	186
5457	192
5458	211
5459	189
5460	181
5461	183
5462	185
5463	214
5464	186
5465	225
5466	177
5467	193
5468	207
5469	196
5470	229
5471	196
5472	204
5473	212
5474	175
5475	203
5476	204
5477	198
5478	182
5479	198
5480	201
5481	205
5482	217
5483	202
5484	218
5485	203
5486	202
5487	191
5488	185
5489	199
5490	212
5491	245
5492	216
5493	184
5494	192
5495	220
5496	224
5497	210
5498	193
5499	175
5500	222
5501	170
5502	211
5503	171
5504	188
5505	196
5506	203
5507	202
5508	228
5509	210
5510	213
5511	193
5512	192
5513	193
5514	196
5515	192
5516	219
5517	192
5518	214
5519	185
5520	225
5521	192
5522	205
5523	179
5524	171
5525	179
5526	191
5527	185
5528	202
5529	193
5530	184
5531	186
5532	176
5533	207
5534	193
5535	190
5536	204
5537	168
5538	177
5539	186
5540	173
5541	162
5542	160
5543	162
5544	166
5545	149
5546	178
5547	176
5548	160
5549	154
5550	158
5551	149
5552	146
5553	145
5554	156
5555	175
5556	188
5557	150
5558	162
5559	158
5560	178
5561	156
5562	142
5563	136
5564	130
5565	149
5566	149
5567	149
5568	123
5569	147
5570	124
5571	122
5572	146
5573	169
5574	149
5575	150
5576	125
5577	131
5578	131
5579	129
5580	133
5581	133
5582	149
5583	124
5584	105
5585	111
5586	136
5587	125
5588	101
5589	138
5590	138
5591	124
5592	114
5593	118
5594	140
5595	139
5596	116
5597	124
5598	117
5599	106
5600	128
5601	127
5602	112
5603	121
5604	125
5605	106
5606	120
5607	123
5608	120
5609	135
5610	134
5611	107
5612	116
5613	128
5614	125
5615	146
5616	113
5617	132
5618	96
5619	111
5620	119
5621	103
5622	105
5623	134
5624	120
5625	129
5626	121
5627	125
5628	117
5629	112
5630	129
5631	126
5632	131
5633	129
5634	112
5635	125
5636	109
5637	100
5638	129
5639	124
5640	130
5641	108
5642	115
5643	96
5644	100
5645	118
5646	116
5647	112
5648	121
5649	106
5650	124
5651	97
5652	127
5653	119
5654	117
5655	131
5656	103
5657	120
5658	119
5659	122
5660	110
5661	125
5662	121
5663	109
5664	117
5665	106
5666	110
5667	125
5668	107
5669	109
5670	97
5671	109
5672	105
5673	111
5674	117
5675	108
5676	111
5677	120
5678	116
5679	118
5680	103
5681	91
5682	114
5683	104
5684	134
5685	100
5686	125
5687	111
5688	108
5689	119
5690	129
5691	119
5692	102
5693	113
5694	118
5695	117
5696	115
5697	92
5698	120
5699	100
5700	110
5701	100
5702	99
5703	88
5704	127
5705	102
5706	119
5707	110
5708	101
5709	112
5710	115
5711	101
5712	107
5713	120
5714	113
5715	111
5716	106
5717	121
5718	117
5719	107
5720	101
5721	99
5722	109
5723	102
5724	108
5725	99
5726	99
5727	103
5728	110
5729	115
5730	98
5731	113
5732	100
5733	110
5734	97
5735	113
5736	90
5737	91
5738	106
5739	100
5740	82
5741	106
5742	113
5743	125
5744	104
5745	100
5746	97
5747	115
5748	99
5749	126
5750	99
5751	107
5752	106
5753	105
5754	110
5755	119
5756	107
5757	101
5758	89
5759	102
5760	116
5761	100
5762	92
5763	99
5764	113
5765	78
5766	93
5767	96
5768	108
5769	95
5770	109
5771	110
5772	119
5773	123
5774	126
5775	104
5776	97
5777	104
5778	99
5779	101
5780	116
5781	89
5782	122
5783	97
5784	85
5785	97
5786	104
5787	114
5788	104
5789	106
5790	107
5791	101
5792	106
5793	93
5794	112
5795	96
5796	109
5797	107
5798	120
5799	112
5800	137
5801	132
5802	131
5803	146
5804	182
5805	251
5806	306
5807	349
5808	447
5809	675
5810	891
5811	1379
5812	1843
5813	2658
5814	3793
5815	5186
5816	6876
5817	8410
5818	10026
5819	10784
5820	10843
5821	10396
5822	9358
5823	7620
5824	5594
5825	4119
5826	2704
5827	1694
5828	1001
5829	595
5830	314
5831	198
5832	140
5833	132
5834	114
5835	98
5836	104
5837	96
5838	91
5839	116
5840	97
5841	97
5842	95
5843	110
5844	89
5845	90
5846	71
5847	88
5848	77
5849	107
5850	91
5851	79
5852	82
5853	86
5854	86
5855	97
5856	82
5857	86
5858	91
5859	70
5860	76
5861	96
5862	69
5863	95
5864	82
5865	67
5866	73
5867	76
5868	71
5869	75
5870	78
5871	73
5872	66
5873	74
5874	72
5875	74
5876	67
5877	73
5878	80
5879	82
5880	67
5881	73
5882	91
5883	70
5884	68
5885	72
5886	75
5887	66
5888	63
5889	101
5890	75
5891	74
5892	95
5893	78
5894	69
5895	69
5896	79
5897	61
5898	63
5899	64
5900	72
5901	59
5902	70
5903	64
5904	56
5905	68
5906	75
5907	63
5908	69
5909	59
5910	61
5911	93
5912	63
5913	69
5914	61
5915	66
5916	70
5917	64
5918	66
5919	75
5920	72
5921	75
5922	54
5923	63
5924	57
5925	78
5926	57
5927	54
5928	73
5929	50
5930	68
5931	62
5932	58
5933	50
5934	69
5935	71
5936	82
5937	68
5938	71
5939	68
5940	68
5941	53
5942	65
5943	50
5944	50
5945	66
5946	60
5947	79
5948	63
5949	60
5950	73
5951	57
5952	57
5953	68
5954	50
5955	69
5956	62
5957	55
5958	56
5959	65
5960	68
5961	62
5962	57
5963	60
5964	59
5965	53
5966	50
5967	56
5968	44
5969	58
5970	62
5971	53
5972	67
5973	56
5974	61
5975	55
5976	49
5977	64
5978	52
5979	51
5980	58
5981	54
5982	56
5983	61
5984	56
5985	56
5986	42
5987	52
5988	56
5989	55
5990	51
5991	44
5992	48
5993	50
5994	57
5995	62
5996	60
5997	51
5998	44
5999	48
6000	60
6001	62
6002	37
6003	56
6004	63
6005	52
6006	51
6007	55
6008	48
6009	45
6010	51
6011	41
6012	52
6013	47
6014	41
6015	44
6016	47
6017	41
6018	46
6019	37
6020	40
6021	46
6022	32
6023	45
6024	57
6025	46
6026	55
6027	44
6028	44
6029	49
6030	36
6031	52
6032	37
6033	49
6034	53
6035	45
6036	49
6037	58
6038	43
6039	42
6040	35
6041	46
6042	44
6043	56
6044	39
6045	46
6046	36
6047	49
6048	35
6049	32
6050	41
6051	54
6052	54
6053	49
6054	42
6055	50
6056	42
6057	48
6058	37
6059	43
6060	50
6061	35
6062	45
6063	43
6064	42
6065	47
6066	47
6067	28
6068	41
6069	35
6070	43
6071	46
6072	38
6073	35
6074	37
6075	40
6076	39
6077	45
6078	38
6079	32
6080	33
6081	32
6082	36
6083	44
6084	34
6085	31
6086	42
6087	30
6088	37
6089	27
6090	34
6091	37
6092	31
6093	36
6094	36
6095	28
6096	29
6097	33
6098	31
6099	28
6100	41
6101	40
6102	31
6103	30
6104	32
6105	32
6106	35
6107	27
6108	33
6109	37
6110	26
6111	37
6112	28
6113	28
6114	34
6115	39
6116	35
6117	40
6118	31
6119	33
6120	36
6121	28
6122	37
6123	37
6124	30
6125	34
6126	29
6127	22
6128	31
6129	37
6130	32
6131	22
6132	39
6133	41
6134	47
6135	29
6136	30
6137	31
6138	28
6139	31
6140	32
6141	28
6142	29
6143	32
6144	39
6145	27
6146	33
6147	36
6148	34
6149	28
6150	32
6151	32
6152	26
6153	44
6154	27
6155	30
6156	34
6157	27
6158	37
6159	30
6160	27
6161	26
6162	27
6163	39
6164	36
6165	32
6166	39
6167	27
6168	32
6169	28
6170	26
6171	32
6172	31
6173	29
6174	34
6175	20
6176	36
6177	23
6178	25
6179	34
6180	30
6181	30
6182	24
6183	29
6184	31
6185	25
6186	33
6187	22
6188	24
6189	34
6190	34
6191	24
6192	23
6193	28
6194	29
6195	30
6196	29
6197	21
6198	28
6199	30
6200	25
6201	21
6202	31
6203	35
6204	27
6205	23
6206	17
6207	29
6208	23
6209	23
6210	29
6211	19
6212	26
6213	23
6214	24
6215	37
6216	28
6217	23
6218	25
6219	29
6220	31
6221	28
6222	31
6223	27
6224	27
6225	15
6226	32
6227	29
6228	25
6229	21
6230	21
6231	25
6232	23
6233	25
6234	29
6235	29
6236	21
6237	22
6238	18
6239	18
6240	23
6241	30
6242	25
6243	24
6244	30
6245	23
6246	28
6247	30
6248	24
6249	31
6250	16
6251	20
6252	22
6253	25
6254	28
6255	33
6256	25
6257	35
6258	29
6259	30
6260	21
6261	23
6262	23
6263	25
6264	35
6265	18
6266	26
6267	31
6268	33
6269	18
6270	23
6271	24
6272	24
6273	21
6274	27
6275	22
6276	23
6277	26
6278	23
6279	29
6280	25
6281	21
6282	29
6283	14
6284	22
6285	28
6286	23
6287	18
6288	21
6289	24
6290	18
6291	30
6292	31
6293	30
6294	25
6295	27
6296	22
6297	20
6298	24
6299	18
6300	29
6301	29
6302	25
6303	21
6304	24
6305	22
6306	31
6307	27
6308	16
6309	24
6310	38
6311	24
6312	17
6313	26
6314	27
6315	18
6316	17
6317	19
6318	28
6319	24
6320	17
6321	29
6322	24
6323	22
6324	18
6325	28
6326	24
6327	28
6328	31
6329	25
6330	22
6331	22
6332	32
6333	23
6334	23
6335	25
6336	35
6337	16
6338	16
6339	23
6340	23
6341	15
6342	25
6343	24
6344	23
6345	33
6346	34
6347	14
6348	16
6349	22
6350	23
6351	22
6352	21
6353	24
6354	22
6355	30
6356	21
6357	25
6358	16
6359	18
6360	22
6361	26
6362	21
6363	17
6364	13
6365	14
6366	21
6367	23
6368	19
6369	25
6370	14
6371	22
6372	21
6373	31
6374	24
6375	25
6376	13
6377	25
6378	24
6379	21
6380	23
6381	29
6382	22
6383	23
6384	22
6385	13
6386	16
6387	24
6388	27
6389	24
6390	27
6391	19
6392	26
6393	24
6394	14
6395	18
6396	23
6397	24
6398	19
6399	17
6400	23
6401	25
6402	19
6403	25
6404	22
6405	36
6406	17
6407	14
6408	22
6409	30
6410	29
6411	24
6412	21
6413	22
6414	12
6415	24
6416	22
6417	26
6418	24
6419	23
6420	28
6421	17
6422	17
6423	20
6424	21
6425	29
6426	21
6427	30
6428	29
6429	27
6430	19
6431	25
6432	22
6433	23
6434	23
6435	21
6436	21
6437	20
6438	21
6439	8
6440	24
6441	13
6442	20
6443	25
6444	24
6445	23
6446	28
6447	21
6448	26
6449	19
6450	22
6451	17
6452	27
6453	31
6454	24
6455	23
6456	26
6457	22
6458	16
6459	20
6460	22
6461	33
6462	25
6463	24
6464	19
6465	34
6466	24
6467	19
6468	22
6469	26
6470	28
6471	19
6472	23
6473	27
6474	19
6475	25
6476	28
6477	23
6478	18
6479	22
6480	28
6481	27
6482	18
6483	23
6484	20
6485	23
6486	18
6487	22
6488	27
6489	21
6490	18
6491	30
6492	21
6493	17
6494	21
6495	20
6496	22
6497	22
6498	19
6499	19
6500	10
6501	16
6502	20
6503	16
6504	23
6505	21
6506	24
6507	19
6508	27
6509	15
6510	28
6511	11
6512	28
6513	26
6514	25
6515	29
6516	17
6517	14
6518	28
6519	20
6520	19
6521	24
6522	30
6523	29
6524	26
6525	15
6526	13
6527	21
6528	23
6529	28
6530	25
6531	19
6532	19
6533	19
6534	22
6535	19
6536	19
6537	15
6538	25
6539	25
6540	18
6541	18
6542	24
6543	22
6544	30
6545	25
6546	33
6547	36
6548	23
6549	17
6550	25
6551	20
6552	26
6553	30
6554	16
6555	17
6556	32
6557	20
6558	31
6559	27
6560	22
6561	23
6562	23
6563	34
6564	31
6565	22
6566	21
6567	14
6568	14
6569	25
6570	27
6571	34
6572	31
6573	27
6574	25
6575	28
6576	34
6577	26
6578	37
6579	23
6580	29
6581	29
6582	28
6583	30
6584	18
6585	30
6586	24
6587	35
6588	33
6589	29
6590	38
6591	53
6592	55
6593	68
6594	48
6595	80
6596	101
6597	118
6598	150
6599	218
6600	318
6601	426
6602	682
6603	880
6604	1350
6605	1953
6606	2577
6607	3611
6608	4700
6609	6214
6610	7363
6611	8475
6612	9117
6613	9259
6614	8877
6615	7696
6616	6471
6617	5042
6618	3678
6619	2491
6620	1530
6621	915
6622	560
6623	302
6624	181
6625	96
6626	58
6627	39
6628	34
6629	18
6630	26
6631	24
6632	19
6633	27
6634	30
6635	21
6636	28
6637	25
6638	18
6639	27
6640	27
6641	18
6642	12
6643	23
6644	22
6645	14
6646	11
6647	19
6648	18
6649	15
6650	13
6651	19
6652	13
6653	17
6654	19
6655	12
6656	19
6657	13
6658	15
6659	14
6660	23
6661	21
6662	20
6663	19
6664	15
6665	21
6666	16
6667	20
6668	13
6669	17
6670	9
6671	16
6672	22
6673	15
6674	18
6675	21
6676	17
6677	11
6678	11
6679	19
6680	15
6681	14
6682	14
6683	21
6684	18
6685	18
6686	13
6687	23
6688	16
6689	10
6690	17
6691	18
6692	28
6693	15
6694	16
6695	14
6696	16
6697	21
6698	14
6699	11
6700	15
6701	17
6702	16
6703	13
6704	15
6705	16
6706	13
6707	15
6708	21
6709	12
6710	19
6711	10
6712	10
6713	15
6714	10
6715	12
6716	14
6717	9
6718	14
6719	17
6720	12
6721	12
6722	5
6723	13
6724	6
6725	12
6726	12
6727	10
6728	16
6729	14
6730	13
6731	7
6732	19
6733	13
6734	15
6735	8
6736	10
6737	8
6738	9
6739	13
6740	11
6741	22
6742	14
6743	18
6744	10
6745	12
6746	15
6747	4
6748	8
6749	9
6750	12
6751	13
6752	8
6753	15
6754	11
6755	20
6756	11
6757	12
6758	16
6759	13
6760	12
6761	11
6762	11
6763	15
6764	10
6765	9
6766	5
6767	10
6768	12
6769	10
6770	15
6771	17
6772	19
6773	10
6774	9
6775	8
6776	9
6777	10
6778	7
6779	13
6780	8
6781	11
6782	11
6783	14
6784	12
6785	16
6786	9
6787	11
6788	17
6789	13
6790	13
6791	7
6792	14
6793	10
6794	6
6795	14
6796	10
6797	16
6798	11
6799	6
6800	16
6801	12
6802	13
6803	12
6804	13
6805	9
6806	10
6807	11
6808	12
6809	12
6810	9
6811	7
6812	13
6813	13
6814	10
6815	13
6816	9
6817	6
6818	15
6819	12
6820	19
6821	4
6822	9
6823	12
6824	6
6825	9
6826	10
6827	12
6828	17
6829	12
6830	7
6831	18
6832	6
6833	8
6834	18
6835	13
6836	17
6837	11
6838	13
6839	16
6840	16
6841	14
6842	11
6843	12
6844	11
6845	14
6846	10
6847	6
6848	13
6849	12
6850	7
6851	9
6852	7
6853	12
6854	9
6855	12
6856	11
6857	13
6858	7
6859	17
6860	10
6861	7
6862	14
6863	10
6864	10
6865	11
6866	4
6867	13
6868	10
6869	11
6870	8
6871	15
6872	16
6873	8
6874	8
6875	11
6876	16
6877	9
6878	10
6879	12
6880	7
6881	13
6882	11
6883	7
6884	8
6885	9
6886	5
6887	9
6888	20
6889	13
6890	10
6891	7
6892	8
6893	11
6894	8
6895	15
6896	10
6897	8
6898	13
6899	4
6900	9
6901	14
6902	11
6903	15
6904	14
6905	11
6906	15
6907	5
6908	7
6909	6
6910	10
6911	7
6912	14
6913	15
6914	12
6915	13
6916	11
6917	10
6918	11
6919	12
6920	10
6921	8
6922	6
6923	9
6924	16
6925	16
6926	9
6927	10
6928	9
6929	10
6930	10
6931	11
6932	10
6933	13
6934	12
6935	12
6936	9
6937	9
6938	15
6939	9
6940	9
6941	10
6942	4
6943	16
6944	10
6945	12
6946	14
6947	11
6948	8
6949	11
6950	8
6951	7
6952	10
6953	8
6954	12
6955	8
6956	11
6957	17
6958	16
6959	5
6960	7
6961	8
6962	12
6963	13
6964	8
6965	9
6966	12
6967	11
6968	15
6969	9
6970	14
6971	7
6972	16
6973	12
6974	11
6975	7
6976	6
6977	8
6978	14
6979	12
6980	12
6981	14
6982	5
6983	10
6984	11
6985	21
6986	12
6987	14
6988	6
6989	10
6990	16
6991	13
6992	16
6993	12
6994	9
6995	9
6996	11
6997	14
6998	10
6999	8
7000	11
7001	9
7002	5
7003	8
7004	12
7005	12
7006	11
7007	5
7008	8
7009	14
7010	8
7011	8
7012	5
7013	4
7014	8
7015	5
7016	6
7017	11
7018	13
7019	10
7020	9
7021	10
7022	12
7023	10
7024	10
7025	9
7026	6
7027	9
7028	7
7029	10
7030	9
7031	13
7032	12
7033	10
7034	7
7035	12
7036	10
7037	3
7038	12
7039	16
7040	13
7041	10
7042	12
7043	7
7044	10
7045	10
7046	10
7047	12
7048	5
7049	13
7050	11
7051	11
7052	6
7053	14
7054	11
7055	9
7056	9
7057	7
7058	13
7059	10
7060	8
7061	7
7062	10
7063	5
7064	3
7065	4
7066	3
7067	11
7068	13
7069	8
7070	5
7071	8
7072	15
7073	11
7074	7
7075	10
7076	9
7077	6
7078	9
7079	11
7080	10
7081	10
7082	19
7083	8
7084	10
7085	9
7086	12
7087	6
7088	7
7089	8
7090	8
7091	10
7092	9
7093	6
7094	11
7095	11
7096	11
7097	11
7098	12
7099	7
7100	11
7101	11
7102	7
7103	11
7104	9
7105	12
7106	14
7107	4
7108	8
7109	11
7110	7
7111	12
7112	10
7113	11
7114	7
7115	13
7116	9
7117	14
7118	9
7119	6
7120	7
7121	15
7122	15
7123	10
7124	7
7125	7
7126	8
7127	10
7128	16
7129	13
7130	10
7131	11
7132	4
7133	9
7134	9
7135	8
7136	6
7137	10
7138	10
7139	9
7140	7
7141	8
7142	5
7143	9
7144	7
7145	12
7146	8
7147	8
7148	11
7149	13
7150	7
7151	11
7152	10
7153	3
7154	9
7155	10
7156	5
7157	5
7158	9
7159	5
7160	12
7161	10
7162	6
7163	14
7164	9
7165	12
7166	4
7167	8
7168	3
7169	9
7170	7
7171	11
7172	11
7173	11
7174	9
7175	14
7176	11
7177	9
7178	16
7179	6
7180	8
7181	8
7182	5
7183	8
7184	6
7185	9
7186	6
7187	11
7188	5
7189	9
7190	4
7191	3
7192	12
7193	9
7194	15
7195	9
7196	9
7197	4
7198	9
7199	6
7200	9
7201	3
7202	9
7203	12
7204	12
7205	9
7206	6
7207	5
7208	9
7209	5
7210	5
7211	8
7212	12
7213	12
7214	9
7215	9
7216	8
7217	1
7218	13
7219	9
7220	16
7221	3
7222	2
7223	10
7224	8
7225	11
7226	11
7227	8
7228	8
7229	12
7230	10
7231	8
7232	9
7233	11
7234	13
7235	7
7236	9
7237	7
7238	7
7239	8
7240	7
7241	19
7242	16
7243	23
7244	34
7245	34
7246	39
7247	38
7248	49
7249	57
7250	61
7251	70
7252	53
7253	56
7254	44
7255	38
7256	30
7257	24
7258	28
7259	19
7260	15
7261	6
7262	7
7263	9
7264	12
7265	9
7266	7
7267	4
7268	7
7269	12
7270	8
7271	8
7272	6
7273	5
7274	6
7275	6
7276	8
7277	9
7278	8
7279	12
7280	7
7281	8
7282	11
7283	6
7284	12
7285	9
7286	7
7287	5
7288	9
7289	6
7290	11
7291	6
7292	2
7293	8
7294	10
7295	8
7296	8
7297	4
7298	4
7299	9
7300	12
7301	9
7302	6
7303	10
7304	7
7305	5
7306	10
7307	4
7308	5
7309	5
7310	5
7311	10
7312	10
7313	7
7314	12
7315	8
7316	8
7317	9
7318	5
7319	6
7320	12
7321	10
7322	6
7323	12
7324	8
7325	10
7326	6
7327	6
7328	7
7329	10
7330	7
7331	10
7332	7
7333	11
7334	11
7335	8
7336	6
7337	10
7338	10
7339	10
7340	10
7341	10
7342	6
7343	7
7344	7
7345	13
7346	8
7347	3
7348	7
7349	4
7350	9
7351	6
7352	0
7353	7
7354	6
7355	6
7356	8
7357	6
7358	3
7359	6
7360	10
7361	3
7362	13
7363	5
7364	7
7365	12
7366	10
7367	4
7368	7
7369	3
7370	6
7371	9
7372	8
7373	4
7374	6
7375	7
7376	7
7377	7
7378	7
7379	10
7380	8
7381	5
7382	7
7383	5
7384	5
7385	4
7386	7
7387	6
7388	10
7389	9
7390	4
7391	7
7392	7
7393	6
7394	8
7395	9
7396	8
7397	12
7398	10
7399	9
7400	7
7401	8
7402	10
7403	8
7404	11
7405	6
7406	5
7407	7
7408	8
7409	8
7410	7
7411	4
7412	5
7413	9
7414	12
7415	6
7416	7
7417	7
7418	12
7419	11
7420	13
7421	11
7422	3
7423	9
7424	9
7425	15
7426	13
7427	9
7428	11
7429	14
7430	8
7431	6
7432	9
7433	5
7434	9
7435	9
7436	3
7437	12
7438	7
7439	4
7440	4
7441	11
7442	6
7443	10
7444	8
7445	5
7446	8
7447	14
7448	7
7449	7
7450	1
7451	3
7452	10
7453	7
7454	8
7455	10
7456	4
7457	12
7458	10
7459	8
7460	3
7461	10
7462	12
7463	9
7464	5
7465	4
7466	8
7467	3
7468	6
7469	9
7470	5
7471	9
7472	6
7473	5
7474	6
7475	7
7476	5
7477	8
7478	8
7479	12
7480	3
7481	7
7482	8
7483	8
7484	6
7485	6
7486	5
7487	13
7488	7
7489	2
7490	3
7491	8
7492	12
7493	8
7494	3
7495	8
7496	5
7497	12
7498	9
7499	8
7500	11
7501	6
7502	7
7503	10
7504	6
7505	9
7506	6
7507	8
7508	5
7509	4
7510	10
7511	8
7512	3
7513	10
7514	9
7515	6
7516	7
7517	2
7518	11
7519	7
7520	8
7521	1
7522	11
7523	5
7524	8
7525	9
7526	7
7527	6
7528	10
7529	8
7530	10
7531	7
7532	8
7533	10
7534	9
7535	10
7536	9
7537	6
7538	7
7539	5
7540	7
7541	8
7542	7
7543	6
7544	5
7545	8
7546	6
7547	12
7548	8
7549	6
7550	6
7551	6
7552	3
7553	6
7554	4
7555	4
7556	11
7557	7
7558	7
7559	5
7560	8
7561	8
7562	5
7563	11
7564	4
7565	6
7566	3
7567	6
7568	10
7569	9
7570	10
7571	9
7572	5
7573	5
7574	14
7575	4
7576	11
7577	8
7578	9
7579	9
7580	8
7581	5
7582	7
7583	10
7584	6
7585	8
7586	10
7587	9
7588	8
7589	8
7590	9
7591	7
7592	11
7593	7
7594	7
7595	11
7596	11
7597	9
7598	8
7599	3
7600	11
7601	9
7602	7
7603	5
7604	5
7605	4
7606	6
7607	11
7608	5
7609	10
7610	8
7611	8
7612	5
7613	8
7614	5
7615	6
7616	5
7617	5
7618	6
7619	4
7620	9
7621	6
7622	3
7623	5
7624	3
7625	6
7626	9
7627	10
7628	7
7629	3
7630	9
7631	4
7632	8
7633	3
7634	9
7635	8
7636	5
7637	7
7638	5
7639	2
7640	18
7641	7
7642	6
7643	4
7644	12
7645	8
7646	2
7647	3
7648	5
7649	9
7650	8
7651	3
7652	7
7653	2
7654	6
7655	9
7656	4
7657	13
7658	8
7659	2
7660	8
7661	3
7662	7
7663	3
7664	5
7665	8
7666	7
7667	10
7668	11
7669	7
7670	6
7671	7
7672	5
7673	5
7674	5
7675	10
7676	11
7677	7
7678	5
7679	3
7680	7
7681	9
7682	11
7683	9
7684	8
7685	6
7686	4
7687	6
7688	6
7689	10
7690	6
7691	11
7692	11
7693	9
7694	7
7695	11
7696	7
7697	8
7698	7
7699	7
7700	8
7701	6
7702	10
7703	5
7704	5
7705	4
7706	4
7707	6
7708	12
7709	9
7710	11
7711	3
7712	5
7713	6
7714	7
7715	5
7716	7
7717	4
7718	10
7719	6
7720	13
7721	9
7722	8
7723	11
7724	8
7725	5
7726	5
7727	10
7728	7
7729	9
7730	6
7731	7
7732	8
7733	3
7734	11
7735	4
7736	5
7737	7
7738	5
7739	6
7740	6
7741	10
7742	15
7743	4
7744	11
7745	9
7746	5
7747	7
7748	5
7749	6
7750	4
7751	4
7752	8
7753	6
7754	10
7755	5
7756	5
7757	10
7758	4
7759	7
7760	7
7761	4
7762	5
7763	4
7764	5
7765	5
7766	7
7767	2
7768	7
7769	7
7770	5
7771	6
7772	7
7773	5
7774	11
7775	5
7776	4
7777	6
7778	2
7779	3
7780	10
7781	7
7782	3
7783	4
7784	3
7785	8
7786	9
7787	8
7788	3
7789	6
7790	6
7791	5
7792	7
7793	4
7794	4
7795	5
7796	5
7797	9
7798	6
7799	10
7800	3
7801	4
7802	8
7803	5
7804	4
7805	8
7806	6
7807	5
7808	8
7809	8
7810	8
7811	3
7812	7
7813	10
7814	5
7815	5
7816	7
7817	7
7818	6
7819	7
7820	8
7821	7
7822	3
7823	4
7824	7
7825	5
7826	1
7827	7
7828	4
7829	7
7830	9
7831	4
7832	6
7833	7
7834	6
7835	4
7836	9
7837	4
7838	4
7839	6
7840	4
7841	6
7842	6
7843	6
7844	7
7845	11
7846	4
7847	9
7848	5
7849	5
7850	11
7851	8
7852	8
7853	5
7854	6
7855	5
7856	5
7857	12
7858	6
7859	9
7860	12
7861	5
7862	5
7863	7
7864	5
7865	8
7866	5
7867	5
7868	8
7869	9
7870	4
7871	2
7872	11
7873	7
7874	4
7875	11
7876	9
7877	6
7878	4
7879	7
7880	6
7881	8
7882	10
7883	4
7884	12
7885	10
7886	3
7887	15
7888	6
7889	1
7890	7
7891	7
7892	3
7893	10
7894	4
7895	5
7896	5
7897	5
7898	8
7899	10
7900	9
7901	6
7902	8
7903	8
7904	7
7905	8
7906	8
7907	8
7908	8
7909	6
7910	7
7911	8
7912	5
7913	6
7914	5
7915	6
7916	9
7917	7
7918	3
7919	10
7920	8
7921	14
7922	8
7923	10
7924	9
7925	7
7926	13
7927	11
7928	6
7929	8
7930	6
7931	6
7932	8
7933	9
7934	6
7935	4
7936	7
7937	6
7938	6
7939	8
7940	5
7941	5
7942	4
7943	8
7944	11
7945	3
7946	6
7947	6
7948	5
7949	7
7950	4
7951	1
7952	11
7953	7
7954	9
7955	5
7956	9
7957	3
7958	5
7959	5
7960	8
7961	5
7962	5
7963	6
7964	5
7965	4
7966	3
7967	4
7968	3
7969	6
7970	2
7971	8
7972	7
7973	7
7974	3
7975	7
7976	3
7977	8
7978	10
7979	6
7980	2
7981	4
7982	8
7983	8
7984	2
7985	6
7986	7
7987	6
7988	7
7989	8
7990	5
7991	7
7992	7
7993	2
7994	12
7995	10
7996	6
7997	4
7998	9
7999	8
8000	3
8001	6
8002	8
8003	12
8004	5
8005	7
8006	6
8007	5
8008	3
8009	6
8010	3
8011	6
8012	5
8013	9
8014	6
8015	1
8016	4
8017	5
8018	10
8019	8
8020	5
8021	8
8022	2
8023	6
8024	5
8025	10
8026	5
8027	4
8028	6
8029	4
8030	7
8031	6
8032	6
8033	7
8034	6
8035	7
8036	5
8037	4
8038	8
8039	10
8040	8
8041	8
8042	3
8043	5
8044	8
8045	7
8046	7
8047	11
8048	4
8049	6
8050	6
8051	6
8052	7
8053	2
8054	4
8055	7
8056	6
8057	7
8058	5
8059	5
8060	5
8061	3
8062	6
8063	5
8064	9
8065	8
8066	11
8067	7
8068	1
8069	9
8070	4
8071	5
8072	3
8073	6
8074	5
8075	9
8076	4
8077	4
8078	8
8079	2
8080	5
8081	11
8082	7
8083	2
8084	9
8085	6
8086	9
8087	13
8088	9
8089	8
8090	6
8091	7
8092	6
8093	8
8094	7
8095	3
8096	7
8097	6
8098	4
8099	7
8100	3
8101	3
8102	5
8103	6
8104	3
8105	10
8106	6
8107	4
8108	7
8109	5
8110	7
8111	5
8112	5
8113	7
8114	5
8115	5
8116	8
8117	6
8118	2
8119	7
8120	5
8121	4
8122	7
8123	3
8124	2
8125	5
8126	4
8127	8
8128	9
8129	4
8130	8
8131	4
8132	7
8133	5
8134	7
8135	4
8136	9
8137	8
8138	7
8139	5
8140	8
8141	2
8142	3
8143	5
8144	7
8145	9
8146	7
8147	10
8148	7
8149	5
8150	1
8151	3
8152	13
8153	9
8154	9
8155	8
8156	4
8157	7
8158	4
8159	5
8160	8
8161	5
8162	1
8163	6
8164	8
8165	6
8166	9
8167	3
8168	5
8169	3
8170	8
8171	5
8172	6
8173	3
8174	3
8175	6
8176	8
8177	6
8178	5
8179	3
8180	0
8181	0
8182	0
8183	0
8184	0
8185	0
8186	0
8187	0
8188	0
8189	0
8190	0
8191	0
