0	0
1	0
2	0
3	0
4	0
5	0
6	0
7	0
8	0
9	0
10	0
11	0
12	0
13	0
14	0
15	0
16	0
17	0
18	0
19	0
20	0
21	0
22	0
23	0
24	0
25	0
26	0
27	0
28	0
29	0
30	0
31	0
32	0
33	0
34	0
35	0
36	0
37	0
38	0
39	0
40	0
41	0
42	0
43	0
44	0
45	0
46	0
47	0
48	0
49	0
50	3
51	5
52	14
53	83
54	402
55	1008
56	1414
57	1361
58	1240
59	1023
60	898
61	841
62	828
63	799
64	825
65	804
66	741
67	756
68	690
69	723
70	722
71	700
72	719
73	706
74	665
75	654
76	698
77	706
78	737
79	649
80	694
81	657
82	673
83	696
84	713
85	679
86	684
87	654
88	714
89	715
90	674
91	662
92	697
93	694
94	673
95	651
96	641
97	663
98	629
99	691
100	667
101	649
102	627
103	668
104	708
105	680
106	635
107	624
108	665
109	638
110	687
111	659
112	711
113	652
114	661
115	682
116	655
117	662
118	658
119	628
120	649
121	631
122	722
123	651
124	685
125	650
126	698
127	673
128	712
129	642
130	643
131	643
132	681
133	630
134	666
135	680
136	640
137	643
138	643
139	731
140	644
141	636
142	669
143	678
144	690
145	709
146	702
147	665
148	665
149	723
150	694
151	721
152	700
153	685
154	602
155	646
156	619
157	662
158	600
159	650
160	647
161	580
162	619
163	616
164	571
165	619
166	648
167	596
168	632
169	623
170	612
171	711
172	764
173	746
174	847
175	871
176	874
177	804
178	724
179	608
180	571
181	558
182	546
183	544
184	493
185	561
186	481
187	554
188	512
189	531
190	510
191	520
192	521
193	566
194	520
195	511
196	565
197	519
198	589
199	594
200	665
201	804
202	802
203	804
204	762
205	630
206	605
207	606
208	626
209	621
210	591
211	543
212	501
213	494
214	516
215	459
216	459
217	473
218	465
219	476
220	450
221	450
222	459
223	423
224	460
225	457
226	443
227	493
228	476
229	455
230	442
231	466
232	471
233	511
234	446
235	466
236	459
237	452
238	440
239	453
240	489
241	453
242	473
243	476
244	454
245	466
246	487
247	431
248	483
249	447
250	490
251	503
252	460
253	467
254	510
255	458
256	503
257	476
258	485
259	519
260	493
261	474
262	466
263	484
264	514
265	495
266	515
267	497
268	458
269	477
270	495
271	474
272	475
273	462
274	541
275	512
276	517
277	498
278	475
279	529
280	471
281	505
282	501
283	477
284	511
285	521
286	512
287	516
288	482
289	514
290	544
291	518
292	534
293	481
294	561
295	523
296	566
297	508
298	527
299	535
300	543
301	498
302	556
303	498
304	566
305	561
306	542
307	529
308	575
309	568
310	520
311	551
312	563
313	585
314	573
315	552
316	564
317	631
318	557
319	567
320	610
321	562
322	601
323	579
324	601
325	601
326	563
327	576
328	582
329	577
330	654
331	591
332	556
333	567
334	555
335	629
336	647
337	648
338	662
339	642
340	670
341	682
342	652
343	663
344	691
345	649
346	603
347	682
348	766
349	803
350	831
351	761
352	755
353	686
354	647
355	667
356	619
357	646
358	668
359	645
360	640
361	721
362	666
363	692
364	667
365	658
366	678
367	698
368	695
369	691
370	696
371	725
372	703
373	646
374	707
375	693
376	749
377	703
378	679
379	719
380	721
381	771
382	737
383	753
384	775
385	831
386	809
387	820
388	873
389	896
390	902
391	856
392	914
393	899
394	973
395	863
396	923
397	918
398	947
399	928
400	994
401	916
402	928
403	956
404	943
405	899
406	907
407	915
408	880
409	965
410	898
411	893
412	897
413	863
414	831
415	934
416	890
417	888
418	925
419	829
420	892
421	878
422	890
423	834
424	871
425	859
426	908
427	852
428	877
429	895
430	815
431	899
432	937
433	892
434	890
435	978
436	879
437	873
438	844
439	909
440	916
441	868
442	897
443	921
444	890
445	905
446	912
447	863
448	890
449	910
450	895
451	898
452	913
453	913
454	907
455	909
456	925
457	967
458	913
459	929
460	946
461	904
462	849
463	946
464	944
465	955
466	914
467	939
468	920
469	917
470	936
471	896
472	949
473	904
474	881
475	896
476	864
477	877
478	934
479	885
480	895
481	873
482	950
483	895
484	887
485	894
486	885
487	896
488	864
489	875
490	945
491	911
492	887
493	905
494	857
495	930
496	952
497	885
498	893
499	823
500	845
501	874
502	853
503	918
504	823
505	906
506	839
507	823
508	830
509	868
510	850
511	864
512	799
513	850
514	837
515	794
516	786
517	785
518	770
519	803
520	846
521	863
522	818
523	771
524	848
525	817
526	820
527	812
528	808
529	809
530	775
531	791
532	801
533	825
534	854
535	768
536	818
537	839
538	789
539	817
540	857
541	810
542	812
543	808
544	821
545	790
546	812
547	772
548	787
549	793
550	805
551	753
552	787
553	813
554	792
555	798
556	833
557	798
558	801
559	798
560	784
561	819
562	780
563	800
564	742
565	786
566	824
567	766
568	780
569	832
570	846
571	891
572	892
573	952
574	961
575	1123
576	1333
577	1705
578	2612
579	4374
580	7835
581	13668
582	20214
583	25054
584	24861
585	19189
586	12041
587	6164
588	3083
589	1661
590	1031
591	732
592	682
593	590
594	566
595	591
596	616
597	592
598	582
599	591
600	606
601	601
602	617
603	577
604	583
605	549
606	595
607	571
608	605
609	568
610	567
611	599
612	575
613	529
614	587
615	579
616	577
617	548
618	570
619	576
620	545
621	538
622	571
623	578
624	592
625	574
626	517
627	587
628	532
629	559
630	527
631	560
632	568
633	576
634	543
635	527
636	538
637	532
638	514
639	574
640	562
641	573
642	528
643	562
644	507
645	560
646	523
647	553
648	597
649	571
650	570
651	531
652	577
653	569
654	560
655	527
656	552
657	559
658	546
659	557
660	582
661	587
662	550
663	547
664	590
665	537
666	518
667	545
668	556
669	549
670	536
671	556
672	540
673	557
674	529
675	573
676	553
677	568
678	582
679	520
680	594
681	561
682	547
683	575
684	582
685	526
686	553
687	536
688	560
689	562
690	609
691	587
692	546
693	534
694	533
695	555
696	566
697	552
698	559
699	541
700	586
701	608
702	594
703	583
704	617
705	596
706	580
707	604
708	611
709	599
710	606
711	641
712	645
713	604
714	626
715	589
716	629
717	650
718	586
719	638
720	630
721	578
722	593
723	589
724	642
725	627
726	607
727	623
728	601
729	545
730	588
731	617
732	614
733	623
734	562
735	592
736	573
737	593
738	598
739	581
740	642
741	551
742	584
743	572
744	572
745	613
746	591
747	581
748	623
749	563
750	577
751	588
752	573
753	580
754	615
755	601
756	556
757	625
758	601
759	560
760	566
761	560
762	542
763	549
764	550
765	545
766	574
767	572
768	636
769	605
770	594
771	552
772	523
773	547
774	559
775	576
776	567
777	568
778	576
779	600
780	585
781	535
782	602
783	540
784	546
785	545
786	547
787	538
788	591
789	526
790	517
791	568
792	585
793	550
794	558
795	578
796	558
797	526
798	507
799	575
800	505
801	550
802	568
803	530
804	561
805	521
806	546
807	560
808	548
809	550
810	571
811	523
812	561
813	517
814	555
815	558
816	554
817	558
818	519
819	515
820	533
821	498
822	581
823	554
824	538
825	564
826	563
827	464
828	541
829	499
830	496
831	494
832	542
833	522
834	581
835	520
836	527
837	546
838	531
839	551
840	519
841	548
842	491
843	535
844	504
845	518
846	518
847	524
848	545
849	513
850	511
851	539
852	538
853	505
854	496
855	533
856	512
857	513
858	500
859	521
860	549
861	533
862	551
863	487
864	488
865	529
866	500
867	475
868	535
869	508
870	525
871	528
872	502
873	495
874	529
875	495
876	515
877	487
878	517
879	558
880	522
881	520
882	498
883	495
884	560
885	522
886	531
887	511
888	513
889	519
890	490
891	498
892	498
893	525
894	521
895	510
896	484
897	470
898	481
899	484
900	512
901	513
902	499
903	519
904	512
905	557
906	486
907	523
908	531
909	483
910	504
911	493
912	519
913	493
914	492
915	504
916	500
917	518
918	464
919	525
920	535
921	525
922	497
923	461
924	503
925	502
926	450
927	548
928	523
929	509
930	510
931	517
932	522
933	498
934	545
935	548
936	509
937	497
938	529
939	549
940	503
941	491
942	515
943	505
944	472
945	485
946	514
947	527
948	487
949	497
950	486
951	535
952	505
953	496
954	506
955	471
956	506
957	486
958	451
959	474
960	487
961	467
962	483
963	453
964	468
965	493
966	469
967	446
968	468
969	483
970	450
971	455
972	445
973	453
974	461
975	457
976	482
977	460
978	463
979	487
980	442
981	419
982	475
983	466
984	465
985	485
986	439
987	466
988	431
989	435
990	482
991	440
992	425
993	484
994	452
995	422
996	454
997	421
998	467
999	394
1000	426
1001	413
1002	481
1003	480
1004	450
1005	450
1006	428
1007	441
1008	481
1009	479
1010	459
1011	428
1012	443
1013	408
1014	447
1015	436
1016	434
1017	413
1018	446
1019	431
1020	460
1021	440
1022	458
1023	459
1024	428
1025	450
1026	418
1027	441
1028	430
1029	423
1030	424
1031	426
1032	457
1033	450
1034	427
1035	414
1036	486
1037	403
1038	478
1039	436
1040	426
1041	429
1042	435
1043	436
1044	408
1045	432
1046	424
1047	377
1048	411
1049	416
1050	439
1051	452
1052	426
1053	440
1054	455
1055	428
1056	413
1057	375
1058	408
1059	436
1060	375
1061	389
1062	401
1063	403
1064	406
1065	380
1066	387
1067	386
1068	390
1069	392
1070	376
1071	419
1072	407
1073	400
1074	391
1075	383
1076	420
1077	363
1078	399
1079	394
1080	390
1081	373
1082	380
1083	355
1084	382
1085	375
1086	375
1087	358
1088	375
1089	375
1090	374
1091	374
1092	378
1093	393
1094	370
1095	372
1096	382
1097	364
1098	386
1099	340
1100	367
1101	351
1102	392
1103	342
1104	374
1105	386
1106	372
1107	369
1108	350
1109	366
1110	365
1111	341
1112	366
1113	350
1114	348
1115	333
1116	361
1117	350
1118	354
1119	324
1120	366
1121	355
1122	355
1123	337
1124	348
1125	334
1126	330
1127	340
1128	336
1129	326
1130	300
1131	369
1132	369
1133	330
1134	341
1135	333
1136	341
1137	314
1138	289
1139	328
1140	330
1141	333
1142	291
1143	344
1144	344
1145	311
1146	331
1147	350
1148	333
1149	330
1150	289
1151	346
1152	340
1153	294
1154	324
1155	340
1156	299
1157	315
1158	301
1159	332
1160	317
1161	311
1162	292
1163	365
1164	350
1165	360
1166	342
1167	354
1168	320
1169	312
1170	342
1171	321
1172	297
1173	327
1174	325
1175	310
1176	312
1177	311
1178	315
1179	322
1180	304
1181	338
1182	327
1183	334
1184	322
1185	314
1186	338
1187	375
1188	387
1189	477
1190	633
1191	935
1192	1510
1193	2295
1194	3535
1195	4676
1196	5254
1197	4594
1198	3527
1199	2279
1200	1346
1201	800
1202	491
1203	357
1204	316
1205	253
1206	279
1207	296
1208	265
1209	252
1210	292
1211	260
1212	300
1213	266
1214	267
1215	263
1216	308
1217	302
1218	275
1219	253
1220	276
1221	280
1222	269
1223	272
1224	297
1225	283
1226	262
1227	272
1228	274
1229	299
1230	309
1231	318
1232	306
1233	310
1234	269
1235	293
1236	290
1237	283
1238	252
1239	267
1240	265
1241	257
1242	271
1243	249
1244	276
1245	253
1246	250
1247	268
1248	240
1249	234
1250	279
1251	241
1252	245
1253	236
1254	268
1255	272
1256	235
1257	265
1258	249
1259	252
1260	251
1261	258
1262	252
1263	255
1264	253
1265	253
1266	232
1267	259
1268	261
1269	233
1270	261
1271	233
1272	251
1273	256
1274	251
1275	236
1276	230
1277	239
1278	244
1279	230
1280	247
1281	250
1282	248
1283	213
1284	237
1285	254
1286	228
1287	227
1288	245
1289	234
1290	243
1291	240
1292	230
1293	250
1294	227
1295	224
1296	247
1297	226
1298	226
1299	233
1300	244
1301	250
1302	207
1303	243
1304	228
1305	217
1306	243
1307	254
1308	229
1309	222
1310	231
1311	260
1312	230
1313	248
1314	213
1315	231
1316	235
1317	232
1318	219
1319	233
1320	246
1321	238
1322	262
1323	282
1324	245
1325	290
1326	296
1327	266
1328	291
1329	266
1330	227
1331	234
1332	255
1333	235
1334	239
1335	243
1336	216
1337	239
1338	215
1339	256
1340	226
1341	239
1342	242
1343	220
1344	247
1345	221
1346	236
1347	243
1348	224
1349	258
1350	242
1351	242
1352	208
1353	231
1354	251
1355	241
1356	200
1357	256
1358	222
1359	214
1360	205
1361	224
1362	204
1363	217
1364	252
1365	247
1366	246
1367	230
1368	234
1369	232
1370	201
1371	214
1372	248
1373	244
1374	218
1375	238
1376	239
1377	201
1378	220
1379	224
1380	215
1381	196
1382	236
1383	257
1384	193
1385	232
1386	218
1387	190
1388	210
1389	212
1390	225
1391	188
1392	199
1393	234
1394	242
1395	220
1396	223
1397	230
1398	179
1399	206
1400	230
1401	230
1402	212
1403	224
1404	215
1405	215
1406	210
1407	213
1408	207
1409	227
1410	191
1411	172
1412	215
1413	209
1414	200
1415	209
1416	210
1417	212
1418	218
1419	212
1420	192
1421	200
1422	200
1423	213
1424	210
1425	188
1426	212
1427	203
1428	225
1429	204
1430	206
1431	212
1432	214
1433	194
1434	202
1435	188
1436	198
1437	186
1438	200
1439	204
1440	208
1441	204
1442	207
1443	222
1444	208
1445	227
1446	268
1447	275
1448	309
1449	373
1450	402
1451	437
1452	402
1453	352
1454	297
1455	228
1456	212
1457	232
1458	207
1459	207
1460	202
1461	188
1462	175
1463	204
1464	195
1465	178
1466	206
1467	202
1468	224
1469	188
1470	190
1471	209
1472	187
1473	194
1474	209
1475	201
1476	181
1477	221
1478	216
1479	174
1480	202
1481	186
1482	172
1483	176
1484	159
1485	206
1486	212
1487	192
1488	183
1489	192
1490	189
1491	190
1492	173
1493	200
1494	203
1495	196
1496	189
1497	184
1498	194
1499	205
1500	201
1501	186
1502	189
1503	204
1504	173
1505	202
1506	197
1507	196
1508	198
1509	186
1510	169
1511	189
1512	199
1513	174
1514	169
1515	187
1516	190
1517	189
1518	169
1519	174
1520	192
1521	168
1522	173
1523	198
1524	161
1525	180
1526	177
1527	197
1528	181
1529	183
1530	180
1531	176
1532	163
1533	181
1534	200
1535	164
1536	197
1537	175
1538	198
1539	177
1540	186
1541	185
1542	183
1543	179
1544	213
1545	180
1546	197
1547	194
1548	226
1549	211
1550	194
1551	188
1552	202
1553	196
1554	189
1555	189
1556	193
1557	174
1558	164
1559	172
1560	178
1561	199
1562	152
1563	205
1564	180
1565	205
1566	192
1567	164
1568	201
1569	181
1570	186
1571	173
1572	182
1573	177
1574	182
1575	179
1576	181
1577	176
1578	162
1579	189
1580	163
1581	171
1582	161
1583	175
1584	170
1585	181
1586	159
1587	173
1588	164
1589	192
1590	177
1591	193
1592	162
1593	211
1594	217
1595	213
1596	204
1597	157
1598	170
1599	180
1600	196
1601	198
1602	153
1603	192
1604	188
1605	174
1606	166
1607	173
1608	179
1609	190
1610	174
1611	180
1612	189
1613	194
1614	183
1615	203
1616	209
1617	222
1618	232
1619	212
1620	204
1621	184
1622	190
1623	204
1624	204
1625	176
1626	185
1627	166
1628	164
1629	180
1630	184
1631	179
1632	196
1633	182
1634	171
1635	164
1636	161
1637	167
1638	169
1639	156
1640	156
1641	177
1642	170
1643	151
1644	175
1645	161
1646	170
1647	159
1648	166
1649	184
1650	162
1651	177
1652	177
1653	165
1654	154
1655	157
1656	172
1657	164
1658	198
1659	193
1660	181
1661	193
1662	183
1663	192
1664	173
1665	177
1666	178
1667	162
1668	176
1669	177
1670	171
1671	175
1672	200
1673	184
1674	159
1675	165
1676	180
1677	168
1678	227
1679	210
1680	219
1681	241
1682	293
1683	349
1684	479
1685	819
1686	1411
1687	2586
1688	4375
1689	6824
1690	9609
1691	11137
1692	11421
1693	9997
1694	7395
1695	4645
1696	2665
1697	1335
1698	689
1699	408
1700	271
1701	189
1702	178
1703	176
1704	165
1705	147
1706	151
1707	175
1708	140
1709	139
1710	150
1711	144
1712	150
1713	149
1714	147
1715	126
1716	163
1717	157
1718	150
1719	138
1720	134
1721	151
1722	152
1723	133
1724	161
1725	159
1726	163
1727	164
1728	168
1729	188
1730	155
1731	160
1732	182
1733	157
1734	154
1735	160
1736	151
1737	132
1738	135
1739	131
1740	136
1741	150
1742	155
1743	142
1744	147
1745	152
1746	140
1747	145
1748	143
1749	153
1750	141
1751	125
1752	143
1753	149
1754	116
1755	109
1756	133
1757	143
1758	139
1759	110
1760	121
1761	130
1762	137
1763	149
1764	128
1765	117
1766	131
1767	132
1768	124
1769	136
1770	143
1771	132
1772	137
1773	131
1774	150
1775	137
1776	147
1777	110
1778	123
1779	140
1780	140
1781	161
1782	138
1783	162
1784	134
1785	133
1786	136
1787	138
1788	130
1789	127
1790	135
1791	138
1792	136
1793	135
1794	120
1795	121
1796	137
1797	138
1798	137
1799	146
1800	130
1801	142
1802	145
1803	175
1804	213
1805	274
1806	352
1807	415
1808	475
1809	467
1810	448
1811	361
1812	247
1813	197
1814	172
1815	165
1816	159
1817	136
1818	141
1819	137
1820	137
1821	136
1822	132
1823	128
1824	125
1825	128
1826	127
1827	123
1828	124
1829	150
1830	142
1831	107
1832	142
1833	116
1834	131
1835	130
1836	123
1837	121
1838	120
1839	131
1840	119
1841	106
1842	118
1843	130
1844	130
1845	133
1846	136
1847	115
1848	122
1849	141
1850	113
1851	129
1852	127
1853	126
1854	139
1855	166
1856	126
1857	134
1858	122
1859	105
1860	105
1861	114
1862	133
1863	107
1864	143
1865	114
1866	125
1867	131
1868	111
1869	123
1870	111
1871	134
1872	130
1873	127
1874	121
1875	126
1876	118
1877	142
1878	118
1879	127
1880	152
1881	122
1882	133
1883	128
1884	140
1885	123
1886	119
1887	123
1888	108
1889	133
1890	113
1891	113
1892	128
1893	117
1894	138
1895	129
1896	119
1897	124
1898	145
1899	143
1900	128
1901	128
1902	159
1903	104
1904	126
1905	114
1906	140
1907	133
1908	119
1909	110
1910	124
1911	119
1912	105
1913	112
1914	125
1915	112
1916	128
1917	124
1918	114
1919	97
1920	131
1921	119
1922	105
1923	115
1924	137
1925	142
1926	118
1927	127
1928	127
1929	123
1930	128
1931	107
1932	117
1933	134
1934	115
1935	108
1936	124
1937	130
1938	116
1939	120
1940	126
1941	112
1942	109
1943	96
1944	113
1945	130
1946	95
1947	110
1948	117
1949	115
1950	95
1951	121
1952	122
1953	141
1954	132
1955	119
1956	148
1957	119
1958	121
1959	121
1960	117
1961	113
1962	123
1963	117
1964	124
1965	137
1966	103
1967	109
1968	121
1969	133
1970	116
1971	106
1972	101
1973	103
1974	113
1975	105
1976	124
1977	120
1978	122
1979	119
1980	129
1981	124
1982	104
1983	121
1984	114
1985	112
1986	119
1987	139
1988	116
1989	96
1990	98
1991	136
1992	116
1993	126
1994	98
1995	132
1996	118
1997	142
1998	107
1999	98
2000	135
2001	115
2002	92
2003	116
2004	101
2005	112
2006	111
2007	96
2008	115
2009	106
2010	112
2011	104
2012	144
2013	121
2014	126
2015	113
2016	143
2017	147
2018	174
2019	239
2020	318
2021	445
2022	674
2023	788
2024	896
2025	933
2026	731
2027	579
2028	429
2029	280
2030	186
2031	145
2032	144
2033	126
2034	115
2035	104
2036	124
2037	126
2038	122
2039	104
2040	93
2041	99
2042	129
2043	99
2044	142
2045	127
2046	123
2047	130
2048	158
2049	167
2050	156
2051	128
2052	126
2053	118
2054	116
2055	117
2056	116
2057	91
2058	108
2059	102
2060	102
2061	111
2062	98
2063	107
2064	110
2065	110
2066	112
2067	117
2068	109
2069	102
2070	97
2071	120
2072	111
2073	99
2074	113
2075	119
2076	107
2077	115
2078	95
2079	90
2080	117
2081	104
2082	100
2083	106
2084	115
2085	97
2086	129
2087	108
2088	122
2089	124
2090	106
2091	99
2092	118
2093	125
2094	116
2095	117
2096	106
2097	116
2098	109
2099	118
2100	100
2101	108
2102	104
2103	122
2104	112
2105	123
2106	101
2107	113
2108	103
2109	123
2110	101
2111	93
2112	99
2113	96
2114	102
2115	116
2116	92
2117	103
2118	94
2119	102
2120	125
2121	95
2122	110
2123	131
2124	114
2125	115
2126	93
2127	128
2128	111
2129	116
2130	113
2131	99
2132	109
2133	110
2134	100
2135	116
2136	101
2137	124
2138	117
2139	85
2140	122
2141	103
2142	122
2143	103
2144	115
2145	102
2146	91
2147	106
2148	107
2149	124
2150	114
2151	97
2152	106
2153	115
2154	100
2155	112
2156	116
2157	97
2158	106
2159	126
2160	101
2161	92
2162	117
2163	105
2164	113
2165	100
2166	104
2167	117
2168	115
2169	107
2170	121
2171	120
2172	104
2173	115
2174	90
2175	108
2176	140
2177	115
2178	139
2179	138
2180	134
2181	180
2182	237
2183	296
2184	500
2185	646
2186	917
2187	1087
2188	1160
2189	985
2190	821
2191	556
2192	382
2193	257
2194	190
2195	123
2196	114
2197	100
2198	117
2199	90
2200	108
2201	114
2202	99
2203	100
2204	101
2205	103
2206	123
2207	103
2208	105
2209	92
2210	99
2211	90
2212	121
2213	114
2214	103
2215	119
2216	119
2217	117
2218	85
2219	80
2220	105
2221	114
2222	102
2223	103
2224	120
2225	86
2226	110
2227	98
2228	96
2229	107
2230	110
2231	86
2232	109
2233	137
2234	113
2235	102
2236	125
2237	119
2238	120
2239	101
2240	83
2241	101
2242	108
2243	106
2244	110
2245	108
2246	106
2247	111
2248	99
2249	90
2250	96
2251	96
2252	114
2253	105
2254	92
2255	91
2256	97
2257	108
2258	119
2259	91
2260	110
2261	103
2262	100
2263	94
2264	108
2265	96
2266	100
2267	111
2268	128
2269	102
2270	103
2271	122
2272	109
2273	106
2274	111
2275	101
2276	99
2277	95
2278	107
2279	117
2280	107
2281	110
2282	102
2283	97
2284	93
2285	97
2286	107
2287	110
2288	97
2289	96
2290	114
2291	99
2292	117
2293	102
2294	107
2295	103
2296	106
2297	117
2298	116
2299	101
2300	90
2301	113
2302	89
2303	89
2304	128
2305	84
2306	104
2307	97
2308	116
2309	110
2310	110
2311	78
2312	109
2313	99
2314	113
2315	93
2316	97
2317	103
2318	107
2319	111
2320	121
2321	102
2322	107
2323	107
2324	111
2325	87
2326	116
2327	116
2328	101
2329	110
2330	95
2331	109
2332	110
2333	93
2334	108
2335	108
2336	94
2337	95
2338	95
2339	101
2340	103
2341	87
2342	93
2343	98
2344	86
2345	100
2346	93
2347	104
2348	106
2349	98
2350	119
2351	109
2352	98
2353	96
2354	109
2355	101
2356	113
2357	87
2358	93
2359	101
2360	102
2361	111
2362	98
2363	97
2364	113
2365	96
2366	114
2367	97
2368	105
2369	106
2370	110
2371	93
2372	99
2373	106
2374	100
2375	94
2376	114
2377	109
2378	98
2379	107
2380	110
2381	125
2382	110
2383	94
2384	106
2385	97
2386	114
2387	107
2388	106
2389	101
2390	92
2391	99
2392	93
2393	99
2394	91
2395	126
2396	99
2397	97
2398	82
2399	86
2400	104
2401	119
2402	101
2403	108
2404	109
2405	116
2406	122
2407	131
2408	195
2409	191
2410	226
2411	197
2412	178
2413	174
2414	178
2415	145
2416	105
2417	107
2418	98
2419	90
2420	103
2421	84
2422	99
2423	89
2424	99
2425	84
2426	99
2427	101
2428	91
2429	90
2430	102
2431	115
2432	88
2433	111
2434	96
2435	131
2436	119
2437	110
2438	105
2439	111
2440	119
2441	85
2442	108
2443	80
2444	78
2445	91
2446	111
2447	96
2448	106
2449	106
2450	92
2451	95
2452	95
2453	111
2454	119
2455	109
2456	108
2457	86
2458	93
2459	91
2460	83
2461	108
2462	74
2463	108
2464	99
2465	103
2466	91
2467	91
2468	102
2469	80
2470	108
2471	101
2472	109
2473	112
2474	80
2475	102
2476	87
2477	91
2478	105
2479	101
2480	126
2481	122
2482	133
2483	131
2484	115
2485	119
2486	117
2487	125
2488	128
2489	127
2490	92
2491	91
2492	92
2493	94
2494	104
2495	106
2496	101
2497	108
2498	112
2499	90
2500	104
2501	99
2502	88
2503	87
2504	117
2505	96
2506	74
2507	105
2508	111
2509	108
2510	89
2511	86
2512	112
2513	97
2514	108
2515	88
2516	105
2517	118
2518	99
2519	113
2520	129
2521	102
2522	107
2523	119
2524	95
2525	120
2526	112
2527	110
2528	101
2529	96
2530	99
2531	86
2532	87
2533	114
2534	97
2535	111
2536	105
2537	88
2538	92
2539	103
2540	91
2541	94
2542	102
2543	99
2544	93
2545	111
2546	93
2547	92
2548	103
2549	109
2550	85
2551	96
2552	94
2553	108
2554	109
2555	105
2556	111
2557	110
2558	103
2559	92
2560	93
2561	106
2562	106
2563	97
2564	106
2565	98
2566	119
2567	95
2568	110
2569	100
2570	115
2571	91
2572	115
2573	92
2574	100
2575	102
2576	117
2577	103
2578	111
2579	93
2580	87
2581	94
2582	104
2583	108
2584	96
2585	97
2586	91
2587	90
2588	108
2589	93
2590	107
2591	96
2592	94
2593	95
2594	101
2595	93
2596	87
2597	94
2598	99
2599	87
2600	110
2601	103
2602	110
2603	118
2604	93
2605	129
2606	86
2607	119
2608	106
2609	95
2610	77
2611	95
2612	101
2613	102
2614	95
2615	108
2616	93
2617	95
2618	90
2619	94
2620	96
2621	100
2622	114
2623	100
2624	98
2625	84
2626	90
2627	86
2628	94
2629	91
2630	95
2631	100
2632	100
2633	92
2634	89
2635	115
2636	95
2637	105
2638	96
2639	93
2640	106
2641	104
2642	109
2643	116
2644	98
2645	108
2646	110
2647	101
2648	110
2649	87
2650	96
2651	120
2652	90
2653	94
2654	97
2655	103
2656	100
2657	82
2658	93
2659	117
2660	101
2661	96
2662	106
2663	109
2664	111
2665	98
2666	96
2667	95
2668	104
2669	107
2670	109
2671	110
2672	107
2673	93
2674	99
2675	98
2676	108
2677	89
2678	100
2679	98
2680	93
2681	111
2682	107
2683	117
2684	103
2685	86
2686	115
2687	89
2688	99
2689	86
2690	102
2691	102
2692	105
2693	109
2694	91
2695	110
2696	82
2697	125
2698	107
2699	100
2700	102
2701	98
2702	124
2703	102
2704	121
2705	91
2706	97
2707	106
2708	95
2709	109
2710	104
2711	105
2712	119
2713	101
2714	90
2715	105
2716	105
2717	107
2718	100
2719	110
2720	99
2721	94
2722	96
2723	116
2724	89
2725	96
2726	98
2727	124
2728	101
2729	102
2730	101
2731	111
2732	106
2733	95
2734	89
2735	103
2736	106
2737	99
2738	100
2739	111
2740	98
2741	78
2742	100
2743	100
2744	107
2745	103
2746	102
2747	105
2748	118
2749	94
2750	105
2751	128
2752	111
2753	122
2754	102
2755	93
2756	93
2757	102
2758	97
2759	88
2760	90
2761	95
2762	106
2763	90
2764	102
2765	109
2766	96
2767	118
2768	111
2769	106
2770	96
2771	118
2772	108
2773	99
2774	118
2775	105
2776	110
2777	103
2778	113
2779	121
2780	135
2781	163
2782	152
2783	190
2784	201
2785	214
2786	225
2787	220
2788	168
2789	140
2790	144
2791	122
2792	119
2793	108
2794	106
2795	130
2796	144
2797	137
2798	139
2799	121
2800	95
2801	124
2802	114
2803	99
2804	101
2805	103
2806	99
2807	110
2808	122
2809	102
2810	91
2811	100
2812	108
2813	100
2814	113
2815	98
2816	99
2817	89
2818	97
2819	110
2820	112
2821	124
2822	96
2823	103
2824	94
2825	94
2826	96
2827	92
2828	103
2829	108
2830	127
2831	86
2832	94
2833	125
2834	102
2835	112
2836	73
2837	97
2838	101
2839	119
2840	103
2841	106
2842	101
2843	95
2844	111
2845	98
2846	93
2847	103
2848	112
2849	94
2850	91
2851	105
2852	86
2853	87
2854	103
2855	92
2856	108
2857	111
2858	109
2859	107
2860	100
2861	107
2862	114
2863	97
2864	118
2865	121
2866	102
2867	112
2868	107
2869	98
2870	100
2871	93
2872	108
2873	103
2874	99
2875	101
2876	101
2877	113
2878	118
2879	114
2880	117
2881	112
2882	133
2883	110
2884	106
2885	109
2886	110
2887	104
2888	105
2889	113
2890	121
2891	115
2892	127
2893	151
2894	190
2895	197
2896	216
2897	175
2898	188
2899	190
2900	134
2901	118
2902	106
2903	91
2904	108
2905	95
2906	95
2907	99
2908	103
2909	102
2910	94
2911	96
2912	102
2913	91
2914	94
2915	94
2916	89
2917	88
2918	80
2919	94
2920	84
2921	88
2922	98
2923	92
2924	90
2925	90
2926	94
2927	103
2928	91
2929	83
2930	81
2931	90
2932	79
2933	99
2934	102
2935	95
2936	82
2937	100
2938	109
2939	92
2940	87
2941	98
2942	80
2943	86
2944	94
2945	90
2946	90
2947	98
2948	106
2949	98
2950	85
2951	82
2952	90
2953	103
2954	102
2955	95
2956	94
2957	83
2958	78
2959	81
2960	85
2961	93
2962	75
2963	85
2964	111
2965	95
2966	96
2967	79
2968	59
2969	84
2970	87
2971	88
2972	88
2973	81
2974	79
2975	83
2976	85
2977	86
2978	75
2979	87
2980	69
2981	88
2982	75
2983	97
2984	92
2985	84
2986	93
2987	91
2988	107
2989	74
2990	70
2991	66
2992	78
2993	81
2994	83
2995	103
2996	94
2997	79
2998	97
2999	90
3000	103
3001	88
3002	92
3003	83
3004	95
3005	102
3006	102
3007	86
3008	102
3009	103
3010	112
3011	128
3012	110
3013	117
3014	99
3015	87
3016	97
3017	96
3018	86
3019	95
3020	89
3021	91
3022	73
3023	87
3024	86
3025	95
3026	79
3027	86
3028	91
3029	95
3030	86
3031	63
3032	93
3033	96
3034	77
3035	81
3036	85
3037	93
3038	86
3039	90
3040	96
3041	101
3042	73
3043	88
3044	77
3045	107
3046	93
3047	87
3048	93
3049	96
3050	72
3051	96
3052	82
3053	84
3054	85
3055	68
3056	80
3057	90
3058	81
3059	78
3060	87
3061	106
3062	90
3063	81
3064	85
3065	75
3066	89
3067	78
3068	94
3069	73
3070	103
3071	96
3072	87
3073	65
3074	77
3075	80
3076	73
3077	59
3078	98
3079	80
3080	80
3081	104
3082	75
3083	83
3084	102
3085	76
3086	94
3087	100
3088	97
3089	90
3090	91
3091	84
3092	69
3093	77
3094	110
3095	84
3096	82
3097	84
3098	79
3099	95
3100	80
3101	90
3102	101
3103	84
3104	84
3105	93
3106	99
3107	97
3108	80
3109	84
3110	80
3111	96
3112	93
3113	85
3114	106
3115	79
3116	86
3117	107
3118	93
3119	89
3120	69
3121	88
3122	84
3123	87
3124	91
3125	81
3126	88
3127	98
3128	86
3129	89
3130	80
3131	78
3132	72
3133	78
3134	87
3135	81
3136	82
3137	77
3138	84
3139	105
3140	78
3141	82
3142	96
3143	104
3144	80
3145	86
3146	75
3147	86
3148	77
3149	91
3150	82
3151	77
3152	82
3153	91
3154	102
3155	84
3156	86
3157	91
3158	85
3159	85
3160	78
3161	94
3162	87
3163	91
3164	103
3165	90
3166	99
3167	79
3168	80
3169	86
3170	85
3171	89
3172	85
3173	90
3174	94
3175	75
3176	97
3177	79
3178	71
3179	88
3180	77
3181	84
3182	76
3183	71
3184	87
3185	87
3186	82
3187	87
3188	66
3189	90
3190	80
3191	88
3192	76
3193	83
3194	95
3195	84
3196	78
3197	78
3198	73
3199	71
3200	81
3201	84
3202	92
3203	101
3204	90
3205	80
3206	78
3207	74
3208	81
3209	85
3210	92
3211	89
3212	91
3213	94
3214	76
3215	85
3216	78
3217	71
3218	88
3219	83
3220	81
3221	83
3222	75
3223	75
3224	93
3225	85
3226	89
3227	84
3228	81
3229	93
3230	79
3231	87
3232	89
3233	71
3234	76
3235	89
3236	82
3237	92
3238	95
3239	89
3240	87
3241	76
3242	101
3243	102
3244	115
3245	113
3246	104
3247	102
3248	121
3249	95
3250	102
3251	86
3252	67
3253	70
3254	100
3255	72
3256	79
3257	87
3258	74
3259	77
3260	82
3261	86
3262	94
3263	97
3264	75
3265	103
3266	134
3267	131
3268	159
3269	168
3270	220
3271	233
3272	258
3273	236
3274	212
3275	134
3276	144
3277	105
3278	110
3279	81
3280	90
3281	82
3282	101
3283	79
3284	71
3285	94
3286	71
3287	94
3288	78
3289	81
3290	79
3291	82
3292	82
3293	83
3294	98
3295	94
3296	101
3297	83
3298	60
3299	96
3300	91
3301	70
3302	103
3303	101
3304	87
3305	92
3306	95
3307	72
3308	63
3309	85
3310	87
3311	94
3312	76
3313	80
3314	96
3315	77
3316	90
3317	88
3318	96
3319	77
3320	75
3321	80
3322	80
3323	70
3324	78
3325	78
3326	83
3327	90
3328	95
3329	80
3330	116
3331	95
3332	109
3333	102
3334	123
3335	116
3336	112
3337	107
3338	121
3339	121
3340	91
3341	84
3342	96
3343	82
3344	82
3345	85
3346	63
3347	79
3348	80
3349	97
3350	105
3351	92
3352	123
3353	165
3354	166
3355	154
3356	161
3357	163
3358	154
3359	137
3360	110
3361	100
3362	94
3363	73
3364	68
3365	76
3366	86
3367	90
3368	75
3369	85
3370	82
3371	78
3372	79
3373	74
3374	79
3375	77
3376	80
3377	71
3378	85
3379	84
3380	82
3381	66
3382	75
3383	87
3384	97
3385	91
3386	62
3387	70
3388	91
3389	85
3390	78
3391	78
3392	82
3393	91
3394	101
3395	80
3396	80
3397	76
3398	87
3399	104
3400	113
3401	103
3402	169
3403	177
3404	203
3405	227
3406	233
3407	224
3408	215
3409	162
3410	161
3411	145
3412	101
3413	96
3414	98
3415	79
3416	76
3417	88
3418	82
3419	64
3420	75
3421	73
3422	72
3423	71
3424	91
3425	82
3426	68
3427	81
3428	85
3429	103
3430	80
3431	87
3432	81
3433	84
3434	69
3435	67
3436	89
3437	75
3438	69
3439	70
3440	70
3441	69
3442	70
3443	70
3444	58
3445	79
3446	77
3447	87
3448	77
3449	85
3450	95
3451	69
3452	74
3453	71
3454	83
3455	71
3456	88
3457	83
3458	73
3459	61
3460	80
3461	78
3462	82
3463	73
3464	93
3465	89
3466	78
3467	82
3468	77
3469	76
3470	70
3471	67
3472	80
3473	97
3474	79
3475	73
3476	83
3477	66
3478	79
3479	76
3480	86
3481	73
3482	81
3483	88
3484	81
3485	85
3486	75
3487	64
3488	91
3489	80
3490	68
3491	91
3492	67
3493	78
3494	84
3495	85
3496	68
3497	84
3498	75
3499	87
3500	85
3501	92
3502	76
3503	78
3504	87
3505	82
3506	72
3507	77
3508	86
3509	78
3510	87
3511	77
3512	64
3513	80
3514	79
3515	75
3516	86
3517	76
3518	106
3519	88
3520	81
3521	76
3522	90
3523	86
3524	99
3525	108
3526	102
3527	98
3528	89
3529	76
3530	77
3531	83
3532	75
3533	74
3534	67
3535	77
3536	76
3537	86
3538	76
3539	75
3540	72
3541	88
3542	66
3543	99
3544	75
3545	77
3546	79
3547	89
3548	73
3549	101
3550	90
3551	75
3552	74
3553	97
3554	89
3555	123
3556	111
3557	139
3558	143
3559	119
3560	111
3561	125
3562	109
3563	110
3564	97
3565	103
3566	100
3567	91
3568	83
3569	76
3570	90
3571	80
3572	92
3573	82
3574	86
3575	79
3576	88
3577	68
3578	91
3579	92
3580	89
3581	75
3582	90
3583	88
3584	72
3585	88
3586	96
3587	79
3588	94
3589	87
3590	92
3591	86
3592	74
3593	74
3594	84
3595	60
3596	94
3597	88
3598	77
3599	68
3600	78
3601	98
3602	74
3603	79
3604	83
3605	83
3606	104
3607	74
3608	111
3609	96
3610	89
3611	69
3612	84
3613	106
3614	77
3615	90
3616	86
3617	82
3618	93
3619	60
3620	103
3621	79
3622	91
3623	78
3624	77
3625	90
3626	90
3627	90
3628	61
3629	87
3630	81
3631	79
3632	80
3633	75
3634	66
3635	78
3636	98
3637	87
3638	101
3639	76
3640	80
3641	71
3642	83
3643	83
3644	81
3645	78
3646	87
3647	88
3648	84
3649	84
3650	75
3651	88
3652	76
3653	77
3654	87
3655	84
3656	69
3657	89
3658	79
3659	85
3660	94
3661	77
3662	76
3663	86
3664	73
3665	90
3666	83
3667	74
3668	102
3669	81
3670	62
3671	71
3672	88
3673	72
3674	92
3675	74
3676	76
3677	88
3678	81
3679	81
3680	86
3681	91
3682	90
3683	94
3684	82
3685	75
3686	80
3687	95
3688	93
3689	89
3690	79
3691	87
3692	78
3693	85
3694	75
3695	82
3696	73
3697	71
3698	66
3699	81
3700	76
3701	85
3702	89
3703	80
3704	64
3705	82
3706	89
3707	98
3708	92
3709	71
3710	83
3711	93
3712	78
3713	91
3714	71
3715	83
3716	75
3717	82
3718	79
3719	76
3720	88
3721	92
3722	81
3723	85
3724	81
3725	78
3726	87
3727	84
3728	68
3729	82
3730	71
3731	85
3732	83
3733	76
3734	85
3735	93
3736	81
3737	98
3738	82
3739	88
3740	84
3741	87
3742	81
3743	84
3744	71
3745	89
3746	91
3747	88
3748	80
3749	68
3750	73
3751	76
3752	71
3753	84
3754	85
3755	81
3756	74
3757	73
3758	69
3759	88
3760	85
3761	83
3762	86
3763	67
3764	72
3765	66
3766	69
3767	72
3768	73
3769	79
3770	82
3771	66
3772	75
3773	67
3774	72
3775	74
3776	82
3777	89
3778	88
3779	84
3780	82
3781	93
3782	95
3783	103
3784	109
3785	103
3786	92
3787	104
3788	89
3789	76
3790	80
3791	91
3792	73
3793	82
3794	79
3795	68
3796	66
3797	82
3798	67
3799	84
3800	76
3801	106
3802	88
3803	77
3804	93
3805	105
3806	89
3807	91
3808	90
3809	76
3810	90
3811	72
3812	83
3813	82
3814	62
3815	75
3816	92
3817	71
3818	79
3819	70
3820	79
3821	68
3822	82
3823	74
3824	95
3825	75
3826	68
3827	78
3828	70
3829	67
3830	57
3831	79
3832	73
3833	70
3834	70
3835	83
3836	71
3837	72
3838	73
3839	93
3840	99
3841	87
3842	77
3843	82
3844	101
3845	116
3846	135
3847	212
3848	305
3849	488
3850	676
3851	986
3852	1404
3853	1838
3854	2023
3855	2109
3856	1964
3857	1772
3858	1403
3859	981
3860	715
3861	426
3862	233
3863	158
3864	141
3865	96
3866	69
3867	84
3868	71
3869	82
3870	69
3871	77
3872	73
3873	63
3874	72
3875	89
3876	79
3877	62
3878	66
3879	71
3880	84
3881	64
3882	54
3883	69
3884	61
3885	73
3886	64
3887	83
3888	64
3889	89
3890	70
3891	71
3892	58
3893	78
3894	75
3895	77
3896	77
3897	69
3898	78
3899	68
3900	78
3901	71
3902	58
3903	75
3904	80
3905	70
3906	69
3907	65
3908	70
3909	61
3910	63
3911	69
3912	64
3913	78
3914	58
3915	71
3916	64
3917	79
3918	79
3919	77
3920	52
3921	95
3922	74
3923	76
3924	68
3925	60
3926	72
3927	96
3928	57
3929	61
3930	68
3931	63
3932	77
3933	77
3934	85
3935	79
3936	75
3937	87
3938	71
3939	62
3940	69
3941	81
3942	65
3943	69
3944	73
3945	59
3946	61
3947	68
3948	81
3949	77
3950	80
3951	68
3952	58
3953	83
3954	73
3955	78
3956	66
3957	69
3958	76
3959	67
3960	70
3961	78
3962	78
3963	70
3964	45
3965	69
3966	57
3967	77
3968	68
3969	66
3970	78
3971	79
3972	71
3973	75
3974	64
3975	54
3976	71
3977	76
3978	79
3979	66
3980	82
3981	58
3982	64
3983	72
3984	67
3985	72
3986	67
3987	68
3988	75
3989	71
3990	60
3991	66
3992	73
3993	63
3994	76
3995	64
3996	67
3997	61
3998	73
3999	74
4000	67
4001	73
4002	73
4003	95
4004	68
4005	64
4006	76
4007	98
4008	87
4009	85
4010	109
4011	124
4012	119
4013	117
4014	110
4015	101
4016	80
4017	80
4018	83
4019	62
4020	80
4021	76
4022	74
4023	64
4024	74
4025	50
4026	73
4027	82
4028	49
4029	76
4030	73
4031	70
4032	76
4033	80
4034	57
4035	66
4036	68
4037	63
4038	50
4039	66
4040	71
4041	83
4042	64
4043	63
4044	60
4045	71
4046	78
4047	54
4048	65
4049	74
4050	57
4051	82
4052	54
4053	60
4054	55
4055	72
4056	55
4057	73
4058	63
4059	74
4060	77
4061	57
4062	77
4063	65
4064	67
4065	72
4066	72
4067	62
4068	52
4069	59
4070	86
4071	62
4072	74
4073	61
4074	57
4075	71
4076	61
4077	59
4078	68
4079	69
4080	67
4081	57
4082	66
4083	56
4084	77
4085	69
4086	67
4087	61
4088	65
4089	55
4090	84
4091	70
4092	71
4093	77
4094	80
4095	80
4096	62
4097	75
4098	67
4099	69
4100	68
4101	77
4102	74
4103	77
4104	76
4105	68
4106	73
4107	63
4108	61
4109	60
4110	67
4111	84
4112	65
4113	72
4114	65
4115	64
4116	58
4117	58
4118	68
4119	83
4120	66
4121	63
4122	77
4123	66
4124	67
4125	64
4126	75
4127	57
4128	76
4129	70
4130	77
4131	67
4132	70
4133	73
4134	72
4135	88
4136	82
4137	63
4138	70
4139	77
4140	59
4141	72
4142	74
4143	81
4144	72
4145	73
4146	62
4147	74
4148	66
4149	51
4150	65
4151	54
4152	78
4153	61
4154	71
4155	79
4156	70
4157	87
4158	80
4159	80
4160	81
4161	74
4162	79
4163	68
4164	79
4165	108
4166	86
4167	102
4168	111
4169	93
4170	93
4171	83
4172	84
4173	75
4174	70
4175	64
4176	76
4177	63
4178	79
4179	84
4180	75
4181	52
4182	66
4183	67
4184	69
4185	65
4186	74
4187	59
4188	70
4189	61
4190	62
4191	68
4192	60
4193	79
4194	60
4195	67
4196	67
4197	82
4198	91
4199	78
4200	67
4201	73
4202	58
4203	86
4204	66
4205	86
4206	56
4207	64
4208	68
4209	88
4210	81
4211	72
4212	72
4213	73
4214	75
4215	68
4216	73
4217	79
4218	65
4219	67
4220	76
4221	68
4222	69
4223	66
4224	72
4225	73
4226	66
4227	58
4228	72
4229	60
4230	69
4231	62
4232	76
4233	72
4234	54
4235	44
4236	72
4237	73
4238	73
4239	83
4240	82
4241	71
4242	73
4243	82
4244	62
4245	63
4246	71
4247	68
4248	74
4249	68
4250	64
4251	60
4252	76
4253	83
4254	85
4255	51
4256	87
4257	75
4258	84
4259	72
4260	68
4261	74
4262	80
4263	74
4264	70
4265	72
4266	79
4267	65
4268	65
4269	71
4270	68
4271	64
4272	71
4273	56
4274	68
4275	72
4276	74
4277	67
4278	62
4279	64
4280	68
4281	62
4282	80
4283	92
4284	75
4285	81
4286	90
4287	102
4288	116
4289	186
4290	226
4291	309
4292	390
4293	511
4294	625
4295	650
4296	693
4297	631
4298	485
4299	427
4300	342
4301	208
4302	165
4303	135
4304	88
4305	66
4306	95
4307	74
4308	68
4309	83
4310	64
4311	89
4312	71
4313	67
4314	74
4315	69
4316	70
4317	68
4318	72
4319	71
4320	71
4321	92
4322	68
4323	75
4324	71
4325	70
4326	67
4327	73
4328	54
4329	60
4330	79
4331	65
4332	63
4333	52
4334	86
4335	65
4336	80
4337	62
4338	65
4339	79
4340	80
4341	72
4342	76
4343	79
4344	73
4345	76
4346	60
4347	64
4348	72
4349	54
4350	69
4351	75
4352	74
4353	70
4354	66
4355	80
4356	65
4357	80
4358	66
4359	64
4360	56
4361	73
4362	80
4363	57
4364	69
4365	61
4366	57
4367	56
4368	71
4369	58
4370	72
4371	56
4372	79
4373	56
4374	69
4375	60
4376	58
4377	55
4378	44
4379	72
4380	73
4381	76
4382	73
4383	71
4384	56
4385	66
4386	77
4387	58
4388	60
4389	76
4390	69
4391	63
4392	88
4393	61
4394	67
4395	51
4396	62
4397	54
4398	55
4399	59
4400	66
4401	77
4402	71
4403	59
4404	59
4405	73
4406	55
4407	70
4408	64
4409	55
4410	49
4411	63
4412	75
4413	70
4414	66
4415	65
4416	55
4417	63
4418	54
4419	51
4420	55
4421	61
4422	66
4423	47
4424	51
4425	54
4426	65
4427	50
4428	67
4429	61
4430	57
4431	66
4432	68
4433	68
4434	62
4435	61
4436	59
4437	61
4438	75
4439	77
4440	58
4441	62
4442	64
4443	79
4444	66
4445	76
4446	74
4447	57
4448	59
4449	61
4450	73
4451	57
4452	59
4453	74
4454	74
4455	80
4456	53
4457	58
4458	61
4459	66
4460	67
4461	81
4462	93
4463	66
4464	64
4465	69
4466	70
4467	70
4468	46
4469	75
4470	78
4471	61
4472	53
4473	60
4474	59
4475	50
4476	52
4477	63
4478	56
4479	69
4480	69
4481	45
4482	45
4483	73
4484	56
4485	68
4486	52
4487	50
4488	56
4489	56
4490	43
4491	69
4492	49
4493	68
4494	60
4495	41
4496	43
4497	50
4498	52
4499	40
4500	50
4501	56
4502	52
4503	64
4504	56
4505	65
4506	51
4507	52
4508	55
4509	60
4510	61
4511	60
4512	65
4513	74
4514	66
4515	59
4516	67
4517	50
4518	58
4519	46
4520	53
4521	47
4522	54
4523	49
4524	50
4525	48
4526	35
4527	56
4528	49
4529	65
4530	45
4531	34
4532	46
4533	40
4534	53
4535	54
4536	49
4537	48
4538	51
4539	52
4540	50
4541	39
4542	49
4543	39
4544	45
4545	40
4546	46
4547	66
4548	61
4549	66
4550	74
4551	92
4552	109
4553	104
4554	110
4555	116
4556	96
4557	92
4558	93
4559	75
4560	54
4561	70
4562	52
4563	37
4564	49
4565	43
4566	49
4567	38
4568	50
4569	66
4570	58
4571	50
4572	42
4573	46
4574	55
4575	44
4576	54
4577	41
4578	45
4579	51
4580	47
4581	61
4582	45
4583	63
4584	54
4585	59
4586	77
4587	73
4588	88
4589	61
4590	92
4591	89
4592	71
4593	63
4594	50
4595	55
4596	51
4597	40
4598	45
4599	46
4600	47
4601	49
4602	42
4603	43
4604	57
4605	60
4606	42
4607	50
4608	58
4609	44
4610	69
4611	54
4612	40
4613	63
4614	54
4615	50
4616	43
4617	47
4618	40
4619	29
4620	40
4621	47
4622	58
4623	38
4624	53
4625	53
4626	47
4627	59
4628	46
4629	45
4630	44
4631	37
4632	41
4633	50
4634	31
4635	46
4636	38
4637	42
4638	55
4639	57
4640	28
4641	45
4642	43
4643	48
4644	38
4645	45
4646	48
4647	40
4648	49
4649	46
4650	58
4651	45
4652	56
4653	46
4654	43
4655	37
4656	43
4657	46
4658	53
4659	45
4660	42
4661	53
4662	43
4663	41
4664	39
4665	41
4666	33
4667	48
4668	37
4669	48
4670	50
4671	42
4672	42
4673	39
4674	36
4675	48
4676	40
4677	36
4678	44
4679	53
4680	47
4681	30
4682	40
4683	47
4684	51
4685	46
4686	58
4687	46
4688	39
4689	37
4690	48
4691	40
4692	41
4693	45
4694	45
4695	40
4696	31
4697	41
4698	33
4699	33
4700	41
4701	46
4702	35
4703	37
4704	31
4705	43
4706	52
4707	43
4708	40
4709	37
4710	46
4711	42
4712	51
4713	40
4714	50
4715	40
4716	38
4717	46
4718	51
4719	47
4720	41
4721	43
4722	33
4723	39
4724	53
4725	58
4726	52
4727	37
4728	46
4729	46
4730	41
4731	46
4732	47
4733	40
4734	38
4735	38
4736	49
4737	47
4738	44
4739	39
4740	30
4741	34
4742	39
4743	49
4744	41
4745	34
4746	40
4747	42
4748	51
4749	45
4750	42
4751	52
4752	41
4753	33
4754	47
4755	55
4756	37
4757	30
4758	47
4759	41
4760	46
4761	55
4762	37
4763	62
4764	52
4765	61
4766	72
4767	87
4768	109
4769	185
4770	236
4771	405
4772	548
4773	839
4774	1124
4775	1397
4776	1712
4777	1861
4778	1868
4779	1691
4780	1530
4781	1152
4782	823
4783	575
4784	353
4785	209
4786	111
4787	87
4788	65
4789	56
4790	47
4791	59
4792	45
4793	37
4794	37
4795	35
4796	39
4797	44
4798	34
4799	48
4800	42
4801	53
4802	47
4803	46
4804	41
4805	59
4806	42
4807	30
4808	44
4809	54
4810	51
4811	36
4812	38
4813	46
4814	35
4815	42
4816	47
4817	48
4818	38
4819	35
4820	34
4821	41
4822	33
4823	34
4824	42
4825	38
4826	43
4827	41
4828	31
4829	35
4830	41
4831	31
4832	43
4833	32
4834	28
4835	51
4836	31
4837	31
4838	30
4839	43
4840	37
4841	43
4842	28
4843	34
4844	40
4845	47
4846	57
4847	29
4848	44
4849	44
4850	39
4851	30
4852	32
4853	26
4854	37
4855	27
4856	32
4857	29
4858	42
4859	41
4860	37
4861	25
4862	29
4863	40
4864	35
4865	33
4866	38
4867	34
4868	42
4869	35
4870	42
4871	41
4872	41
4873	34
4874	28
4875	31
4876	29
4877	28
4878	39
4879	32
4880	35
4881	36
4882	30
4883	39
4884	32
4885	42
4886	37
4887	44
4888	34
4889	35
4890	38
4891	34
4892	28
4893	48
4894	47
4895	36
4896	37
4897	42
4898	40
4899	30
4900	30
4901	29
4902	40
4903	38
4904	36
4905	38
4906	43
4907	36
4908	34
4909	34
4910	25
4911	40
4912	28
4913	27
4914	42
4915	40
4916	30
4917	39
4918	31
4919	42
4920	27
4921	33
4922	38
4923	29
4924	37
4925	39
4926	40
4927	42
4928	50
4929	32
4930	23
4931	30
4932	35
4933	28
4934	39
4935	29
4936	34
4937	40
4938	32
4939	29
4940	33
4941	33
4942	37
4943	35
4944	27
4945	36
4946	42
4947	48
4948	27
4949	36
4950	25
4951	32
4952	37
4953	24
4954	32
4955	37
4956	33
4957	43
4958	33
4959	28
4960	29
4961	22
4962	26
4963	32
4964	29
4965	35
4966	37
4967	39
4968	36
4969	34
4970	47
4971	35
4972	28
4973	37
4974	38
4975	35
4976	44
4977	48
4978	58
4979	78
4980	111
4981	94
4982	92
4983	117
4984	106
4985	81
4986	89
4987	77
4988	58
4989	45
4990	42
4991	27
4992	30
4993	40
4994	31
4995	27
4996	37
4997	17
4998	19
4999	29
5000	35
5001	27
5002	34
5003	33
5004	44
5005	27
5006	39
5007	26
5008	28
5009	34
5010	32
5011	37
5012	31
5013	30
5014	23
5015	25
5016	31
5017	27
5018	30
5019	24
5020	33
5021	22
5022	34
5023	31
5024	32
5025	42
5026	27
5027	28
5028	32
5029	37
5030	35
5031	29
5032	28
5033	37
5034	29
5035	27
5036	39
5037	37
5038	30
5039	31
5040	29
5041	44
5042	26
5043	36
5044	32
5045	24
5046	22
5047	28
5048	33
5049	31
5050	32
5051	35
5052	24
5053	36
5054	24
5055	27
5056	29
5057	20
5058	35
5059	31
5060	32
5061	28
5062	36
5063	21
5064	28
5065	30
5066	23
5067	32
5068	25
5069	34
5070	26
5071	28
5072	29
5073	25
5074	31
5075	29
5076	31
5077	16
5078	40
5079	31
5080	28
5081	23
5082	32
5083	27
5084	19
5085	29
5086	39
5087	33
5088	22
5089	23
5090	27
5091	27
5092	23
5093	33
5094	26
5095	38
5096	23
5097	29
5098	33
5099	30
5100	26
5101	26
5102	29
5103	31
5104	29
5105	35
5106	23
5107	35
5108	30
5109	37
5110	21
5111	27
5112	25
5113	34
5114	33
5115	32
5116	30
5117	25
5118	31
5119	32
5120	34
5121	36
5122	37
5123	28
5124	25
5125	22
5126	28
5127	23
5128	42
5129	33
5130	30
5131	41
5132	26
5133	25
5134	19
5135	28
5136	41
5137	32
5138	27
5139	24
5140	33
5141	31
5142	27
5143	33
5144	28
5145	29
5146	28
5147	30
5148	26
5149	32
5150	28
5151	32
5152	28
5153	22
5154	26
5155	21
5156	39
5157	31
5158	35
5159	33
5160	29
5161	38
5162	28
5163	25
5164	33
5165	28
5166	28
5167	26
5168	28
5169	27
5170	22
5171	31
5172	30
5173	29
5174	42
5175	23
5176	34
5177	27
5178	32
5179	34
5180	29
5181	27
5182	26
5183	22
5184	38
5185	35
5186	25
5187	35
5188	31
5189	37
5190	36
5191	40
5192	32
5193	32
5194	31
5195	31
5196	29
5197	25
5198	31
5199	18
5200	33
5201	30
5202	28
5203	28
5204	29
5205	36
5206	29
5207	27
5208	29
5209	30
5210	26
5211	29
5212	29
5213	33
5214	36
5215	31
5216	40
5217	35
5218	28
5219	28
5220	26
5221	30
5222	22
5223	37
5224	32
5225	29
5226	27
5227	27
5228	36
5229	30
5230	32
5231	17
5232	27
5233	32
5234	29
5235	23
5236	32
5237	30
5238	26
5239	25
5240	21
5241	31
5242	30
5243	43
5244	31
5245	44
5246	34
5247	38
5248	32
5249	27
5250	32
5251	29
5252	22
5253	25
5254	27
5255	23
5256	31
5257	27
5258	32
5259	26
5260	25
5261	32
5262	34
5263	28
5264	32
5265	31
5266	29
5267	36
5268	38
5269	20
5270	29
5271	34
5272	37
5273	25
5274	24
5275	34
5276	31
5277	27
5278	35
5279	24
5280	32
5281	26
5282	41
5283	27
5284	34
5285	35
5286	28
5287	35
5288	37
5289	29
5290	22
5291	31
5292	27
5293	30
5294	30
5295	28
5296	30
5297	32
5298	36
5299	32
5300	29
5301	40
5302	31
5303	31
5304	35
5305	36
5306	40
5307	26
5308	32
5309	43
5310	36
5311	28
5312	29
5313	25
5314	32
5315	34
5316	38
5317	30
5318	26
5319	29
5320	28
5321	30
5322	30
5323	24
5324	26
5325	32
5326	30
5327	41
5328	30
5329	37
5330	38
5331	32
5332	26
5333	36
5334	32
5335	40
5336	34
5337	35
5338	24
5339	27
5340	32
5341	39
5342	32
5343	33
5344	37
5345	30
5346	34
5347	37
5348	25
5349	34
5350	35
5351	38
5352	32
5353	32
5354	37
5355	32
5356	25
5357	36
5358	30
5359	36
5360	23
5361	41
5362	26
5363	34
5364	38
5365	31
5366	44
5367	31
5368	43
5369	33
5370	37
5371	44
5372	44
5373	65
5374	86
5375	96
5376	136
5377	211
5378	328
5379	448
5380	559
5381	783
5382	957
5383	1043
5384	1089
5385	1095
5386	997
5387	824
5388	707
5389	460
5390	317
5391	202
5392	158
5393	88
5394	64
5395	58
5396	63
5397	65
5398	98
5399	102
5400	148
5401	179
5402	209
5403	219
5404	200
5405	208
5406	189
5407	165
5408	143
5409	88
5410	78
5411	60
5412	44
5413	43
5414	29
5415	31
5416	28
5417	31
5418	37
5419	50
5420	36
5421	34
5422	32
5423	29
5424	28
5425	32
5426	33
5427	41
5428	34
5429	28
5430	32
5431	32
5432	28
5433	43
5434	33
5435	34
5436	45
5437	42
5438	16
5439	36
5440	23
5441	36
5442	33
5443	28
5444	24
5445	29
5446	37
5447	31
5448	26
5449	33
5450	30
5451	35
5452	31
5453	32
5454	41
5455	36
5456	32
5457	23
5458	33
5459	46
5460	27
5461	27
5462	25
5463	34
5464	24
5465	39
5466	39
5467	44
5468	41
5469	29
5470	27
5471	23
5472	33
5473	28
5474	30
5475	23
5476	29
5477	42
5478	35
5479	30
5480	23
5481	34
5482	30
5483	34
5484	37
5485	28
5486	39
5487	28
5488	38
5489	34
5490	39
5491	27
5492	38
5493	35
5494	28
5495	51
5496	50
5497	51
5498	50
5499	64
5500	68
5501	67
5502	73
5503	74
5504	96
5505	122
5506	133
5507	248
5508	316
5509	498
5510	625
5511	858
5512	1088
5513	1258
5514	1414
5515	1422
5516	1343
5517	1175
5518	966
5519	756
5520	541
5521	323
5522	215
5523	128
5524	94
5525	65
5526	34
5527	30
5528	32
5529	53
5530	29
5531	36
5532	45
5533	33
5534	30
5535	29
5536	43
5537	32
5538	35
5539	28
5540	29
5541	33
5542	27
5543	32
5544	32
5545	21
5546	31
5547	31
5548	29
5549	34
5550	34
5551	37
5552	26
5553	35
5554	32
5555	44
5556	41
5557	35
5558	32
5559	46
5560	32
5561	33
5562	32
5563	50
5564	32
5565	29
5566	34
5567	34
5568	34
5569	27
5570	39
5571	36
5572	32
5573	34
5574	32
5575	36
5576	30
5577	37
5578	40
5579	25
5580	25
5581	29
5582	41
5583	42
5584	27
5585	29
5586	36
5587	26
5588	48
5589	21
5590	27
5591	36
5592	28
5593	35
5594	30
5595	38
5596	23
5597	44
5598	43
5599	36
5600	29
5601	30
5602	38
5603	44
5604	36
5605	28
5606	25
5607	34
5608	34
5609	41
5610	30
5611	35
5612	47
5613	33
5614	30
5615	36
5616	25
5617	27
5618	35
5619	35
5620	21
5621	35
5622	30
5623	41
5624	35
5625	37
5626	42
5627	39
5628	36
5629	28
5630	29
5631	29
5632	41
5633	36
5634	33
5635	26
5636	32
5637	35
5638	44
5639	40
5640	36
5641	25
5642	35
5643	36
5644	29
5645	36
5646	31
5647	34
5648	23
5649	29
5650	29
5651	36
5652	36
5653	39
5654	43
5655	35
5656	43
5657	38
5658	30
5659	50
5660	29
5661	32
5662	35
5663	38
5664	20
5665	38
5666	29
5667	31
5668	30
5669	34
5670	40
5671	36
5672	42
5673	28
5674	32
5675	33
5676	36
5677	27
5678	35
5679	35
5680	31
5681	33
5682	51
5683	34
5684	38
5685	38
5686	27
5687	29
5688	33
5689	36
5690	30
5691	38
5692	38
5693	34
5694	45
5695	26
5696	41
5697	33
5698	31
5699	39
5700	40
5701	30
5702	34
5703	40
5704	30
5705	42
5706	34
5707	39
5708	43
5709	37
5710	27
5711	25
5712	36
5713	41
5714	32
5715	33
5716	36
5717	27
5718	39
5719	34
5720	36
5721	35
5722	35
5723	41
5724	41
5725	37
5726	20
5727	46
5728	39
5729	23
5730	34
5731	37
5732	26
5733	37
5734	27
5735	35
5736	49
5737	25
5738	33
5739	39
5740	32
5741	29
5742	41
5743	27
5744	42
5745	30
5746	39
5747	44
5748	42
5749	29
5750	33
5751	32
5752	32
5753	46
5754	38
5755	31
5756	47
5757	43
5758	47
5759	33
5760	32
5761	27
5762	34
5763	38
5764	34
5765	48
5766	55
5767	44
5768	34
5769	40
5770	40
5771	28
5772	39
5773	43
5774	31
5775	35
5776	24
5777	32
5778	36
5779	36
5780	45
5781	46
5782	32
5783	34
5784	37
5785	43
5786	42
5787	36
5788	35
5789	44
5790	43
5791	26
5792	32
5793	40
5794	34
5795	37
5796	41
5797	43
5798	37
5799	38
5800	36
5801	26
5802	43
5803	43
5804	35
5805	41
5806	36
5807	36
5808	39
5809	35
5810	35
5811	42
5812	36
5813	29
5814	43
5815	36
5816	39
5817	33
5818	33
5819	36
5820	44
5821	34
5822	32
5823	41
5824	35
5825	35
5826	40
5827	38
5828	32
5829	30
5830	34
5831	40
5832	38
5833	31
5834	43
5835	30
5836	38
5837	44
5838	40
5839	48
5840	34
5841	31
5842	31
5843	43
5844	35
5845	31
5846	28
5847	37
5848	40
5849	42
5850	44
5851	34
5852	44
5853	25
5854	32
5855	39
5856	34
5857	41
5858	44
5859	33
5860	32
5861	36
5862	33
5863	37
5864	37
5865	35
5866	39
5867	37
5868	35
5869	40
5870	42
5871	49
5872	27
5873	37
5874	28
5875	32
5876	23
5877	45
5878	31
5879	46
5880	35
5881	35
5882	38
5883	40
5884	39
5885	39
5886	37
5887	41
5888	41
5889	36
5890	33
5891	33
5892	44
5893	35
5894	32
5895	42
5896	34
5897	36
5898	37
5899	34
5900	28
5901	27
5902	38
5903	36
5904	28
5905	31
5906	35
5907	32
5908	33
5909	22
5910	32
5911	30
5912	33
5913	36
5914	29
5915	30
5916	38
5917	31
5918	36
5919	41
5920	36
5921	20
5922	26
5923	21
5924	27
5925	22
5926	23
5927	26
5928	25
5929	28
5930	32
5931	31
5932	34
5933	40
5934	35
5935	28
5936	24
5937	23
5938	26
5939	20
5940	29
5941	23
5942	36
5943	25
5944	28
5945	21
5946	26
5947	18
5948	27
5949	19
5950	28
5951	23
5952	23
5953	18
5954	22
5955	33
5956	17
5957	29
5958	25
5959	15
5960	30
5961	32
5962	26
5963	18
5964	31
5965	28
5966	26
5967	35
5968	24
5969	23
5970	25
5971	18
5972	31
5973	21
5974	24
5975	27
5976	27
5977	25
5978	32
5979	14
5980	19
5981	25
5982	31
5983	26
5984	20
5985	26
5986	29
5987	25
5988	26
5989	24
5990	17
5991	21
5992	22
5993	29
5994	25
5995	27
5996	31
5997	26
5998	29
5999	17
6000	21
6001	22
6002	25
6003	19
6004	20
6005	35
6006	27
6007	30
6008	36
6009	50
6010	62
6011	76
6012	102
6013	99
6014	127
6015	135
6016	131
6017	167
6018	141
6019	141
6020	123
6021	102
6022	70
6023	40
6024	45
6025	35
6026	36
6027	28
6028	28
6029	18
6030	27
6031	25
6032	15
6033	15
6034	24
6035	14
6036	8
6037	22
6038	16
6039	16
6040	15
6041	24
6042	23
6043	17
6044	26
6045	18
6046	19
6047	21
6048	20
6049	13
6050	39
6051	25
6052	24
6053	14
6054	29
6055	20
6056	19
6057	18
6058	24
6059	17
6060	19
6061	20
6062	23
6063	26
6064	24
6065	21
6066	25
6067	18
6068	21
6069	19
6070	18
6071	15
6072	22
6073	21
6074	17
6075	25
6076	18
6077	20
6078	21
6079	16
6080	15
6081	26
6082	15
6083	17
6084	29
6085	18
6086	22
6087	16
6088	22
6089	18
6090	25
6091	28
6092	21
6093	19
6094	22
6095	26
6096	27
6097	18
6098	20
6099	14
6100	33
6101	21
6102	23
6103	12
6104	20
6105	23
6106	19
6107	21
6108	10
6109	11
6110	16
6111	23
6112	20
6113	16
6114	26
6115	19
6116	15
6117	17
6118	27
6119	27
6120	23
6121	21
6122	17
6123	15
6124	20
6125	16
6126	13
6127	19
6128	16
6129	29
6130	22
6131	10
6132	17
6133	18
6134	16
6135	18
6136	23
6137	14
6138	18
6139	15
6140	19
6141	15
6142	24
6143	19
6144	19
6145	16
6146	15
6147	15
6148	10
6149	17
6150	17
6151	4
6152	24
6153	21
6154	18
6155	17
6156	22
6157	13
6158	26
6159	12
6160	17
6161	17
6162	13
6163	22
6164	19
6165	15
6166	21
6167	19
6168	17
6169	18
6170	14
6171	12
6172	19
6173	11
6174	24
6175	18
6176	17
6177	26
6178	21
6179	18
6180	16
6181	15
6182	23
6183	20
6184	19
6185	14
6186	18
6187	21
6188	13
6189	12
6190	19
6191	15
6192	22
6193	24
6194	16
6195	28
6196	23
6197	26
6198	33
6199	29
6200	29
6201	31
6202	26
6203	27
6204	29
6205	20
6206	18
6207	23
6208	12
6209	20
6210	24
6211	15
6212	19
6213	15
6214	16
6215	8
6216	14
6217	13
6218	16
6219	15
6220	20
6221	19
6222	17
6223	21
6224	10
6225	20
6226	16
6227	23
6228	16
6229	16
6230	13
6231	12
6232	13
6233	12
6234	13
6235	12
6236	12
6237	20
6238	15
6239	16
6240	10
6241	16
6242	9
6243	18
6244	7
6245	13
6246	13
6247	9
6248	21
6249	12
6250	14
6251	15
6252	13
6253	11
6254	15
6255	12
6256	19
6257	17
6258	18
6259	25
6260	23
6261	19
6262	19
6263	10
6264	17
6265	15
6266	18
6267	15
6268	20
6269	9
6270	9
6271	18
6272	15
6273	15
6274	15
6275	13
6276	9
6277	15
6278	11
6279	15
6280	17
6281	13
6282	12
6283	16
6284	11
6285	10
6286	10
6287	9
6288	12
6289	14
6290	12
6291	17
6292	10
6293	13
6294	15
6295	11
6296	7
6297	15
6298	18
6299	16
6300	11
6301	8
6302	14
6303	8
6304	13
6305	18
6306	12
6307	9
6308	8
6309	15
6310	7
6311	6
6312	13
6313	13
6314	9
6315	14
6316	13
6317	10
6318	17
6319	13
6320	13
6321	19
6322	13
6323	12
6324	10
6325	18
6326	13
6327	11
6328	8
6329	11
6330	10
6331	14
6332	13
6333	9
6334	13
6335	14
6336	15
6337	12
6338	13
6339	10
6340	6
6341	11
6342	12
6343	11
6344	9
6345	11
6346	12
6347	7
6348	15
6349	12
6350	9
6351	16
6352	12
6353	9
6354	7
6355	9
6356	9
6357	14
6358	10
6359	10
6360	11
6361	8
6362	8
6363	3
6364	15
6365	13
6366	9
6367	11
6368	13
6369	11
6370	7
6371	10
6372	7
6373	13
6374	5
6375	8
6376	10
6377	6
6378	8
6379	10
6380	9
6381	12
6382	7
6383	8
6384	9
6385	10
6386	12
6387	11
6388	15
6389	12
6390	9
6391	9
6392	9
6393	9
6394	12
6395	11
6396	11
6397	9
6398	8
6399	7
6400	15
6401	6
6402	18
6403	15
6404	8
6405	12
6406	10
6407	11
6408	7
6409	13
6410	12
6411	15
6412	17
6413	16
6414	21
6415	22
6416	18
6417	15
6418	14
6419	17
6420	12
6421	11
6422	5
6423	8
6424	14
6425	12
6426	11
6427	9
6428	11
6429	10
6430	13
6431	6
6432	13
6433	7
6434	13
6435	13
6436	22
6437	37
6438	27
6439	41
6440	52
6441	69
6442	103
6443	115
6444	122
6445	131
6446	150
6447	156
6448	133
6449	117
6450	84
6451	67
6452	52
6453	37
6454	24
6455	14
6456	16
6457	10
6458	11
6459	9
6460	9
6461	13
6462	5
6463	10
6464	11
6465	9
6466	8
6467	12
6468	5
6469	8
6470	5
6471	7
6472	12
6473	4
6474	6
6475	6
6476	9
6477	9
6478	6
6479	6
6480	7
6481	7
6482	8
6483	4
6484	7
6485	6
6486	5
6487	2
6488	7
6489	10
6490	4
6491	10
6492	4
6493	9
6494	6
6495	8
6496	5
6497	7
6498	4
6499	7
6500	9
6501	9
6502	4
6503	7
6504	7
6505	5
6506	4
6507	5
6508	9
6509	6
6510	12
6511	9
6512	6
6513	3
6514	5
6515	5
6516	6
6517	6
6518	10
6519	5
6520	11
6521	7
6522	6
6523	6
6524	7
6525	7
6526	6
6527	5
6528	4
6529	4
6530	6
6531	5
6532	8
6533	6
6534	6
6535	4
6536	5
6537	8
6538	5
6539	4
6540	7
6541	3
6542	4
6543	10
6544	3
6545	6
6546	5
6547	6
6548	4
6549	5
6550	6
6551	5
6552	6
6553	4
6554	7
6555	9
6556	6
6557	2
6558	6
6559	3
6560	4
6561	10
6562	5
6563	5
6564	4
6565	1
6566	5
6567	3
6568	3
6569	5
6570	4
6571	6
6572	8
6573	4
6574	5
6575	4
6576	6
6577	2
6578	6
6579	1
6580	6
6581	6
6582	4
6583	6
6584	6
6585	6
6586	8
6587	5
6588	3
6589	9
6590	4
6591	6
6592	8
6593	5
6594	11
6595	1
6596	6
6597	5
6598	4
6599	3
6600	6
6601	5
6602	5
6603	6
6604	8
6605	7
6606	10
6607	3
6608	7
6609	5
6610	6
6611	9
6612	2
6613	5
6614	13
6615	8
6616	2
6617	11
6618	9
6619	6
6620	8
6621	4
6622	4
6623	7
6624	7
6625	4
6626	4
6627	2
6628	5
6629	8
6630	7
6631	5
6632	4
6633	3
6634	3
6635	3
6636	3
6637	5
6638	8
6639	10
6640	6
6641	2
6642	2
6643	3
6644	6
6645	4
6646	6
6647	3
6648	4
6649	3
6650	6
6651	2
6652	5
6653	4
6654	2
6655	2
6656	4
6657	4
6658	5
6659	3
6660	6
6661	7
6662	7
6663	4
6664	3
6665	7
6666	2
6667	5
6668	5
6669	10
6670	5
6671	2
6672	4
6673	7
6674	5
6675	1
6676	4
6677	5
6678	8
6679	2
6680	6
6681	4
6682	8
6683	4
6684	5
6685	4
6686	5
6687	7
6688	4
6689	5
6690	3
6691	6
6692	7
6693	4
6694	4
6695	3
6696	7
6697	5
6698	4
6699	1
6700	3
6701	6
6702	8
6703	6
6704	6
6705	0
6706	3
6707	7
6708	4
6709	5
6710	8
6711	7
6712	4
6713	9
6714	5
6715	4
6716	3
6717	4
6718	6
6719	6
6720	5
6721	7
6722	4
6723	4
6724	10
6725	4
6726	3
6727	4
6728	7
6729	10
6730	3
6731	4
6732	7
6733	2
6734	3
6735	1
6736	3
6737	9
6738	6
6739	6
6740	8
6741	3
6742	2
6743	5
6744	8
6745	3
6746	6
6747	4
6748	4
6749	6
6750	4
6751	2
6752	6
6753	4
6754	3
6755	6
6756	7
6757	2
6758	4
6759	4
6760	6
6761	5
6762	4
6763	8
6764	7
6765	5
6766	8
6767	6
6768	8
6769	6
6770	2
6771	7
6772	5
6773	9
6774	1
6775	3
6776	2
6777	6
6778	3
6779	4
6780	5
6781	2
6782	7
6783	5
6784	1
6785	3
6786	1
6787	4
6788	3
6789	0
6790	3
6791	4
6792	2
6793	3
6794	8
6795	4
6796	1
6797	4
6798	2
6799	3
6800	4
6801	5
6802	5
6803	2
6804	4
6805	4
6806	6
6807	6
6808	4
6809	6
6810	7
6811	4
6812	1
6813	4
6814	3
6815	5
6816	3
6817	3
6818	4
6819	7
6820	6
6821	5
6822	5
6823	3
6824	2
6825	5
6826	5
6827	8
6828	4
6829	1
6830	6
6831	4
6832	5
6833	6
6834	9
6835	7
6836	7
6837	4
6838	7
6839	8
6840	7
6841	2
6842	2
6843	2
6844	5
6845	3
6846	2
6847	4
6848	6
6849	2
6850	5
6851	7
6852	1
6853	5
6854	7
6855	5
6856	1
6857	4
6858	2
6859	5
6860	3
6861	2
6862	7
6863	1
6864	4
6865	8
6866	5
6867	1
6868	5
6869	4
6870	0
6871	6
6872	3
6873	4
6874	5
6875	4
6876	7
6877	3
6878	1
6879	4
6880	7
6881	3
6882	5
6883	3
6884	5
6885	6
6886	3
6887	8
6888	4
6889	6
6890	5
6891	3
6892	3
6893	4
6894	3
6895	2
6896	2
6897	8
6898	8
6899	1
6900	1
6901	6
6902	2
6903	8
6904	5
6905	2
6906	3
6907	7
6908	6
6909	6
6910	3
6911	1
6912	6
6913	8
6914	10
6915	5
6916	3
6917	7
6918	4
6919	3
6920	2
6921	1
6922	6
6923	2
6924	3
6925	4
6926	10
6927	8
6928	5
6929	4
6930	4
6931	3
6932	6
6933	3
6934	2
6935	6
6936	6
6937	5
6938	6
6939	4
6940	4
6941	2
6942	5
6943	5
6944	7
6945	5
6946	2
6947	7
6948	4
6949	8
6950	7
6951	5
6952	6
6953	4
6954	12
6955	6
6956	6
6957	9
6958	7
6959	6
6960	5
6961	5
6962	8
6963	6
6964	7
6965	8
6966	3
6967	5
6968	7
6969	9
6970	9
6971	10
6972	13
6973	24
6974	37
6975	37
6976	74
6977	93
6978	139
6979	176
6980	314
6981	418
6982	655
6983	786
6984	1019
6985	1204
6986	1437
6987	1556
6988	1575
6989	1596
6990	1409
6991	1179
6992	941
6993	681
6994	501
6995	307
6996	196
6997	105
6998	74
6999	41
7000	21
7001	15
7002	12
7003	14
7004	6
7005	12
7006	9
7007	0
7008	7
7009	3
7010	7
7011	6
7012	4
7013	4
7014	5
7015	7
7016	5
7017	10
7018	5
7019	2
7020	8
7021	4
7022	9
7023	4
7024	2
7025	5
7026	3
7027	4
7028	4
7029	4
7030	2
7031	7
7032	3
7033	4
7034	3
7035	7
7036	6
7037	3
7038	4
7039	4
7040	4
7041	6
7042	3
7043	2
7044	6
7045	0
7046	4
7047	1
7048	3
7049	4
7050	4
7051	5
7052	4
7053	2
7054	3
7055	1
7056	6
7057	4
7058	3
7059	4
7060	2
7061	2
7062	3
7063	0
7064	2
7065	1
7066	1
7067	2
7068	2
7069	2
7070	2
7071	2
7072	5
7073	3
7074	5
7075	6
7076	5
7077	3
7078	2
7079	2
7080	5
7081	3
7082	4
7083	2
7084	7
7085	4
7086	3
7087	3
7088	2
7089	1
7090	3
7091	4
7092	0
7093	2
7094	3
7095	6
7096	5
7097	2
7098	3
7099	3
7100	3
7101	4
7102	4
7103	1
7104	0
7105	2
7106	1
7107	2
7108	4
7109	3
7110	2
7111	2
7112	4
7113	3
7114	4
7115	3
7116	4
7117	1
7118	4
7119	2
7120	2
7121	1
7122	3
7123	2
7124	3
7125	3
7126	3
7127	5
7128	2
7129	2
7130	4
7131	1
7132	0
7133	6
7134	1
7135	4
7136	4
7137	2
7138	3
7139	4
7140	6
7141	2
7142	5
7143	2
7144	0
7145	4
7146	0
7147	1
7148	2
7149	2
7150	4
7151	1
7152	0
7153	1
7154	1
7155	3
7156	0
7157	1
7158	2
7159	1
7160	2
7161	2
7162	2
7163	1
7164	1
7165	2
7166	3
7167	2
7168	3
7169	1
7170	0
7171	1
7172	1
7173	0
7174	2
7175	2
7176	1
7177	4
7178	4
7179	4
7180	2
7181	5
7182	0
7183	3
7184	0
7185	3
7186	2
7187	2
7188	1
7189	0
7190	0
7191	2
7192	4
7193	2
7194	1
7195	0
7196	2
7197	0
7198	3
7199	1
7200	4
7201	1
7202	0
7203	1
7204	1
7205	1
7206	6
7207	0
7208	0
7209	1
7210	3
7211	3
7212	5
7213	2
7214	1
7215	2
7216	3
7217	3
7218	2
7219	1
7220	1
7221	1
7222	1
7223	7
7224	4
7225	8
7226	10
7227	12
7228	17
7229	15
7230	29
7231	30
7232	20
7233	35
7234	33
7235	42
7236	45
7237	28
7238	28
7239	35
7240	17
7241	25
7242	20
7243	24
7244	23
7245	29
7246	35
7247	44
7248	45
7249	48
7250	61
7251	53
7252	42
7253	45
7254	39
7255	29
7256	25
7257	27
7258	8
7259	9
7260	5
7261	4
7262	3
7263	3
7264	4
7265	0
7266	2
7267	2
7268	4
7269	3
7270	2
7271	5
7272	1
7273	5
7274	1
7275	2
7276	3
7277	1
7278	4
7279	3
7280	3
7281	1
7282	1
7283	1
7284	5
7285	1
7286	2
7287	1
7288	1
7289	5
7290	3
7291	1
7292	3
7293	1
7294	4
7295	2
7296	0
7297	0
7298	0
7299	1
7300	1
7301	3
7302	1
7303	2
7304	3
7305	1
7306	1
7307	1
7308	1
7309	0
7310	1
7311	2
7312	4
7313	1
7314	3
7315	1
7316	1
7317	3
7318	3
7319	1
7320	3
7321	3
7322	2
7323	3
7324	2
7325	1
7326	1
7327	2
7328	3
7329	1
7330	2
7331	0
7332	1
7333	1
7334	2
7335	3
7336	3
7337	1
7338	2
7339	0
7340	2
7341	1
7342	2
7343	1
7344	0
7345	2
7346	3
7347	0
7348	1
7349	5
7350	1
7351	3
7352	1
7353	3
7354	1
7355	1
7356	1
7357	0
7358	0
7359	2
7360	2
7361	1
7362	3
7363	3
7364	2
7365	2
7366	0
7367	5
7368	0
7369	1
7370	0
7371	0
7372	0
7373	1
7374	0
7375	0
7376	1
7377	4
7378	3
7379	3
7380	1
7381	0
7382	3
7383	0
7384	5
7385	0
7386	3
7387	2
7388	4
7389	1
7390	3
7391	0
7392	1
7393	0
7394	2
7395	0
7396	0
7397	1
7398	4
7399	1
7400	2
7401	2
7402	3
7403	2
7404	2
7405	3
7406	0
7407	2
7408	4
7409	5
7410	2
7411	2
7412	2
7413	3
7414	0
7415	3
7416	1
7417	3
7418	0
7419	3
7420	2
7421	2
7422	1
7423	2
7424	3
7425	0
7426	1
7427	3
7428	2
7429	4
7430	1
7431	2
7432	1
7433	2
7434	4
7435	2
7436	3
7437	1
7438	0
7439	1
7440	2
7441	2
7442	3
7443	3
7444	0
7445	2
7446	0
7447	2
7448	1
7449	1
7450	1
7451	2
7452	2
7453	2
7454	2
7455	4
7456	3
7457	2
7458	0
7459	2
7460	0
7461	1
7462	1
7463	2
7464	0
7465	2
7466	3
7467	1
7468	0
7469	2
7470	3
7471	1
7472	1
7473	4
7474	5
7475	1
7476	1
7477	0
7478	1
7479	1
7480	1
7481	3
7482	4
7483	1
7484	2
7485	2
7486	2
7487	2
7488	3
7489	0
7490	2
7491	4
7492	4
7493	3
7494	1
7495	2
7496	0
7497	4
7498	0
7499	3
7500	5
7501	1
7502	0
7503	3
7504	1
7505	1
7506	2
7507	3
7508	3
7509	1
7510	1
7511	0
7512	2
7513	1
7514	0
7515	0
7516	1
7517	1
7518	0
7519	1
7520	2
7521	4
7522	0
7523	2
7524	4
7525	1
7526	2
7527	2
7528	3
7529	4
7530	1
7531	1
7532	2
7533	2
7534	2
7535	1
7536	1
7537	3
7538	1
7539	4
7540	1
7541	1
7542	2
7543	1
7544	1
7545	1
7546	2
7547	2
7548	1
7549	1
7550	1
7551	0
7552	0
7553	0
7554	0
7555	0
7556	1
7557	2
7558	0
7559	0
7560	2
7561	1
7562	6
7563	1
7564	1
7565	0
7566	0
7567	1
7568	0
7569	2
7570	3
7571	2
7572	2
7573	3
7574	4
7575	4
7576	3
7577	7
7578	8
7579	10
7580	8
7581	13
7582	16
7583	5
7584	17
7585	31
7586	15
7587	14
7588	23
7589	14
7590	11
7591	8
7592	10
7593	10
7594	4
7595	6
7596	1
7597	2
7598	1
7599	1
7600	0
7601	2
7602	3
7603	0
7604	0
7605	1
7606	2
7607	0
7608	2
7609	3
7610	0
7611	1
7612	1
7613	0
7614	0
7615	0
7616	1
7617	1
7618	0
7619	3
7620	2
7621	1
7622	4
7623	1
7624	2
7625	3
7626	1
7627	0
7628	3
7629	1
7630	0
7631	2
7632	0
7633	1
7634	3
7635	2
7636	0
7637	3
7638	2
7639	0
7640	2
7641	0
7642	3
7643	2
7644	1
7645	1
7646	1
7647	0
7648	2
7649	1
7650	1
7651	3
7652	2
7653	4
7654	2
7655	0
7656	0
7657	0
7658	4
7659	1
7660	2
7661	1
7662	2
7663	2
7664	1
7665	1
7666	0
7667	2
7668	1
7669	1
7670	2
7671	2
7672	0
7673	1
7674	1
7675	1
7676	3
7677	0
7678	1
7679	3
7680	0
7681	1
7682	3
7683	1
7684	0
7685	1
7686	2
7687	2
7688	1
7689	1
7690	1
7691	1
7692	0
7693	2
7694	1
7695	1
7696	0
7697	2
7698	0
7699	0
7700	0
7701	1
7702	0
7703	1
7704	3
7705	0
7706	0
7707	0
7708	1
7709	1
7710	0
7711	0
7712	2
7713	0
7714	0
7715	0
7716	0
7717	1
7718	1
7719	0
7720	2
7721	1
7722	1
7723	0
7724	1
7725	1
7726	0
7727	0
7728	4
7729	0
7730	1
7731	0
7732	0
7733	0
7734	1
7735	0
7736	0
7737	1
7738	1
7739	1
7740	2
7741	1
7742	2
7743	1
7744	3
7745	1
7746	1
7747	1
7748	2
7749	2
7750	0
7751	3
7752	0
7753	0
7754	1
7755	2
7756	2
7757	0
7758	0
7759	1
7760	2
7761	1
7762	1
7763	1
7764	0
7765	0
7766	0
7767	1
7768	0
7769	1
7770	0
7771	0
7772	1
7773	2
7774	0
7775	0
7776	1
7777	0
7778	0
7779	0
7780	0
7781	2
7782	2
7783	0
7784	1
7785	0
7786	0
7787	1
7788	1
7789	0
7790	0
7791	0
7792	2
7793	0
7794	0
7795	0
7796	2
7797	1
7798	0
7799	2
7800	0
7801	1
7802	1
7803	0
7804	1
7805	0
7806	2
7807	0
7808	1
7809	0
7810	0
7811	1
7812	0
7813	1
7814	1
7815	0
7816	0
7817	0
7818	0
7819	3
7820	0
7821	0
7822	0
7823	3
7824	1
7825	1
7826	1
7827	0
7828	1
7829	0
7830	1
7831	1
7832	0
7833	0
7834	1
7835	0
7836	2
7837	0
7838	0
7839	1
7840	2
7841	0
7842	2
7843	1
7844	1
7845	2
7846	1
7847	3
7848	3
7849	1
7850	1
7851	0
7852	3
7853	3
7854	1
7855	2
7856	3
7857	1
7858	0
7859	1
7860	2
7861	2
7862	0
7863	1
7864	1
7865	0
7866	1
7867	0
7868	0
7869	1
7870	0
7871	0
7872	1
7873	1
7874	1
7875	0
7876	0
7877	1
7878	1
7879	2
7880	2
7881	1
7882	0
7883	2
7884	1
7885	1
7886	1
7887	0
7888	3
7889	1
7890	1
7891	0
7892	1
7893	0
7894	0
7895	0
7896	0
7897	0
7898	0
7899	1
7900	0
7901	2
7902	1
7903	1
7904	1
7905	2
7906	3
7907	4
7908	2
7909	4
7910	1
7911	1
7912	1
7913	2
7914	0
7915	2
7916	0
7917	4
7918	1
7919	0
7920	0
7921	0
7922	0
7923	1
7924	2
7925	1
7926	0
7927	2
7928	1
7929	0
7930	0
7931	1
7932	0
7933	1
7934	1
7935	0
7936	1
7937	0
7938	0
7939	0
7940	1
7941	1
7942	0
7943	2
7944	2
7945	1
7946	1
7947	1
7948	0
7949	0
7950	0
7951	1
7952	0
7953	0
7954	0
7955	0
7956	0
7957	0
7958	1
7959	0
7960	2
7961	1
7962	1
7963	3
7964	2
7965	1
7966	0
7967	0
7968	2
7969	2
7970	2
7971	2
7972	0
7973	3
7974	2
7975	1
7976	1
7977	0
7978	2
7979	0
7980	1
7981	1
7982	1
7983	2
7984	1
7985	2
7986	2
7987	6
7988	0
7989	2
7990	1
7991	2
7992	0
7993	0
7994	0
7995	3
7996	2
7997	1
7998	0
7999	1
8000	2
8001	0
8002	1
8003	2
8004	1
8005	0
8006	0
8007	2
8008	0
8009	0
8010	0
8011	0
8012	0
8013	0
8014	0
8015	1
8016	2
8017	0
8018	0
8019	0
8020	2
8021	0
8022	0
8023	1
8024	2
8025	0
8026	1
8027	0
8028	1
8029	0
8030	1
8031	1
8032	0
8033	0
8034	1
8035	1
8036	0
8037	2
8038	0
8039	1
8040	1
8041	3
8042	5
8043	1
8044	0
8045	5
8046	2
8047	2
8048	4
8049	1
8050	2
8051	1
8052	3
8053	0
8054	1
8055	0
8056	0
8057	0
8058	1
8059	2
8060	0
8061	0
8062	0
8063	0
8064	1
8065	1
8066	0
8067	1
8068	1
8069	0
8070	0
8071	1
8072	0
8073	1
8074	0
8075	2
8076	3
8077	0
8078	0
8079	1
8080	1
8081	1
8082	2
8083	1
8084	1
8085	0
8086	1
8087	2
8088	1
8089	0
8090	1
8091	0
8092	1
8093	1
8094	4
8095	2
8096	1
8097	0
8098	1
8099	0
8100	0
8101	3
8102	0
8103	0
8104	0
8105	0
8106	1
8107	2
8108	0
8109	1
8110	1
8111	1
8112	1
8113	1
8114	0
8115	1
8116	2
8117	1
8118	0
8119	1
8120	1
8121	1
8122	0
8123	1
8124	2
8125	2
8126	1
8127	1
8128	2
8129	1
8130	1
8131	3
8132	1
8133	0
8134	0
8135	0
8136	0
8137	2
8138	0
8139	0
8140	0
8141	0
8142	1
8143	1
8144	0
8145	0
8146	2
8147	0
8148	0
8149	0
8150	1
8151	2
8152	3
8153	0
8154	0
8155	0
8156	1
8157	0
8158	2
8159	2
8160	1
8161	0
8162	1
8163	2
8164	1
8165	0
8166	1
8167	1
8168	1
8169	2
8170	1
8171	1
8172	1
8173	3
8174	1
8175	1
8176	3
8177	2
8178	0
8179	0
8180	0
8181	0
8182	0
8183	0
8184	0
8185	0
8186	0
8187	0
8188	0
8189	0
8190	0
8191	0
