0	0
1	0
2	0
3	0
4	0
5	0
6	0
7	0
8	0
9	0
10	0
11	0
12	0
13	0
14	0
15	0
16	0
17	0
18	0
19	0
20	0
21	0
22	0
23	0
24	0
25	0
26	0
27	0
28	0
29	0
30	0
31	0
32	0
33	0
34	0
35	0
36	0
37	0
38	0
39	0
40	0
41	0
42	0
43	0
44	0
45	0
46	0
47	0
48	0
49	1
50	0
51	0
52	1
53	3
54	32
55	76
56	122
57	111
58	91
59	84
60	77
61	71
62	67
63	52
64	67
65	53
66	45
67	59
68	60
69	62
70	75
71	48
72	49
73	51
74	62
75	65
76	70
77	67
78	57
79	64
80	64
81	55
82	69
83	54
84	59
85	46
86	58
87	65
88	67
89	58
90	48
91	57
92	64
93	59
94	55
95	56
96	50
97	63
98	43
99	55
100	56
101	55
102	50
103	48
104	41
105	53
106	57
107	40
108	51
109	41
110	57
111	64
112	61
113	42
114	54
115	52
116	60
117	44
118	44
119	47
120	47
121	51
122	53
123	70
124	64
125	51
126	58
127	56
128	48
129	58
130	52
131	45
132	45
133	49
134	50
135	39
136	46
137	46
138	56
139	46
140	47
141	47
142	51
143	60
144	45
145	50
146	55
147	41
148	49
149	41
150	58
151	50
152	60
153	41
154	55
155	42
156	56
157	59
158	49
159	49
160	48
161	39
162	48
163	56
164	39
165	62
166	43
167	51
168	49
169	46
170	47
171	52
172	34
173	50
174	44
175	45
176	55
177	63
178	60
179	55
180	56
181	52
182	42
183	51
184	51
185	39
186	44
187	51
188	57
189	35
190	40
191	61
192	47
193	59
194	41
195	46
196	48
197	45
198	47
199	45
200	43
201	55
202	42
203	42
204	46
205	55
206	56
207	44
208	51
209	52
210	48
211	38
212	53
213	48
214	62
215	43
216	45
217	44
218	51
219	47
220	43
221	58
222	46
223	41
224	39
225	61
226	40
227	45
228	43
229	51
230	52
231	54
232	59
233	47
234	55
235	48
236	44
237	51
238	50
239	52
240	61
241	44
242	46
243	59
244	59
245	44
246	42
247	48
248	43
249	63
250	51
251	47
252	51
253	49
254	50
255	57
256	40
257	60
258	59
259	50
260	69
261	60
262	50
263	53
264	45
265	66
266	61
267	65
268	59
269	66
270	48
271	61
272	54
273	72
274	59
275	60
276	62
277	52
278	62
279	61
280	60
281	59
282	61
283	61
284	63
285	68
286	68
287	76
288	68
289	58
290	62
291	56
292	65
293	71
294	78
295	69
296	66
297	53
298	87
299	65
300	75
301	70
302	60
303	61
304	74
305	59
306	58
307	56
308	67
309	54
310	66
311	96
312	66
313	67
314	77
315	72
316	80
317	73
318	73
319	79
320	87
321	70
322	73
323	66
324	74
325	71
326	73
327	81
328	73
329	78
330	77
331	71
332	84
333	90
334	85
335	80
336	75
337	71
338	100
339	77
340	84
341	72
342	82
343	70
344	83
345	106
346	83
347	90
348	97
349	98
350	109
351	73
352	81
353	81
354	98
355	80
356	88
357	86
358	88
359	108
360	66
361	87
362	98
363	96
364	89
365	84
366	74
367	69
368	91
369	87
370	90
371	97
372	78
373	87
374	83
375	98
376	93
377	78
378	72
379	85
380	100
381	85
382	82
383	81
384	86
385	90
386	96
387	97
388	115
389	101
390	96
391	90
392	83
393	100
394	96
395	94
396	106
397	102
398	91
399	78
400	92
401	87
402	94
403	108
404	77
405	98
406	102
407	94
408	79
409	85
410	86
411	102
412	93
413	107
414	103
415	101
416	95
417	90
418	116
419	104
420	84
421	90
422	111
423	108
424	92
425	100
426	80
427	94
428	95
429	97
430	95
431	95
432	96
433	108
434	86
435	83
436	90
437	98
438	99
439	103
440	104
441	96
442	98
443	94
444	102
445	97
446	87
447	105
448	100
449	91
450	84
451	105
452	99
453	98
454	104
455	101
456	93
457	116
458	85
459	101
460	82
461	101
462	98
463	108
464	92
465	101
466	106
467	90
468	93
469	92
470	93
471	113
472	95
473	102
474	98
475	119
476	113
477	109
478	105
479	107
480	93
481	91
482	116
483	116
484	89
485	89
486	97
487	109
488	120
489	87
490	109
491	85
492	100
493	120
494	90
495	92
496	97
497	101
498	93
499	87
500	99
501	79
502	81
503	95
504	97
505	98
506	104
507	98
508	85
509	92
510	108
511	108
512	99
513	82
514	113
515	114
516	87
517	104
518	87
519	108
520	94
521	106
522	97
523	107
524	93
525	101
526	100
527	86
528	97
529	105
530	105
531	83
532	110
533	90
534	108
535	83
536	98
537	82
538	101
539	91
540	106
541	94
542	109
543	91
544	93
545	107
546	103
547	83
548	91
549	113
550	96
551	90
552	98
553	83
554	86
555	86
556	93
557	91
558	99
559	102
560	75
561	96
562	101
563	105
564	93
565	97
566	103
567	106
568	92
569	104
570	97
571	80
572	99
573	87
574	72
575	103
576	81
577	107
578	87
579	110
580	135
581	142
582	184
583	199
584	188
585	167
586	120
587	118
588	91
589	86
590	103
591	83
592	78
593	106
594	98
595	79
596	86
597	82
598	92
599	105
600	98
601	88
602	75
603	88
604	88
605	94
606	85
607	101
608	100
609	89
610	88
611	86
612	94
613	73
614	94
615	84
616	87
617	72
618	80
619	92
620	101
621	97
622	95
623	90
624	87
625	89
626	91
627	89
628	94
629	82
630	85
631	69
632	94
633	104
634	98
635	71
636	90
637	96
638	97
639	83
640	78
641	64
642	84
643	72
644	74
645	73
646	73
647	95
648	77
649	72
650	70
651	83
652	97
653	73
654	76
655	80
656	82
657	69
658	89
659	80
660	81
661	93
662	75
663	79
664	74
665	83
666	81
667	72
668	72
669	103
670	67
671	71
672	74
673	78
674	70
675	60
676	84
677	65
678	90
679	76
680	75
681	66
682	74
683	65
684	78
685	70
686	81
687	69
688	79
689	57
690	80
691	93
692	89
693	64
694	73
695	67
696	83
697	75
698	85
699	62
700	81
701	81
702	80
703	66
704	77
705	97
706	71
707	69
708	67
709	73
710	88
711	77
712	62
713	71
714	81
715	72
716	61
717	75
718	75
719	76
720	71
721	91
722	76
723	81
724	70
725	71
726	65
727	69
728	76
729	77
730	54
731	81
732	76
733	85
734	81
735	77
736	79
737	82
738	70
739	73
740	78
741	73
742	62
743	66
744	67
745	81
746	73
747	78
748	74
749	56
750	63
751	65
752	71
753	71
754	67
755	83
756	71
757	57
758	55
759	67
760	68
761	56
762	65
763	61
764	63
765	66
766	69
767	61
768	79
769	79
770	77
771	69
772	67
773	82
774	80
775	60
776	58
777	67
778	58
779	62
780	72
781	51
782	56
783	49
784	72
785	50
786	66
787	61
788	60
789	61
790	63
791	75
792	53
793	65
794	54
795	56
796	55
797	86
798	60
799	68
800	62
801	63
802	67
803	64
804	69
805	65
806	62
807	46
808	53
809	73
810	60
811	57
812	65
813	65
814	73
815	51
816	49
817	56
818	56
819	74
820	52
821	71
822	46
823	58
824	54
825	67
826	75
827	50
828	64
829	50
830	52
831	56
832	53
833	75
834	43
835	61
836	68
837	59
838	51
839	49
840	61
841	60
842	46
843	48
844	74
845	55
846	52
847	56
848	65
849	46
850	60
851	59
852	53
853	52
854	46
855	52
856	48
857	60
858	59
859	56
860	62
861	48
862	57
863	60
864	66
865	47
866	85
867	52
868	60
869	64
870	63
871	65
872	60
873	44
874	45
875	59
876	42
877	41
878	53
879	61
880	59
881	63
882	61
883	52
884	49
885	62
886	48
887	65
888	50
889	48
890	56
891	50
892	52
893	50
894	55
895	40
896	69
897	57
898	59
899	50
900	47
901	65
902	59
903	47
904	68
905	57
906	51
907	75
908	52
909	59
910	44
911	53
912	42
913	42
914	63
915	45
916	52
917	48
918	59
919	47
920	46
921	52
922	43
923	40
924	43
925	54
926	52
927	53
928	47
929	51
930	48
931	46
932	51
933	53
934	61
935	51
936	57
937	49
938	41
939	53
940	50
941	41
942	34
943	50
944	59
945	51
946	46
947	51
948	47
949	48
950	50
951	54
952	47
953	47
954	41
955	49
956	43
957	58
958	59
959	26
960	52
961	32
962	49
963	50
964	45
965	46
966	43
967	49
968	51
969	41
970	49
971	37
972	53
973	31
974	39
975	41
976	41
977	44
978	39
979	45
980	39
981	46
982	48
983	52
984	42
985	35
986	45
987	35
988	43
989	46
990	38
991	40
992	37
993	38
994	39
995	54
996	43
997	36
998	47
999	47
1000	40
1001	54
1002	42
1003	37
1004	28
1005	33
1006	48
1007	43
1008	38
1009	37
1010	39
1011	42
1012	40
1013	44
1014	40
1015	46
1016	33
1017	46
1018	46
1019	45
1020	48
1021	39
1022	46
1023	45
1024	43
1025	42
1026	55
1027	38
1028	34
1029	48
1030	46
1031	46
1032	33
1033	40
1034	44
1035	43
1036	47
1037	49
1038	41
1039	41
1040	42
1041	45
1042	36
1043	42
1044	44
1045	41
1046	53
1047	33
1048	36
1049	50
1050	52
1051	32
1052	43
1053	43
1054	44
1055	35
1056	33
1057	48
1058	38
1059	39
1060	38
1061	36
1062	45
1063	43
1064	36
1065	37
1066	43
1067	49
1068	26
1069	39
1070	30
1071	38
1072	38
1073	36
1074	33
1075	29
1076	37
1077	45
1078	37
1079	43
1080	33
1081	44
1082	42
1083	43
1084	43
1085	42
1086	40
1087	27
1088	30
1089	31
1090	32
1091	37
1092	26
1093	39
1094	31
1095	31
1096	38
1097	44
1098	33
1099	35
1100	28
1101	38
1102	29
1103	38
1104	47
1105	49
1106	43
1107	38
1108	30
1109	34
1110	34
1111	34
1112	40
1113	36
1114	26
1115	29
1116	45
1117	32
1118	40
1119	33
1120	36
1121	28
1122	42
1123	37
1124	38
1125	49
1126	34
1127	41
1128	47
1129	38
1130	40
1131	24
1132	32
1133	37
1134	28
1135	43
1136	34
1137	41
1138	46
1139	36
1140	35
1141	31
1142	40
1143	39
1144	31
1145	38
1146	45
1147	27
1148	29
1149	34
1150	43
1151	27
1152	35
1153	46
1154	39
1155	40
1156	35
1157	30
1158	33
1159	31
1160	36
1161	33
1162	37
1163	57
1164	68
1165	99
1166	82
1167	82
1168	65
1169	49
1170	36
1171	36
1172	38
1173	38
1174	38
1175	32
1176	34
1177	36
1178	42
1179	40
1180	45
1181	28
1182	51
1183	34
1184	41
1185	37
1186	27
1187	26
1188	29
1189	34
1190	36
1191	26
1192	32
1193	37
1194	34
1195	51
1196	51
1197	59
1198	40
1199	37
1200	39
1201	27
1202	35
1203	30
1204	25
1205	32
1206	16
1207	28
1208	30
1209	30
1210	24
1211	23
1212	27
1213	24
1214	20
1215	28
1216	22
1217	18
1218	29
1219	26
1220	33
1221	28
1222	34
1223	27
1224	36
1225	27
1226	20
1227	27
1228	27
1229	31
1230	32
1231	26
1232	29
1233	24
1234	31
1235	37
1236	24
1237	29
1238	34
1239	30
1240	31
1241	26
1242	20
1243	32
1244	29
1245	21
1246	27
1247	19
1248	28
1249	26
1250	27
1251	30
1252	24
1253	25
1254	32
1255	23
1256	19
1257	33
1258	26
1259	23
1260	23
1261	33
1262	20
1263	20
1264	29
1265	29
1266	17
1267	32
1268	24
1269	30
1270	22
1271	26
1272	26
1273	22
1274	24
1275	18
1276	26
1277	20
1278	29
1279	19
1280	25
1281	27
1282	32
1283	27
1284	34
1285	23
1286	28
1287	31
1288	29
1289	29
1290	22
1291	26
1292	23
1293	36
1294	39
1295	24
1296	23
1297	28
1298	13
1299	20
1300	20
1301	28
1302	19
1303	21
1304	21
1305	30
1306	21
1307	20
1308	18
1309	23
1310	17
1311	26
1312	31
1313	24
1314	24
1315	28
1316	22
1317	24
1318	27
1319	23
1320	35
1321	34
1322	29
1323	28
1324	37
1325	29
1326	39
1327	22
1328	13
1329	20
1330	17
1331	24
1332	28
1333	29
1334	14
1335	29
1336	23
1337	26
1338	13
1339	28
1340	23
1341	14
1342	17
1343	25
1344	26
1345	20
1346	17
1347	24
1348	24
1349	16
1350	16
1351	26
1352	24
1353	18
1354	31
1355	28
1356	24
1357	15
1358	24
1359	20
1360	23
1361	19
1362	18
1363	27
1364	27
1365	28
1366	14
1367	23
1368	20
1369	27
1370	23
1371	22
1372	19
1373	20
1374	32
1375	25
1376	17
1377	17
1378	17
1379	17
1380	25
1381	15
1382	19
1383	25
1384	18
1385	25
1386	26
1387	15
1388	17
1389	22
1390	29
1391	20
1392	15
1393	20
1394	23
1395	18
1396	17
1397	25
1398	21
1399	23
1400	18
1401	28
1402	24
1403	15
1404	20
1405	30
1406	21
1407	14
1408	16
1409	21
1410	18
1411	29
1412	24
1413	20
1414	19
1415	28
1416	20
1417	21
1418	23
1419	18
1420	22
1421	19
1422	22
1423	20
1424	22
1425	23
1426	12
1427	18
1428	24
1429	10
1430	22
1431	18
1432	15
1433	17
1434	28
1435	17
1436	23
1437	20
1438	12
1439	17
1440	18
1441	20
1442	26
1443	14
1444	26
1445	39
1446	36
1447	31
1448	29
1449	40
1450	36
1451	19
1452	26
1453	18
1454	17
1455	26
1456	17
1457	16
1458	21
1459	14
1460	26
1461	19
1462	21
1463	17
1464	18
1465	23
1466	13
1467	23
1468	13
1469	14
1470	24
1471	27
1472	27
1473	27
1474	18
1475	21
1476	22
1477	13
1478	12
1479	16
1480	24
1481	16
1482	16
1483	29
1484	18
1485	15
1486	22
1487	18
1488	19
1489	15
1490	18
1491	16
1492	18
1493	17
1494	24
1495	20
1496	19
1497	15
1498	19
1499	16
1500	17
1501	13
1502	17
1503	19
1504	13
1505	15
1506	19
1507	16
1508	13
1509	14
1510	18
1511	12
1512	16
1513	21
1514	19
1515	18
1516	16
1517	22
1518	16
1519	14
1520	17
1521	20
1522	17
1523	12
1524	19
1525	16
1526	17
1527	19
1528	11
1529	23
1530	16
1531	15
1532	15
1533	15
1534	12
1535	15
1536	22
1537	17
1538	14
1539	24
1540	17
1541	21
1542	11
1543	11
1544	16
1545	19
1546	24
1547	14
1548	17
1549	18
1550	10
1551	10
1552	14
1553	18
1554	15
1555	22
1556	13
1557	10
1558	20
1559	11
1560	9
1561	21
1562	11
1563	25
1564	19
1565	27
1566	18
1567	10
1568	17
1569	27
1570	15
1571	20
1572	15
1573	13
1574	20
1575	23
1576	14
1577	20
1578	16
1579	33
1580	18
1581	21
1582	15
1583	17
1584	23
1585	13
1586	17
1587	18
1588	12
1589	14
1590	13
1591	10
1592	14
1593	17
1594	17
1595	19
1596	17
1597	16
1598	7
1599	21
1600	19
1601	25
1602	18
1603	14
1604	14
1605	16
1606	18
1607	17
1608	18
1609	20
1610	19
1611	24
1612	14
1613	16
1614	16
1615	11
1616	16
1617	20
1618	17
1619	13
1620	21
1621	14
1622	20
1623	13
1624	17
1625	18
1626	16
1627	11
1628	15
1629	8
1630	16
1631	15
1632	13
1633	20
1634	16
1635	23
1636	21
1637	16
1638	27
1639	13
1640	18
1641	14
1642	11
1643	18
1644	8
1645	16
1646	23
1647	15
1648	18
1649	21
1650	14
1651	20
1652	11
1653	26
1654	16
1655	25
1656	12
1657	15
1658	14
1659	11
1660	19
1661	24
1662	22
1663	24
1664	20
1665	17
1666	12
1667	23
1668	17
1669	20
1670	15
1671	21
1672	11
1673	13
1674	22
1675	15
1676	17
1677	14
1678	16
1679	14
1680	10
1681	15
1682	17
1683	12
1684	14
1685	15
1686	23
1687	27
1688	52
1689	53
1690	71
1691	89
1692	79
1693	66
1694	62
1695	39
1696	26
1697	16
1698	21
1699	17
1700	14
1701	13
1702	17
1703	5
1704	16
1705	13
1706	11
1707	13
1708	22
1709	24
1710	10
1711	12
1712	13
1713	19
1714	6
1715	12
1716	8
1717	14
1718	16
1719	21
1720	13
1721	17
1722	10
1723	22
1724	12
1725	18
1726	21
1727	33
1728	41
1729	52
1730	49
1731	37
1732	31
1733	26
1734	23
1735	17
1736	11
1737	22
1738	14
1739	12
1740	10
1741	10
1742	14
1743	9
1744	16
1745	6
1746	12
1747	11
1748	9
1749	12
1750	16
1751	19
1752	11
1753	16
1754	15
1755	13
1756	11
1757	8
1758	9
1759	18
1760	14
1761	9
1762	18
1763	12
1764	13
1765	12
1766	12
1767	15
1768	12
1769	13
1770	13
1771	7
1772	14
1773	11
1774	15
1775	6
1776	11
1777	21
1778	13
1779	13
1780	12
1781	21
1782	7
1783	17
1784	13
1785	10
1786	14
1787	12
1788	14
1789	18
1790	10
1791	9
1792	8
1793	12
1794	13
1795	10
1796	13
1797	10
1798	14
1799	14
1800	12
1801	7
1802	12
1803	16
1804	10
1805	15
1806	15
1807	13
1808	14
1809	11
1810	13
1811	16
1812	16
1813	12
1814	11
1815	11
1816	13
1817	13
1818	11
1819	10
1820	16
1821	15
1822	10
1823	12
1824	15
1825	10
1826	12
1827	10
1828	10
1829	12
1830	9
1831	10
1832	8
1833	8
1834	9
1835	14
1836	13
1837	7
1838	8
1839	10
1840	13
1841	6
1842	13
1843	10
1844	8
1845	14
1846	9
1847	14
1848	9
1849	14
1850	11
1851	9
1852	6
1853	12
1854	9
1855	6
1856	9
1857	13
1858	16
1859	15
1860	8
1861	7
1862	12
1863	17
1864	11
1865	12
1866	8
1867	17
1868	13
1869	6
1870	10
1871	7
1872	12
1873	15
1874	10
1875	11
1876	14
1877	16
1878	10
1879	13
1880	11
1881	18
1882	15
1883	18
1884	11
1885	8
1886	11
1887	10
1888	14
1889	8
1890	10
1891	15
1892	11
1893	11
1894	16
1895	5
1896	15
1897	14
1898	11
1899	11
1900	9
1901	11
1902	7
1903	8
1904	10
1905	12
1906	7
1907	9
1908	15
1909	12
1910	10
1911	14
1912	15
1913	13
1914	8
1915	6
1916	9
1917	14
1918	10
1919	1
1920	10
1921	8
1922	11
1923	5
1924	14
1925	8
1926	9
1927	8
1928	15
1929	16
1930	7
1931	12
1932	9
1933	13
1934	9
1935	8
1936	11
1937	7
1938	15
1939	11
1940	11
1941	13
1942	6
1943	11
1944	9
1945	5
1946	9
1947	6
1948	15
1949	22
1950	8
1951	11
1952	13
1953	7
1954	16
1955	6
1956	10
1957	6
1958	5
1959	9
1960	5
1961	16
1962	12
1963	7
1964	13
1965	9
1966	9
1967	10
1968	11
1969	12
1970	11
1971	15
1972	9
1973	10
1974	12
1975	15
1976	14
1977	12
1978	16
1979	9
1980	13
1981	9
1982	14
1983	10
1984	7
1985	12
1986	12
1987	15
1988	13
1989	7
1990	9
1991	5
1992	10
1993	6
1994	9
1995	13
1996	14
1997	7
1998	8
1999	6
2000	14
2001	6
2002	11
2003	7
2004	10
2005	13
2006	8
2007	9
2008	9
2009	12
2010	16
2011	11
2012	14
2013	13
2014	11
2015	9
2016	14
2017	18
2018	18
2019	16
2020	6
2021	8
2022	8
2023	13
2024	12
2025	15
2026	16
2027	9
2028	14
2029	16
2030	14
2031	11
2032	10
2033	9
2034	8
2035	13
2036	12
2037	6
2038	10
2039	13
2040	6
2041	11
2042	12
2043	11
2044	8
2045	11
2046	10
2047	15
2048	12
2049	7
2050	7
2051	15
2052	9
2053	5
2054	6
2055	10
2056	10
2057	9
2058	9
2059	12
2060	6
2061	8
2062	12
2063	10
2064	7
2065	12
2066	21
2067	6
2068	8
2069	7
2070	9
2071	7
2072	12
2073	8
2074	16
2075	8
2076	10
2077	13
2078	6
2079	5
2080	6
2081	12
2082	7
2083	14
2084	9
2085	7
2086	13
2087	9
2088	13
2089	6
2090	8
2091	3
2092	8
2093	8
2094	9
2095	18
2096	11
2097	13
2098	11
2099	8
2100	8
2101	11
2102	10
2103	12
2104	13
2105	12
2106	8
2107	11
2108	11
2109	8
2110	7
2111	11
2112	5
2113	9
2114	8
2115	8
2116	10
2117	5
2118	8
2119	9
2120	5
2121	9
2122	16
2123	14
2124	13
2125	11
2126	6
2127	8
2128	10
2129	9
2130	12
2131	10
2132	9
2133	6
2134	4
2135	9
2136	10
2137	10
2138	7
2139	11
2140	9
2141	8
2142	11
2143	12
2144	6
2145	11
2146	13
2147	7
2148	9
2149	4
2150	5
2151	9
2152	12
2153	13
2154	13
2155	6
2156	5
2157	10
2158	9
2159	12
2160	5
2161	4
2162	9
2163	12
2164	9
2165	6
2166	12
2167	4
2168	13
2169	14
2170	11
2171	6
2172	9
2173	7
2174	5
2175	7
2176	6
2177	8
2178	10
2179	6
2180	8
2181	6
2182	8
2183	11
2184	15
2185	16
2186	5
2187	15
2188	13
2189	10
2190	10
2191	11
2192	12
2193	13
2194	4
2195	7
2196	13
2197	13
2198	11
2199	3
2200	10
2201	10
2202	6
2203	7
2204	10
2205	8
2206	9
2207	6
2208	9
2209	12
2210	6
2211	7
2212	7
2213	11
2214	4
2215	8
2216	4
2217	8
2218	11
2219	8
2220	5
2221	11
2222	8
2223	11
2224	8
2225	12
2226	7
2227	9
2228	10
2229	9
2230	11
2231	8
2232	8
2233	11
2234	4
2235	12
2236	8
2237	9
2238	9
2239	13
2240	11
2241	9
2242	8
2243	5
2244	13
2245	15
2246	4
2247	5
2248	7
2249	6
2250	8
2251	15
2252	7
2253	8
2254	8
2255	10
2256	12
2257	11
2258	7
2259	11
2260	8
2261	8
2262	3
2263	12
2264	9
2265	6
2266	5
2267	12
2268	13
2269	7
2270	6
2271	11
2272	9
2273	7
2274	4
2275	11
2276	8
2277	13
2278	7
2279	9
2280	10
2281	11
2282	17
2283	11
2284	7
2285	10
2286	5
2287	4
2288	13
2289	9
2290	4
2291	5
2292	8
2293	14
2294	7
2295	10
2296	8
2297	6
2298	6
2299	1
2300	10
2301	8
2302	6
2303	3
2304	5
2305	6
2306	7
2307	5
2308	13
2309	7
2310	4
2311	5
2312	8
2313	13
2314	8
2315	9
2316	3
2317	9
2318	7
2319	9
2320	4
2321	6
2322	7
2323	9
2324	11
2325	14
2326	7
2327	4
2328	6
2329	10
2330	7
2331	5
2332	12
2333	5
2334	7
2335	6
2336	8
2337	11
2338	9
2339	8
2340	12
2341	12
2342	6
2343	8
2344	5
2345	13
2346	10
2347	13
2348	9
2349	11
2350	7
2351	3
2352	9
2353	9
2354	8
2355	11
2356	8
2357	13
2358	8
2359	4
2360	10
2361	9
2362	7
2363	8
2364	8
2365	7
2366	6
2367	7
2368	9
2369	11
2370	5
2371	9
2372	3
2373	3
2374	9
2375	7
2376	3
2377	3
2378	7
2379	9
2380	10
2381	13
2382	6
2383	7
2384	5
2385	4
2386	8
2387	3
2388	7
2389	5
2390	11
2391	7
2392	9
2393	11
2394	11
2395	2
2396	8
2397	9
2398	14
2399	5
2400	5
2401	10
2402	7
2403	10
2404	6
2405	9
2406	7
2407	9
2408	5
2409	10
2410	9
2411	11
2412	7
2413	8
2414	3
2415	7
2416	5
2417	7
2418	5
2419	9
2420	8
2421	6
2422	6
2423	4
2424	7
2425	5
2426	9
2427	9
2428	9
2429	9
2430	5
2431	4
2432	8
2433	7
2434	6
2435	7
2436	5
2437	7
2438	8
2439	3
2440	12
2441	5
2442	7
2443	5
2444	8
2445	3
2446	7
2447	7
2448	10
2449	6
2450	6
2451	7
2452	6
2453	3
2454	7
2455	6
2456	5
2457	6
2458	4
2459	7
2460	13
2461	5
2462	4
2463	2
2464	7
2465	2
2466	3
2467	9
2468	5
2469	5
2470	6
2471	7
2472	7
2473	4
2474	6
2475	9
2476	7
2477	12
2478	10
2479	2
2480	6
2481	8
2482	5
2483	8
2484	10
2485	7
2486	5
2487	10
2488	6
2489	10
2490	4
2491	8
2492	5
2493	5
2494	6
2495	4
2496	4
2497	7
2498	7
2499	10
2500	8
2501	4
2502	8
2503	8
2504	6
2505	7
2506	4
2507	4
2508	7
2509	10
2510	8
2511	9
2512	8
2513	4
2514	8
2515	10
2516	16
2517	10
2518	15
2519	15
2520	11
2521	16
2522	18
2523	11
2524	10
2525	16
2526	5
2527	4
2528	9
2529	3
2530	10
2531	12
2532	4
2533	4
2534	5
2535	12
2536	5
2537	9
2538	6
2539	8
2540	14
2541	6
2542	6
2543	8
2544	4
2545	8
2546	4
2547	7
2548	9
2549	7
2550	9
2551	8
2552	6
2553	6
2554	3
2555	7
2556	7
2557	11
2558	9
2559	4
2560	2
2561	8
2562	1
2563	6
2564	10
2565	3
2566	6
2567	2
2568	3
2569	5
2570	3
2571	6
2572	5
2573	12
2574	9
2575	7
2576	1
2577	8
2578	3
2579	5
2580	5
2581	4
2582	14
2583	8
2584	7
2585	3
2586	6
2587	6
2588	7
2589	6
2590	5
2591	7
2592	7
2593	9
2594	6
2595	13
2596	8
2597	6
2598	4
2599	9
2600	5
2601	9
2602	6
2603	13
2604	9
2605	5
2606	7
2607	9
2608	7
2609	6
2610	5
2611	7
2612	8
2613	4
2614	6
2615	4
2616	8
2617	5
2618	4
2619	7
2620	5
2621	5
2622	6
2623	7
2624	6
2625	4
2626	5
2627	8
2628	10
2629	5
2630	5
2631	8
2632	6
2633	8
2634	5
2635	12
2636	10
2637	6
2638	5
2639	5
2640	4
2641	7
2642	10
2643	7
2644	8
2645	4
2646	5
2647	3
2648	7
2649	3
2650	7
2651	4
2652	6
2653	2
2654	6
2655	6
2656	5
2657	4
2658	5
2659	4
2660	6
2661	5
2662	5
2663	6
2664	4
2665	5
2666	3
2667	6
2668	4
2669	3
2670	4
2671	6
2672	6
2673	7
2674	6
2675	9
2676	10
2677	7
2678	5
2679	7
2680	6
2681	4
2682	6
2683	4
2684	6
2685	4
2686	3
2687	7
2688	11
2689	9
2690	9
2691	6
2692	6
2693	6
2694	10
2695	12
2696	3
2697	4
2698	2
2699	7
2700	5
2701	10
2702	8
2703	7
2704	8
2705	6
2706	2
2707	11
2708	5
2709	8
2710	1
2711	6
2712	4
2713	7
2714	6
2715	11
2716	6
2717	7
2718	7
2719	4
2720	6
2721	7
2722	5
2723	8
2724	3
2725	4
2726	7
2727	8
2728	2
2729	7
2730	2
2731	4
2732	6
2733	5
2734	8
2735	3
2736	9
2737	8
2738	4
2739	3
2740	8
2741	7
2742	8
2743	6
2744	5
2745	5
2746	7
2747	7
2748	6
2749	3
2750	4
2751	5
2752	5
2753	7
2754	4
2755	6
2756	2
2757	3
2758	4
2759	4
2760	5
2761	3
2762	6
2763	3
2764	10
2765	4
2766	4
2767	5
2768	4
2769	8
2770	8
2771	4
2772	5
2773	7
2774	5
2775	4
2776	5
2777	11
2778	6
2779	10
2780	6
2781	6
2782	5
2783	7
2784	7
2785	5
2786	7
2787	6
2788	7
2789	3
2790	5
2791	6
2792	3
2793	1
2794	11
2795	11
2796	3
2797	4
2798	6
2799	5
2800	4
2801	5
2802	6
2803	11
2804	5
2805	7
2806	13
2807	5
2808	4
2809	6
2810	4
2811	6
2812	4
2813	7
2814	6
2815	5
2816	2
2817	5
2818	7
2819	9
2820	5
2821	4
2822	1
2823	6
2824	6
2825	5
2826	7
2827	4
2828	9
2829	11
2830	9
2831	7
2832	8
2833	10
2834	4
2835	5
2836	14
2837	8
2838	7
2839	4
2840	8
2841	7
2842	4
2843	5
2844	3
2845	4
2846	4
2847	11
2848	3
2849	3
2850	6
2851	6
2852	4
2853	7
2854	5
2855	7
2856	7
2857	6
2858	2
2859	9
2860	6
2861	7
2862	7
2863	5
2864	2
2865	7
2866	7
2867	10
2868	6
2869	5
2870	5
2871	3
2872	3
2873	7
2874	13
2875	9
2876	12
2877	21
2878	23
2879	18
2880	23
2881	38
2882	29
2883	26
2884	14
2885	13
2886	4
2887	7
2888	9
2889	5
2890	2
2891	8
2892	7
2893	7
2894	2
2895	5
2896	5
2897	6
2898	6
2899	9
2900	9
2901	5
2902	8
2903	8
2904	5
2905	7
2906	10
2907	7
2908	5
2909	4
2910	4
2911	8
2912	4
2913	5
2914	7
2915	4
2916	4
2917	3
2918	4
2919	5
2920	5
2921	8
2922	5
2923	7
2924	10
2925	6
2926	7
2927	8
2928	7
2929	3
2930	6
2931	2
2932	4
2933	5
2934	5
2935	6
2936	5
2937	4
2938	3
2939	10
2940	2
2941	4
2942	4
2943	9
2944	5
2945	4
2946	3
2947	6
2948	5
2949	1
2950	5
2951	8
2952	4
2953	2
2954	7
2955	3
2956	6
2957	6
2958	1
2959	4
2960	3
2961	2
2962	10
2963	3
2964	4
2965	4
2966	2
2967	7
2968	3
2969	4
2970	6
2971	8
2972	4
2973	7
2974	5
2975	3
2976	5
2977	2
2978	6
2979	4
2980	4
2981	1
2982	5
2983	6
2984	5
2985	5
2986	6
2987	3
2988	3
2989	1
2990	8
2991	7
2992	6
2993	2
2994	6
2995	6
2996	4
2997	8
2998	4
2999	2
3000	4
3001	5
3002	5
3003	6
3004	7
3005	7
3006	8
3007	16
3008	34
3009	23
3010	25
3011	34
3012	37
3013	36
3014	25
3015	11
3016	8
3017	11
3018	8
3019	6
3020	8
3021	7
3022	5
3023	3
3024	3
3025	7
3026	3
3027	6
3028	2
3029	10
3030	4
3031	4
3032	9
3033	3
3034	1
3035	4
3036	3
3037	3
3038	3
3039	4
3040	2
3041	7
3042	6
3043	5
3044	1
3045	8
3046	4
3047	2
3048	4
3049	4
3050	6
3051	4
3052	2
3053	3
3054	6
3055	1
3056	6
3057	4
3058	5
3059	4
3060	10
3061	4
3062	3
3063	5
3064	5
3065	4
3066	3
3067	3
3068	3
3069	7
3070	6
3071	6
3072	5
3073	5
3074	6
3075	7
3076	4
3077	3
3078	4
3079	3
3080	8
3081	5
3082	6
3083	9
3084	5
3085	3
3086	6
3087	1
3088	5
3089	7
3090	2
3091	5
3092	6
3093	6
3094	3
3095	7
3096	5
3097	4
3098	4
3099	7
3100	4
3101	4
3102	5
3103	5
3104	4
3105	7
3106	6
3107	7
3108	7
3109	6
3110	4
3111	0
3112	4
3113	1
3114	5
3115	10
3116	3
3117	5
3118	3
3119	1
3120	4
3121	5
3122	7
3123	4
3124	7
3125	9
3126	3
3127	4
3128	6
3129	4
3130	6
3131	2
3132	1
3133	2
3134	5
3135	4
3136	5
3137	5
3138	3
3139	8
3140	4
3141	5
3142	4
3143	5
3144	5
3145	6
3146	7
3147	5
3148	6
3149	4
3150	2
3151	7
3152	6
3153	8
3154	2
3155	5
3156	1
3157	5
3158	3
3159	2
3160	7
3161	4
3162	4
3163	3
3164	2
3165	2
3166	8
3167	4
3168	2
3169	1
3170	1
3171	3
3172	4
3173	3
3174	4
3175	1
3176	8
3177	1
3178	5
3179	5
3180	6
3181	4
3182	5
3183	6
3184	7
3185	6
3186	2
3187	4
3188	11
3189	5
3190	6
3191	7
3192	5
3193	7
3194	5
3195	5
3196	3
3197	4
3198	1
3199	7
3200	4
3201	1
3202	3
3203	5
3204	6
3205	3
3206	5
3207	4
3208	4
3209	0
3210	3
3211	6
3212	2
3213	2
3214	3
3215	7
3216	3
3217	6
3218	7
3219	3
3220	3
3221	5
3222	4
3223	4
3224	5
3225	6
3226	4
3227	2
3228	6
3229	4
3230	6
3231	10
3232	1
3233	7
3234	7
3235	3
3236	5
3237	5
3238	7
3239	8
3240	4
3241	6
3242	3
3243	3
3244	2
3245	4
3246	7
3247	5
3248	3
3249	7
3250	4
3251	7
3252	9
3253	9
3254	6
3255	0
3256	7
3257	5
3258	3
3259	5
3260	4
3261	5
3262	4
3263	6
3264	6
3265	5
3266	12
3267	19
3268	33
3269	39
3270	32
3271	45
3272	49
3273	52
3274	34
3275	28
3276	20
3277	13
3278	7
3279	5
3280	6
3281	4
3282	6
3283	5
3284	1
3285	6
3286	5
3287	4
3288	4
3289	2
3290	3
3291	5
3292	7
3293	4
3294	6
3295	7
3296	2
3297	8
3298	4
3299	5
3300	8
3301	5
3302	1
3303	2
3304	1
3305	6
3306	0
3307	8
3308	1
3309	8
3310	3
3311	8
3312	3
3313	2
3314	4
3315	3
3316	5
3317	3
3318	2
3319	2
3320	5
3321	4
3322	6
3323	2
3324	5
3325	3
3326	4
3327	1
3328	4
3329	1
3330	6
3331	2
3332	7
3333	3
3334	5
3335	2
3336	4
3337	4
3338	2
3339	4
3340	4
3341	1
3342	1
3343	4
3344	4
3345	5
3346	3
3347	1
3348	8
3349	8
3350	2
3351	4
3352	2
3353	4
3354	5
3355	3
3356	3
3357	4
3358	3
3359	5
3360	3
3361	4
3362	4
3363	3
3364	2
3365	3
3366	4
3367	2
3368	3
3369	2
3370	6
3371	4
3372	4
3373	4
3374	3
3375	4
3376	3
3377	4
3378	7
3379	4
3380	5
3381	8
3382	3
3383	5
3384	2
3385	2
3386	7
3387	3
3388	2
3389	5
3390	6
3391	2
3392	1
3393	8
3394	5
3395	4
3396	1
3397	4
3398	4
3399	3
3400	2
3401	5
3402	3
3403	6
3404	4
3405	6
3406	5
3407	4
3408	8
3409	1
3410	6
3411	7
3412	1
3413	3
3414	2
3415	2
3416	3
3417	1
3418	5
3419	1
3420	4
3421	5
3422	0
3423	4
3424	3
3425	3
3426	4
3427	3
3428	4
3429	4
3430	1
3431	6
3432	3
3433	1
3434	2
3435	4
3436	5
3437	2
3438	4
3439	3
3440	3
3441	3
3442	2
3443	7
3444	4
3445	6
3446	6
3447	5
3448	5
3449	3
3450	5
3451	2
3452	4
3453	3
3454	4
3455	5
3456	2
3457	4
3458	7
3459	6
3460	6
3461	5
3462	1
3463	5
3464	1
3465	7
3466	3
3467	4
3468	4
3469	6
3470	9
3471	3
3472	3
3473	5
3474	4
3475	4
3476	4
3477	4
3478	2
3479	2
3480	3
3481	3
3482	4
3483	3
3484	5
3485	9
3486	3
3487	4
3488	2
3489	4
3490	6
3491	6
3492	1
3493	3
3494	8
3495	2
3496	3
3497	2
3498	5
3499	3
3500	2
3501	2
3502	5
3503	2
3504	3
3505	1
3506	4
3507	8
3508	3
3509	4
3510	3
3511	3
3512	2
3513	3
3514	4
3515	5
3516	2
3517	4
3518	3
3519	2
3520	6
3521	5
3522	3
3523	4
3524	0
3525	8
3526	3
3527	7
3528	6
3529	5
3530	4
3531	3
3532	5
3533	6
3534	5
3535	3
3536	1
3537	3
3538	2
3539	5
3540	1
3541	9
3542	2
3543	1
3544	6
3545	2
3546	4
3547	3
3548	2
3549	4
3550	4
3551	3
3552	0
3553	4
3554	6
3555	3
3556	4
3557	2
3558	11
3559	4
3560	6
3561	4
3562	5
3563	3
3564	4
3565	3
3566	5
3567	0
3568	2
3569	6
3570	4
3571	3
3572	3
3573	2
3574	3
3575	2
3576	5
3577	5
3578	5
3579	2
3580	5
3581	3
3582	3
3583	5
3584	3
3585	4
3586	3
3587	5
3588	4
3589	4
3590	8
3591	3
3592	8
3593	4
3594	8
3595	10
3596	4
3597	6
3598	13
3599	8
3600	9
3601	7
3602	7
3603	5
3604	5
3605	2
3606	2
3607	3
3608	5
3609	4
3610	5
3611	3
3612	3
3613	4
3614	5
3615	5
3616	4
3617	4
3618	1
3619	3
3620	3
3621	4
3622	6
3623	2
3624	2
3625	2
3626	3
3627	4
3628	3
3629	5
3630	2
3631	5
3632	2
3633	3
3634	4
3635	2
3636	3
3637	3
3638	3
3639	7
3640	1
3641	2
3642	5
3643	1
3644	4
3645	6
3646	7
3647	4
3648	2
3649	4
3650	2
3651	3
3652	4
3653	2
3654	6
3655	6
3656	2
3657	6
3658	5
3659	2
3660	6
3661	2
3662	7
3663	6
3664	5
3665	3
3666	5
3667	5
3668	3
3669	3
3670	4
3671	2
3672	4
3673	2
3674	4
3675	8
3676	3
3677	4
3678	3
3679	5
3680	5
3681	3
3682	6
3683	3
3684	6
3685	5
3686	4
3687	6
3688	1
3689	2
3690	2
3691	3
3692	2
3693	7
3694	5
3695	1
3696	0
3697	5
3698	4
3699	3
3700	7
3701	6
3702	5
3703	4
3704	4
3705	1
3706	2
3707	1
3708	4
3709	3
3710	5
3711	5
3712	3
3713	3
3714	4
3715	0
3716	2
3717	3
3718	3
3719	3
3720	3
3721	4
3722	2
3723	3
3724	4
3725	2
3726	1
3727	2
3728	4
3729	3
3730	2
3731	0
3732	7
3733	4
3734	2
3735	3
3736	6
3737	3
3738	6
3739	3
3740	5
3741	4
3742	5
3743	3
3744	6
3745	7
3746	3
3747	6
3748	4
3749	6
3750	3
3751	2
3752	3
3753	2
3754	2
3755	3
3756	5
3757	3
3758	1
3759	5
3760	3
3761	2
3762	3
3763	4
3764	5
3765	5
3766	6
3767	4
3768	4
3769	7
3770	2
3771	4
3772	3
3773	6
3774	7
3775	2
3776	4
3777	3
3778	2
3779	3
3780	2
3781	2
3782	3
3783	6
3784	10
3785	5
3786	5
3787	4
3788	2
3789	3
3790	7
3791	0
3792	2
3793	6
3794	6
3795	3
3796	3
3797	4
3798	3
3799	6
3800	5
3801	7
3802	8
3803	3
3804	7
3805	6
3806	3
3807	7
3808	2
3809	0
3810	1
3811	2
3812	2
3813	5
3814	2
3815	2
3816	4
3817	1
3818	3
3819	4
3820	8
3821	5
3822	6
3823	3
3824	2
3825	4
3826	5
3827	2
3828	1
3829	5
3830	5
3831	1
3832	2
3833	4
3834	2
3835	5
3836	6
3837	2
3838	3
3839	6
3840	1
3841	4
3842	1
3843	4
3844	2
3845	3
3846	6
3847	2
3848	2
3849	6
3850	5
3851	13
3852	16
3853	15
3854	16
3855	12
3856	19
3857	11
3858	16
3859	9
3860	10
3861	4
3862	2
3863	1
3864	6
3865	5
3866	0
3867	3
3868	6
3869	1
3870	4
3871	4
3872	8
3873	7
3874	1
3875	2
3876	1
3877	5
3878	4
3879	5
3880	1
3881	4
3882	3
3883	3
3884	6
3885	5
3886	4
3887	5
3888	5
3889	1
3890	2
3891	4
3892	2
3893	0
3894	4
3895	3
3896	1
3897	2
3898	5
3899	2
3900	4
3901	5
3902	3
3903	0
3904	4
3905	3
3906	1
3907	6
3908	2
3909	2
3910	3
3911	5
3912	2
3913	4
3914	1
3915	0
3916	2
3917	0
3918	3
3919	4
3920	4
3921	2
3922	5
3923	4
3924	3
3925	2
3926	0
3927	2
3928	3
3929	3
3930	3
3931	3
3932	3
3933	7
3934	4
3935	6
3936	4
3937	4
3938	8
3939	8
3940	3
3941	2
3942	5
3943	1
3944	2
3945	4
3946	2
3947	6
3948	5
3949	6
3950	2
3951	4
3952	4
3953	4
3954	4
3955	1
3956	0
3957	3
3958	1
3959	1
3960	3
3961	5
3962	5
3963	2
3964	1
3965	1
3966	2
3967	3
3968	2
3969	0
3970	4
3971	1
3972	5
3973	2
3974	4
3975	3
3976	2
3977	2
3978	5
3979	2
3980	3
3981	1
3982	4
3983	1
3984	0
3985	1
3986	1
3987	7
3988	4
3989	5
3990	1
3991	3
3992	5
3993	1
3994	5
3995	3
3996	2
3997	6
3998	4
3999	3
4000	4
4001	3
4002	2
4003	1
4004	2
4005	8
4006	3
4007	1
4008	6
4009	5
4010	2
4011	2
4012	5
4013	4
4014	1
4015	2
4016	1
4017	3
4018	1
4019	4
4020	3
4021	3
4022	3
4023	3
4024	2
4025	5
4026	2
4027	4
4028	3
4029	3
4030	2
4031	3
4032	3
4033	2
4034	2
4035	4
4036	5
4037	3
4038	2
4039	4
4040	2
4041	3
4042	4
4043	2
4044	3
4045	2
4046	4
4047	1
4048	0
4049	1
4050	1
4051	4
4052	3
4053	1
4054	5
4055	3
4056	2
4057	1
4058	4
4059	3
4060	1
4061	2
4062	2
4063	4
4064	3
4065	3
4066	2
4067	3
4068	6
4069	3
4070	2
4071	2
4072	4
4073	2
4074	7
4075	6
4076	2
4077	0
4078	2
4079	1
4080	2
4081	4
4082	1
4083	5
4084	3
4085	1
4086	2
4087	0
4088	4
4089	0
4090	1
4091	7
4092	0
4093	5
4094	1
4095	0
4096	2
4097	5
4098	1
4099	2
4100	4
4101	2
4102	2
4103	3
4104	3
4105	2
4106	5
4107	3
4108	2
4109	5
4110	0
4111	3
4112	3
4113	7
4114	7
4115	1
4116	3
4117	3
4118	5
4119	3
4120	3
4121	2
4122	5
4123	2
4124	6
4125	1
4126	1
4127	0
4128	4
4129	4
4130	2
4131	0
4132	4
4133	4
4134	2
4135	5
4136	1
4137	2
4138	5
4139	0
4140	0
4141	3
4142	1
4143	4
4144	2
4145	3
4146	4
4147	0
4148	1
4149	4
4150	3
4151	6
4152	0
4153	2
4154	3
4155	1
4156	3
4157	5
4158	5
4159	1
4160	3
4161	2
4162	2
4163	2
4164	4
4165	3
4166	1
4167	4
4168	3
4169	1
4170	2
4171	4
4172	3
4173	4
4174	3
4175	0
4176	2
4177	3
4178	2
4179	2
4180	1
4181	2
4182	2
4183	3
4184	2
4185	2
4186	4
4187	5
4188	3
4189	5
4190	8
4191	5
4192	1
4193	2
4194	2
4195	2
4196	2
4197	1
4198	1
4199	4
4200	1
4201	2
4202	1
4203	2
4204	2
4205	4
4206	2
4207	1
4208	3
4209	2
4210	7
4211	3
4212	4
4213	1
4214	3
4215	2
4216	5
4217	2
4218	0
4219	5
4220	2
4221	2
4222	2
4223	5
4224	4
4225	4
4226	0
4227	3
4228	5
4229	4
4230	4
4231	3
4232	4
4233	3
4234	4
4235	5
4236	1
4237	6
4238	0
4239	3
4240	3
4241	1
4242	4
4243	2
4244	5
4245	3
4246	0
4247	6
4248	2
4249	3
4250	4
4251	2
4252	2
4253	0
4254	4
4255	2
4256	5
4257	5
4258	4
4259	4
4260	8
4261	8
4262	4
4263	10
4264	3
4265	3
4266	2
4267	3
4268	2
4269	3
4270	2
4271	2
4272	1
4273	4
4274	1
4275	7
4276	3
4277	5
4278	5
4279	2
4280	2
4281	2
4282	1
4283	6
4284	3
4285	2
4286	4
4287	3
4288	3
4289	1
4290	4
4291	4
4292	6
4293	1
4294	6
4295	5
4296	9
4297	4
4298	6
4299	7
4300	3
4301	8
4302	4
4303	0
4304	5
4305	2
4306	6
4307	1
4308	3
4309	2
4310	3
4311	6
4312	5
4313	4
4314	4
4315	3
4316	0
4317	6
4318	1
4319	2
4320	3
4321	7
4322	2
4323	7
4324	4
4325	2
4326	1
4327	6
4328	1
4329	1
4330	2
4331	2
4332	2
4333	2
4334	4
4335	2
4336	2
4337	4
4338	6
4339	2
4340	2
4341	2
4342	1
4343	4
4344	6
4345	2
4346	0
4347	3
4348	2
4349	1
4350	1
4351	2
4352	5
4353	2
4354	0
4355	0
4356	3
4357	1
4358	2
4359	4
4360	1
4361	4
4362	2
4363	3
4364	5
4365	3
4366	5
4367	1
4368	2
4369	1
4370	3
4371	1
4372	1
4373	4
4374	0
4375	2
4376	4
4377	0
4378	1
4379	3
4380	2
4381	7
4382	0
4383	1
4384	3
4385	1
4386	3
4387	1
4388	1
4389	0
4390	8
4391	1
4392	2
4393	7
4394	2
4395	1
4396	5
4397	5
4398	2
4399	4
4400	2
4401	2
4402	0
4403	1
4404	1
4405	2
4406	3
4407	0
4408	5
4409	1
4410	0
4411	4
4412	0
4413	2
4414	2
4415	1
4416	1
4417	2
4418	2
4419	3
4420	2
4421	4
4422	3
4423	7
4424	3
4425	3
4426	2
4427	3
4428	3
4429	3
4430	5
4431	4
4432	3
4433	1
4434	0
4435	1
4436	1
4437	3
4438	1
4439	3
4440	1
4441	2
4442	2
4443	2
4444	4
4445	2
4446	2
4447	6
4448	3
4449	6
4450	2
4451	2
4452	7
4453	1
4454	4
4455	0
4456	4
4457	7
4458	3
4459	3
4460	0
4461	4
4462	8
4463	4
4464	5
4465	3
4466	0
4467	2
4468	5
4469	3
4470	2
4471	4
4472	0
4473	3
4474	2
4475	3
4476	2
4477	6
4478	3
4479	0
4480	2
4481	4
4482	2
4483	1
4484	2
4485	4
4486	3
4487	3
4488	0
4489	4
4490	1
4491	1
4492	6
4493	1
4494	1
4495	2
4496	3
4497	0
4498	4
4499	1
4500	4
4501	4
4502	2
4503	2
4504	1
4505	7
4506	4
4507	3
4508	6
4509	11
4510	10
4511	6
4512	12
4513	16
4514	16
4515	18
4516	19
4517	12
4518	11
4519	6
4520	3
4521	6
4522	4
4523	2
4524	5
4525	3
4526	1
4527	2
4528	2
4529	2
4530	1
4531	3
4532	4
4533	1
4534	3
4535	4
4536	2
4537	2
4538	1
4539	2
4540	2
4541	1
4542	1
4543	2
4544	2
4545	0
4546	2
4547	1
4548	1
4549	2
4550	6
4551	1
4552	1
4553	1
4554	4
4555	6
4556	0
4557	2
4558	4
4559	2
4560	0
4561	4
4562	1
4563	3
4564	2
4565	7
4566	1
4567	4
4568	4
4569	0
4570	2
4571	4
4572	0
4573	2
4574	2
4575	1
4576	3
4577	0
4578	2
4579	1
4580	4
4581	1
4582	2
4583	0
4584	2
4585	3
4586	3
4587	3
4588	1
4589	2
4590	3
4591	2
4592	1
4593	1
4594	2
4595	5
4596	0
4597	4
4598	1
4599	3
4600	4
4601	2
4602	2
4603	2
4604	1
4605	3
4606	1
4607	3
4608	4
4609	4
4610	1
4611	7
4612	1
4613	2
4614	2
4615	2
4616	2
4617	2
4618	3
4619	2
4620	2
4621	1
4622	5
4623	2
4624	5
4625	2
4626	4
4627	4
4628	1
4629	3
4630	6
4631	4
4632	1
4633	4
4634	4
4635	4
4636	1
4637	4
4638	1
4639	2
4640	0
4641	1
4642	3
4643	4
4644	1
4645	3
4646	3
4647	2
4648	2
4649	2
4650	1
4651	2
4652	2
4653	3
4654	2
4655	4
4656	1
4657	4
4658	1
4659	4
4660	4
4661	2
4662	3
4663	2
4664	2
4665	2
4666	1
4667	0
4668	0
4669	0
4670	1
4671	3
4672	1
4673	1
4674	1
4675	5
4676	1
4677	0
4678	8
4679	1
4680	2
4681	2
4682	2
4683	3
4684	2
4685	4
4686	3
4687	2
4688	1
4689	3
4690	4
4691	4
4692	1
4693	0
4694	1
4695	2
4696	1
4697	3
4698	1
4699	2
4700	2
4701	0
4702	1
4703	1
4704	5
4705	3
4706	2
4707	2
4708	2
4709	1
4710	0
4711	2
4712	3
4713	0
4714	1
4715	6
4716	2
4717	4
4718	1
4719	2
4720	2
4721	2
4722	1
4723	2
4724	0
4725	3
4726	4
4727	1
4728	2
4729	4
4730	0
4731	3
4732	2
4733	3
4734	7
4735	2
4736	1
4737	1
4738	1
4739	2
4740	1
4741	0
4742	1
4743	2
4744	2
4745	6
4746	3
4747	1
4748	3
4749	4
4750	2
4751	1
4752	1
4753	3
4754	2
4755	0
4756	4
4757	5
4758	3
4759	3
4760	2
4761	1
4762	3
4763	4
4764	1
4765	1
4766	2
4767	4
4768	3
4769	4
4770	4
4771	3
4772	8
4773	6
4774	15
4775	15
4776	22
4777	19
4778	18
4779	18
4780	22
4781	14
4782	10
4783	12
4784	6
4785	4
4786	2
4787	2
4788	3
4789	3
4790	2
4791	2
4792	1
4793	4
4794	2
4795	4
4796	7
4797	7
4798	7
4799	5
4800	5
4801	10
4802	12
4803	11
4804	5
4805	6
4806	6
4807	4
4808	2
4809	7
4810	1
4811	2
4812	1
4813	1
4814	1
4815	1
4816	2
4817	0
4818	1
4819	1
4820	2
4821	1
4822	1
4823	1
4824	3
4825	2
4826	2
4827	1
4828	0
4829	1
4830	0
4831	4
4832	3
4833	3
4834	1
4835	3
4836	1
4837	1
4838	0
4839	2
4840	2
4841	1
4842	2
4843	2
4844	0
4845	1
4846	1
4847	3
4848	4
4849	0
4850	2
4851	3
4852	2
4853	2
4854	4
4855	3
4856	0
4857	1
4858	4
4859	2
4860	2
4861	3
4862	0
4863	3
4864	2
4865	1
4866	3
4867	2
4868	3
4869	4
4870	3
4871	1
4872	4
4873	1
4874	0
4875	4
4876	1
4877	1
4878	2
4879	1
4880	0
4881	5
4882	6
4883	2
4884	2
4885	1
4886	1
4887	3
4888	3
4889	1
4890	1
4891	0
4892	0
4893	1
4894	3
4895	2
4896	3
4897	3
4898	2
4899	3
4900	3
4901	1
4902	0
4903	3
4904	1
4905	0
4906	2
4907	4
4908	1
4909	2
4910	1
4911	0
4912	5
4913	1
4914	4
4915	3
4916	2
4917	3
4918	2
4919	2
4920	2
4921	1
4922	2
4923	1
4924	2
4925	2
4926	1
4927	1
4928	2
4929	1
4930	3
4931	1
4932	2
4933	1
4934	2
4935	4
4936	4
4937	2
4938	5
4939	2
4940	1
4941	3
4942	3
4943	1
4944	2
4945	3
4946	1
4947	0
4948	0
4949	3
4950	2
4951	0
4952	3
4953	0
4954	3
4955	2
4956	2
4957	0
4958	2
4959	1
4960	5
4961	1
4962	1
4963	2
4964	2
4965	1
4966	4
4967	1
4968	0
4969	2
4970	4
4971	1
4972	0
4973	1
4974	3
4975	3
4976	1
4977	2
4978	1
4979	1
4980	5
4981	1
4982	2
4983	1
4984	3
4985	3
4986	1
4987	4
4988	3
4989	0
4990	1
4991	5
4992	3
4993	2
4994	1
4995	0
4996	2
4997	1
4998	2
4999	1
5000	2
5001	0
5002	1
5003	1
5004	2
5005	2
5006	0
5007	3
5008	0
5009	1
5010	1
5011	0
5012	3
5013	2
5014	2
5015	3
5016	3
5017	1
5018	3
5019	3
5020	3
5021	4
5022	4
5023	1
5024	2
5025	3
5026	2
5027	0
5028	2
5029	1
5030	0
5031	3
5032	2
5033	3
5034	3
5035	0
5036	4
5037	0
5038	3
5039	1
5040	0
5041	1
5042	0
5043	0
5044	2
5045	1
5046	0
5047	2
5048	1
5049	1
5050	3
5051	0
5052	1
5053	2
5054	0
5055	2
5056	0
5057	2
5058	4
5059	1
5060	2
5061	2
5062	0
5063	4
5064	1
5065	1
5066	1
5067	0
5068	2
5069	2
5070	2
5071	2
5072	2
5073	0
5074	0
5075	0
5076	2
5077	0
5078	2
5079	4
5080	3
5081	2
5082	3
5083	1
5084	0
5085	3
5086	2
5087	1
5088	2
5089	3
5090	4
5091	0
5092	4
5093	1
5094	1
5095	2
5096	2
5097	4
5098	0
5099	2
5100	0
5101	1
5102	4
5103	3
5104	3
5105	2
5106	2
5107	2
5108	4
5109	2
5110	4
5111	2
5112	3
5113	1
5114	2
5115	2
5116	3
5117	2
5118	1
5119	1
5120	2
5121	1
5122	3
5123	2
5124	2
5125	0
5126	2
5127	4
5128	3
5129	5
5130	3
5131	1
5132	1
5133	0
5134	1
5135	0
5136	1
5137	1
5138	1
5139	2
5140	3
5141	2
5142	2
5143	0
5144	1
5145	0
5146	1
5147	0
5148	1
5149	0
5150	3
5151	1
5152	3
5153	1
5154	0
5155	4
5156	2
5157	1
5158	2
5159	1
5160	1
5161	3
5162	2
5163	2
5164	2
5165	0
5166	2
5167	1
5168	2
5169	1
5170	0
5171	1
5172	1
5173	1
5174	1
5175	0
5176	3
5177	0
5178	2
5179	1
5180	3
5181	4
5182	3
5183	1
5184	2
5185	1
5186	4
5187	1
5188	4
5189	4
5190	1
5191	3
5192	0
5193	0
5194	2
5195	0
5196	1
5197	3
5198	3
5199	0
5200	0
5201	0
5202	2
5203	3
5204	3
5205	0
5206	4
5207	0
5208	4
5209	2
5210	0
5211	4
5212	2
5213	2
5214	4
5215	0
5216	2
5217	2
5218	4
5219	0
5220	1
5221	3
5222	1
5223	2
5224	3
5225	1
5226	1
5227	4
5228	1
5229	6
5230	0
5231	3
5232	3
5233	1
5234	2
5235	0
5236	1
5237	4
5238	3
5239	4
5240	0
5241	1
5242	0
5243	0
5244	0
5245	7
5246	2
5247	1
5248	0
5249	2
5250	2
5251	5
5252	0
5253	1
5254	2
5255	0
5256	1
5257	0
5258	4
5259	3
5260	6
5261	1
5262	3
5263	0
5264	3
5265	2
5266	1
5267	3
5268	2
5269	1
5270	1
5271	5
5272	3
5273	2
5274	6
5275	3
5276	0
5277	1
5278	1
5279	2
5280	0
5281	2
5282	2
5283	2
5284	3
5285	0
5286	4
5287	2
5288	1
5289	4
5290	1
5291	2
5292	1
5293	2
5294	0
5295	0
5296	1
5297	1
5298	2
5299	2
5300	2
5301	3
5302	3
5303	3
5304	1
5305	7
5306	2
5307	4
5308	3
5309	2
5310	2
5311	1
5312	1
5313	0
5314	2
5315	0
5316	2
5317	3
5318	1
5319	0
5320	4
5321	0
5322	2
5323	2
5324	1
5325	0
5326	0
5327	2
5328	1
5329	0
5330	3
5331	0
5332	4
5333	1
5334	3
5335	3
5336	1
5337	3
5338	1
5339	6
5340	3
5341	4
5342	2
5343	1
5344	3
5345	3
5346	1
5347	3
5348	1
5349	4
5350	3
5351	2
5352	1
5353	2
5354	3
5355	3
5356	3
5357	3
5358	2
5359	1
5360	2
5361	0
5362	2
5363	2
5364	1
5365	3
5366	3
5367	5
5368	1
5369	3
5370	1
5371	3
5372	3
5373	1
5374	2
5375	8
5376	5
5377	2
5378	3
5379	5
5380	5
5381	4
5382	3
5383	12
5384	14
5385	5
5386	18
5387	14
5388	7
5389	5
5390	0
5391	3
5392	2
5393	1
5394	2
5395	4
5396	1
5397	1
5398	3
5399	0
5400	3
5401	3
5402	2
5403	3
5404	2
5405	4
5406	6
5407	4
5408	4
5409	1
5410	0
5411	2
5412	3
5413	1
5414	2
5415	4
5416	0
5417	2
5418	2
5419	2
5420	2
5421	1
5422	2
5423	4
5424	3
5425	5
5426	2
5427	0
5428	1
5429	1
5430	2
5431	2
5432	2
5433	2
5434	0
5435	2
5436	4
5437	1
5438	1
5439	1
5440	2
5441	1
5442	1
5443	1
5444	1
5445	0
5446	1
5447	2
5448	3
5449	2
5450	3
5451	3
5452	2
5453	2
5454	3
5455	3
5456	1
5457	2
5458	0
5459	2
5460	1
5461	4
5462	2
5463	0
5464	2
5465	1
5466	1
5467	2
5468	2
5469	4
5470	2
5471	1
5472	1
5473	1
5474	5
5475	5
5476	3
5477	2
5478	2
5479	1
5480	2
5481	6
5482	0
5483	1
5484	0
5485	1
5486	4
5487	4
5488	1
5489	2
5490	2
5491	0
5492	1
5493	3
5494	2
5495	0
5496	3
5497	1
5498	1
5499	2
5500	2
5501	2
5502	4
5503	4
5504	4
5505	0
5506	2
5507	3
5508	7
5509	4
5510	6
5511	10
5512	7
5513	17
5514	16
5515	14
5516	16
5517	14
5518	13
5519	12
5520	6
5521	1
5522	4
5523	2
5524	0
5525	2
5526	2
5527	1
5528	2
5529	0
5530	3
5531	1
5532	3
5533	1
5534	2
5535	3
5536	3
5537	1
5538	0
5539	1
5540	2
5541	2
5542	2
5543	3
5544	2
5545	2
5546	3
5547	4
5548	1
5549	2
5550	6
5551	5
5552	8
5553	6
5554	8
5555	6
5556	4
5557	9
5558	5
5559	7
5560	7
5561	5
5562	7
5563	3
5564	2
5565	2
5566	1
5567	1
5568	2
5569	1
5570	1
5571	1
5572	0
5573	0
5574	2
5575	2
5576	2
5577	0
5578	0
5579	0
5580	2
5581	6
5582	4
5583	6
5584	0
5585	0
5586	1
5587	0
5588	2
5589	1
5590	0
5591	0
5592	2
5593	0
5594	1
5595	4
5596	2
5597	2
5598	1
5599	0
5600	2
5601	4
5602	4
5603	2
5604	0
5605	2
5606	1
5607	1
5608	0
5609	1
5610	2
5611	2
5612	1
5613	3
5614	1
5615	1
5616	1
5617	1
5618	0
5619	2
5620	3
5621	0
5622	2
5623	5
5624	1
5625	2
5626	1
5627	1
5628	2
5629	5
5630	4
5631	5
5632	2
5633	2
5634	3
5635	5
5636	2
5637	1
5638	3
5639	1
5640	1
5641	2
5642	0
5643	3
5644	1
5645	5
5646	3
5647	1
5648	2
5649	1
5650	5
5651	2
5652	3
5653	0
5654	1
5655	1
5656	2
5657	2
5658	1
5659	4
5660	0
5661	1
5662	5
5663	1
5664	3
5665	2
5666	0
5667	3
5668	2
5669	2
5670	1
5671	1
5672	0
5673	1
5674	3
5675	2
5676	2
5677	2
5678	2
5679	0
5680	1
5681	0
5682	3
5683	1
5684	0
5685	1
5686	4
5687	3
5688	2
5689	1
5690	2
5691	4
5692	2
5693	4
5694	2
5695	1
5696	3
5697	2
5698	2
5699	6
5700	4
5701	3
5702	2
5703	1
5704	1
5705	2
5706	2
5707	1
5708	3
5709	3
5710	2
5711	0
5712	3
5713	2
5714	1
5715	1
5716	1
5717	2
5718	4
5719	0
5720	2
5721	4
5722	2
5723	1
5724	1
5725	5
5726	0
5727	0
5728	0
5729	3
5730	1
5731	4
5732	2
5733	3
5734	2
5735	1
5736	1
5737	3
5738	1
5739	1
5740	1
5741	2
5742	1
5743	4
5744	4
5745	2
5746	2
5747	2
5748	2
5749	4
5750	2
5751	7
5752	0
5753	2
5754	2
5755	1
5756	0
5757	1
5758	1
5759	5
5760	2
5761	2
5762	3
5763	4
5764	2
5765	3
5766	1
5767	3
5768	1
5769	2
5770	2
5771	1
5772	1
5773	1
5774	2
5775	1
5776	3
5777	1
5778	5
5779	1
5780	3
5781	2
5782	3
5783	1
5784	1
5785	1
5786	2
5787	1
5788	0
5789	1
5790	3
5791	0
5792	2
5793	1
5794	1
5795	3
5796	2
5797	1
5798	2
5799	1
5800	3
5801	1
5802	4
5803	1
5804	1
5805	4
5806	3
5807	2
5808	3
5809	2
5810	3
5811	2
5812	1
5813	1
5814	4
5815	0
5816	4
5817	4
5818	1
5819	2
5820	2
5821	5
5822	2
5823	2
5824	0
5825	3
5826	8
5827	1
5828	1
5829	3
5830	2
5831	0
5832	1
5833	1
5834	4
5835	0
5836	5
5837	2
5838	1
5839	2
5840	2
5841	1
5842	3
5843	1
5844	1
5845	2
5846	0
5847	4
5848	5
5849	2
5850	0
5851	0
5852	1
5853	2
5854	2
5855	0
5856	0
5857	2
5858	1
5859	0
5860	1
5861	0
5862	2
5863	0
5864	3
5865	0
5866	2
5867	0
5868	3
5869	1
5870	3
5871	3
5872	3
5873	2
5874	4
5875	1
5876	2
5877	2
5878	2
5879	1
5880	2
5881	2
5882	2
5883	1
5884	3
5885	2
5886	2
5887	2
5888	1
5889	3
5890	3
5891	2
5892	3
5893	1
5894	0
5895	0
5896	2
5897	5
5898	2
5899	1
5900	3
5901	2
5902	0
5903	2
5904	1
5905	0
5906	2
5907	2
5908	1
5909	1
5910	2
5911	1
5912	1
5913	3
5914	4
5915	1
5916	0
5917	3
5918	2
5919	3
5920	2
5921	1
5922	1
5923	4
5924	0
5925	3
5926	0
5927	0
5928	1
5929	3
5930	3
5931	2
5932	3
5933	0
5934	2
5935	3
5936	3
5937	2
5938	4
5939	1
5940	3
5941	2
5942	3
5943	5
5944	5
5945	2
5946	1
5947	0
5948	0
5949	4
5950	2
5951	5
5952	4
5953	0
5954	1
5955	2
5956	2
5957	2
5958	0
5959	3
5960	2
5961	4
5962	1
5963	2
5964	1
5965	0
5966	1
5967	2
5968	0
5969	3
5970	3
5971	0
5972	2
5973	0
5974	2
5975	1
5976	2
5977	2
5978	2
5979	2
5980	1
5981	1
5982	1
5983	5
5984	4
5985	0
5986	1
5987	2
5988	1
5989	2
5990	6
5991	3
5992	0
5993	1
5994	1
5995	4
5996	4
5997	2
5998	2
5999	1
6000	2
6001	2
6002	2
6003	3
6004	4
6005	1
6006	2
6007	3
6008	4
6009	3
6010	1
6011	0
6012	0
6013	1
6014	3
6015	4
6016	1
6017	0
6018	3
6019	3
6020	3
6021	2
6022	3
6023	2
6024	2
6025	3
6026	2
6027	2
6028	0
6029	4
6030	0
6031	0
6032	0
6033	0
6034	1
6035	1
6036	2
6037	1
6038	5
6039	2
6040	2
6041	2
6042	2
6043	2
6044	2
6045	0
6046	2
6047	2
6048	0
6049	1
6050	3
6051	0
6052	4
6053	2
6054	3
6055	1
6056	1
6057	3
6058	2
6059	1
6060	2
6061	2
6062	0
6063	1
6064	2
6065	3
6066	1
6067	2
6068	0
6069	0
6070	2
6071	0
6072	3
6073	2
6074	4
6075	2
6076	0
6077	2
6078	0
6079	2
6080	2
6081	4
6082	1
6083	2
6084	3
6085	1
6086	0
6087	0
6088	2
6089	5
6090	1
6091	3
6092	3
6093	2
6094	1
6095	0
6096	0
6097	2
6098	1
6099	2
6100	4
6101	2
6102	0
6103	3
6104	3
6105	1
6106	0
6107	3
6108	9
6109	2
6110	3
6111	1
6112	1
6113	4
6114	1
6115	0
6116	1
6117	2
6118	2
6119	0
6120	0
6121	3
6122	2
6123	2
6124	1
6125	1
6126	1
6127	0
6128	0
6129	2
6130	0
6131	2
6132	0
6133	0
6134	4
6135	1
6136	4
6137	2
6138	3
6139	2
6140	3
6141	1
6142	6
6143	5
6144	5
6145	3
6146	3
6147	5
6148	2
6149	1
6150	2
6151	3
6152	2
6153	1
6154	2
6155	2
6156	1
6157	5
6158	0
6159	1
6160	2
6161	1
6162	1
6163	3
6164	1
6165	2
6166	1
6167	0
6168	1
6169	4
6170	0
6171	2
6172	2
6173	2
6174	2
6175	2
6176	1
6177	2
6178	1
6179	3
6180	2
6181	1
6182	1
6183	1
6184	1
6185	2
6186	3
6187	2
6188	3
6189	3
6190	2
6191	3
6192	1
6193	1
6194	1
6195	1
6196	3
6197	2
6198	1
6199	0
6200	2
6201	3
6202	2
6203	2
6204	1
6205	2
6206	0
6207	0
6208	2
6209	3
6210	2
6211	3
6212	1
6213	1
6214	1
6215	0
6216	3
6217	3
6218	5
6219	0
6220	2
6221	2
6222	0
6223	1
6224	2
6225	3
6226	2
6227	3
6228	0
6229	2
6230	1
6231	1
6232	1
6233	2
6234	1
6235	1
6236	1
6237	1
6238	2
6239	4
6240	1
6241	2
6242	2
6243	2
6244	2
6245	0
6246	2
6247	1
6248	0
6249	0
6250	1
6251	0
6252	3
6253	2
6254	2
6255	3
6256	1
6257	0
6258	1
6259	0
6260	1
6261	1
6262	1
6263	1
6264	2
6265	2
6266	0
6267	1
6268	1
6269	1
6270	2
6271	1
6272	0
6273	0
6274	2
6275	0
6276	2
6277	0
6278	0
6279	2
6280	1
6281	0
6282	1
6283	1
6284	1
6285	3
6286	0
6287	2
6288	0
6289	1
6290	2
6291	0
6292	0
6293	2
6294	1
6295	1
6296	1
6297	1
6298	1
6299	1
6300	2
6301	4
6302	3
6303	4
6304	2
6305	0
6306	1
6307	0
6308	2
6309	3
6310	4
6311	1
6312	2
6313	3
6314	1
6315	0
6316	0
6317	1
6318	3
6319	2
6320	2
6321	2
6322	1
6323	1
6324	1
6325	2
6326	2
6327	0
6328	2
6329	2
6330	0
6331	1
6332	2
6333	3
6334	1
6335	0
6336	1
6337	0
6338	4
6339	1
6340	5
6341	1
6342	1
6343	2
6344	1
6345	0
6346	0
6347	0
6348	0
6349	1
6350	0
6351	0
6352	2
6353	0
6354	2
6355	0
6356	3
6357	0
6358	0
6359	1
6360	4
6361	0
6362	1
6363	0
6364	1
6365	0
6366	0
6367	1
6368	1
6369	0
6370	2
6371	4
6372	1
6373	2
6374	1
6375	3
6376	1
6377	0
6378	1
6379	0
6380	1
6381	1
6382	0
6383	0
6384	2
6385	1
6386	2
6387	1
6388	0
6389	0
6390	2
6391	4
6392	3
6393	1
6394	1
6395	1
6396	2
6397	0
6398	0
6399	3
6400	0
6401	1
6402	2
6403	1
6404	0
6405	0
6406	1
6407	1
6408	1
6409	0
6410	3
6411	1
6412	0
6413	1
6414	1
6415	3
6416	0
6417	1
6418	3
6419	0
6420	0
6421	2
6422	1
6423	0
6424	0
6425	1
6426	0
6427	1
6428	3
6429	2
6430	2
6431	0
6432	0
6433	0
6434	1
6435	1
6436	0
6437	2
6438	0
6439	1
6440	1
6441	1
6442	1
6443	1
6444	0
6445	0
6446	2
6447	0
6448	1
6449	2
6450	4
6451	2
6452	1
6453	1
6454	2
6455	3
6456	1
6457	2
6458	1
6459	4
6460	1
6461	0
6462	0
6463	1
6464	1
6465	1
6466	2
6467	0
6468	2
6469	1
6470	2
6471	2
6472	1
6473	2
6474	2
6475	2
6476	0
6477	2
6478	0
6479	1
6480	2
6481	1
6482	1
6483	2
6484	2
6485	3
6486	0
6487	0
6488	0
6489	1
6490	1
6491	0
6492	2
6493	2
6494	1
6495	0
6496	1
6497	3
6498	2
6499	0
6500	0
6501	1
6502	0
6503	0
6504	3
6505	1
6506	0
6507	4
6508	2
6509	3
6510	1
6511	0
6512	1
6513	1
6514	0
6515	2
6516	1
6517	0
6518	0
6519	0
6520	2
6521	0
6522	4
6523	1
6524	3
6525	0
6526	1
6527	0
6528	0
6529	0
6530	0
6531	0
6532	1
6533	0
6534	0
6535	0
6536	0
6537	0
6538	1
6539	0
6540	2
6541	2
6542	0
6543	0
6544	2
6545	1
6546	1
6547	0
6548	1
6549	0
6550	1
6551	0
6552	1
6553	0
6554	0
6555	1
6556	0
6557	1
6558	2
6559	0
6560	2
6561	2
6562	2
6563	1
6564	1
6565	2
6566	0
6567	0
6568	1
6569	1
6570	1
6571	0
6572	1
6573	0
6574	0
6575	2
6576	1
6577	0
6578	0
6579	1
6580	2
6581	0
6582	2
6583	0
6584	1
6585	1
6586	1
6587	1
6588	1
6589	0
6590	2
6591	0
6592	0
6593	0
6594	0
6595	2
6596	0
6597	1
6598	2
6599	2
6600	1
6601	1
6602	3
6603	0
6604	0
6605	1
6606	0
6607	1
6608	1
6609	2
6610	0
6611	0
6612	1
6613	2
6614	1
6615	1
6616	0
6617	2
6618	0
6619	0
6620	0
6621	2
6622	1
6623	1
6624	1
6625	1
6626	0
6627	0
6628	0
6629	1
6630	2
6631	0
6632	0
6633	1
6634	1
6635	1
6636	1
6637	0
6638	0
6639	1
6640	3
6641	1
6642	1
6643	0
6644	1
6645	0
6646	0
6647	0
6648	0
6649	1
6650	1
6651	0
6652	3
6653	0
6654	1
6655	2
6656	1
6657	2
6658	1
6659	1
6660	0
6661	0
6662	0
6663	0
6664	1
6665	2
6666	0
6667	1
6668	0
6669	0
6670	0
6671	0
6672	2
6673	1
6674	1
6675	0
6676	1
6677	2
6678	0
6679	0
6680	0
6681	1
6682	1
6683	0
6684	1
6685	2
6686	3
6687	0
6688	0
6689	0
6690	0
6691	2
6692	1
6693	0
6694	1
6695	0
6696	0
6697	1
6698	2
6699	1
6700	0
6701	2
6702	1
6703	0
6704	0
6705	0
6706	0
6707	0
6708	0
6709	1
6710	0
6711	1
6712	1
6713	0
6714	0
6715	2
6716	1
6717	3
6718	2
6719	3
6720	0
6721	2
6722	1
6723	1
6724	0
6725	1
6726	3
6727	0
6728	0
6729	0
6730	1
6731	0
6732	1
6733	0
6734	2
6735	0
6736	1
6737	3
6738	0
6739	2
6740	1
6741	1
6742	1
6743	2
6744	0
6745	2
6746	0
6747	2
6748	1
6749	1
6750	0
6751	0
6752	2
6753	1
6754	0
6755	0
6756	0
6757	1
6758	0
6759	2
6760	0
6761	2
6762	1
6763	0
6764	1
6765	0
6766	2
6767	1
6768	0
6769	0
6770	0
6771	0
6772	2
6773	1
6774	1
6775	1
6776	1
6777	0
6778	0
6779	0
6780	0
6781	1
6782	0
6783	0
6784	2
6785	0
6786	0
6787	0
6788	1
6789	1
6790	0
6791	0
6792	0
6793	2
6794	0
6795	0
6796	1
6797	2
6798	0
6799	0
6800	0
6801	2
6802	0
6803	1
6804	1
6805	0
6806	2
6807	0
6808	1
6809	0
6810	0
6811	2
6812	2
6813	0
6814	2
6815	2
6816	1
6817	0
6818	0
6819	1
6820	1
6821	1
6822	0
6823	1
6824	0
6825	1
6826	0
6827	2
6828	0
6829	1
6830	2
6831	1
6832	2
6833	2
6834	3
6835	1
6836	1
6837	2
6838	2
6839	3
6840	1
6841	2
6842	2
6843	0
6844	0
6845	0
6846	0
6847	0
6848	0
6849	3
6850	2
6851	0
6852	0
6853	0
6854	0
6855	1
6856	2
6857	2
6858	1
6859	0
6860	0
6861	0
6862	2
6863	0
6864	1
6865	0
6866	0
6867	1
6868	1
6869	1
6870	2
6871	0
6872	1
6873	0
6874	1
6875	0
6876	4
6877	2
6878	2
6879	1
6880	2
6881	0
6882	1
6883	0
6884	0
6885	0
6886	0
6887	0
6888	0
6889	0
6890	2
6891	0
6892	1
6893	1
6894	0
6895	1
6896	0
6897	1
6898	1
6899	0
6900	0
6901	1
6902	0
6903	0
6904	0
6905	0
6906	0
6907	1
6908	1
6909	0
6910	1
6911	0
6912	1
6913	2
6914	1
6915	1
6916	0
6917	0
6918	0
6919	0
6920	0
6921	1
6922	1
6923	0
6924	1
6925	2
6926	0
6927	0
6928	0
6929	0
6930	0
6931	0
6932	0
6933	2
6934	0
6935	0
6936	1
6937	0
6938	0
6939	1
6940	1
6941	0
6942	0
6943	1
6944	1
6945	1
6946	1
6947	0
6948	1
6949	1
6950	0
6951	0
6952	1
6953	4
6954	2
6955	1
6956	4
6957	2
6958	2
6959	2
6960	1
6961	0
6962	0
6963	0
6964	2
6965	1
6966	1
6967	0
6968	2
6969	2
6970	1
6971	1
6972	0
6973	0
6974	0
6975	1
6976	0
6977	0
6978	2
6979	3
6980	4
6981	6
6982	8
6983	6
6984	5
6985	6
6986	19
6987	12
6988	15
6989	7
6990	17
6991	10
6992	5
6993	3
6994	5
6995	2
6996	1
6997	0
6998	2
6999	0
7000	3
7001	0
7002	2
7003	1
7004	2
7005	0
7006	0
7007	2
7008	1
7009	2
7010	1
7011	1
7012	0
7013	0
7014	0
7015	2
7016	0
7017	1
7018	1
7019	1
7020	0
7021	1
7022	2
7023	0
7024	0
7025	1
7026	1
7027	2
7028	0
7029	1
7030	1
7031	0
7032	0
7033	1
7034	0
7035	0
7036	0
7037	0
7038	2
7039	1
7040	1
7041	1
7042	0
7043	1
7044	1
7045	1
7046	0
7047	1
7048	0
7049	2
7050	0
7051	0
7052	1
7053	0
7054	0
7055	1
7056	0
7057	0
7058	2
7059	1
7060	0
7061	0
7062	1
7063	0
7064	2
7065	0
7066	0
7067	3
7068	1
7069	0
7070	0
7071	0
7072	1
7073	2
7074	0
7075	1
7076	0
7077	0
7078	1
7079	2
7080	2
7081	1
7082	1
7083	1
7084	2
7085	0
7086	1
7087	1
7088	0
7089	0
7090	0
7091	1
7092	1
7093	0
7094	0
7095	0
7096	1
7097	2
7098	1
7099	0
7100	0
7101	1
7102	0
7103	0
7104	0
7105	1
7106	0
7107	2
7108	0
7109	2
7110	0
7111	0
7112	0
7113	0
7114	1
7115	0
7116	1
7117	0
7118	1
7119	1
7120	0
7121	0
7122	0
7123	0
7124	0
7125	0
7126	1
7127	2
7128	1
7129	0
7130	0
7131	0
7132	0
7133	0
7134	0
7135	0
7136	1
7137	1
7138	2
7139	1
7140	0
7141	1
7142	1
7143	0
7144	0
7145	1
7146	0
7147	1
7148	0
7149	0
7150	0
7151	1
7152	1
7153	0
7154	0
7155	0
7156	1
7157	2
7158	0
7159	1
7160	0
7161	2
7162	1
7163	0
7164	1
7165	0
7166	0
7167	0
7168	0
7169	0
7170	1
7171	1
7172	0
7173	0
7174	2
7175	3
7176	0
7177	0
7178	0
7179	1
7180	0
7181	0
7182	0
7183	1
7184	0
7185	0
7186	2
7187	1
7188	1
7189	0
7190	0
7191	3
7192	0
7193	3
7194	2
7195	0
7196	1
7197	0
7198	0
7199	1
7200	0
7201	1
7202	0
7203	1
7204	0
7205	0
7206	2
7207	0
7208	0
7209	0
7210	0
7211	1
7212	0
7213	1
7214	1
7215	0
7216	0
7217	0
7218	1
7219	0
7220	1
7221	0
7222	1
7223	0
7224	1
7225	0
7226	1
7227	0
7228	1
7229	0
7230	0
7231	1
7232	2
7233	0
7234	0
7235	0
7236	1
7237	4
7238	2
7239	2
7240	7
7241	3
7242	12
7243	8
7244	18
7245	16
7246	27
7247	22
7248	59
7249	51
7250	56
7251	55
7252	58
7253	48
7254	33
7255	34
7256	22
7257	19
7258	17
7259	3
7260	5
7261	1
7262	1
7263	2
7264	1
7265	0
7266	0
7267	0
7268	0
7269	0
7270	0
7271	0
7272	0
7273	1
7274	1
7275	0
7276	0
7277	0
7278	1
7279	0
7280	0
7281	1
7282	0
7283	0
7284	0
7285	0
7286	0
7287	0
7288	2
7289	0
7290	2
7291	0
7292	0
7293	1
7294	1
7295	3
7296	0
7297	0
7298	1
7299	1
7300	1
7301	0
7302	0
7303	0
7304	0
7305	1
7306	0
7307	0
7308	0
7309	0
7310	2
7311	1
7312	2
7313	0
7314	0
7315	1
7316	0
7317	0
7318	1
7319	1
7320	0
7321	1
7322	0
7323	0
7324	0
7325	0
7326	0
7327	1
7328	0
7329	0
7330	0
7331	1
7332	1
7333	0
7334	0
7335	1
7336	0
7337	1
7338	0
7339	0
7340	0
7341	1
7342	2
7343	0
7344	0
7345	1
7346	1
7347	1
7348	0
7349	0
7350	0
7351	0
7352	0
7353	2
7354	1
7355	0
7356	1
7357	0
7358	0
7359	1
7360	0
7361	1
7362	0
7363	0
7364	0
7365	0
7366	2
7367	0
7368	1
7369	0
7370	1
7371	0
7372	1
7373	0
7374	1
7375	1
7376	0
7377	2
7378	0
7379	0
7380	0
7381	1
7382	0
7383	0
7384	0
7385	0
7386	0
7387	0
7388	0
7389	0
7390	0
7391	1
7392	0
7393	1
7394	0
7395	0
7396	0
7397	0
7398	0
7399	0
7400	0
7401	1
7402	1
7403	0
7404	0
7405	0
7406	0
7407	0
7408	0
7409	3
7410	1
7411	0
7412	0
7413	0
7414	0
7415	0
7416	1
7417	1
7418	0
7419	0
7420	1
7421	2
7422	1
7423	0
7424	2
7425	0
7426	0
7427	0
7428	0
7429	1
7430	1
7431	0
7432	0
7433	2
7434	0
7435	2
7436	0
7437	0
7438	0
7439	0
7440	1
7441	0
7442	0
7443	0
7444	0
7445	0
7446	0
7447	0
7448	1
7449	0
7450	0
7451	1
7452	2
7453	0
7454	0
7455	0
7456	0
7457	0
7458	0
7459	0
7460	0
7461	0
7462	0
7463	0
7464	0
7465	0
7466	0
7467	0
7468	1
7469	2
7470	1
7471	0
7472	1
7473	0
7474	2
7475	2
7476	0
7477	0
7478	0
7479	0
7480	0
7481	0
7482	0
7483	0
7484	2
7485	2
7486	1
7487	0
7488	0
7489	1
7490	1
7491	3
7492	2
7493	0
7494	1
7495	3
7496	0
7497	1
7498	0
7499	0
7500	0
7501	1
7502	0
7503	2
7504	0
7505	0
7506	0
7507	1
7508	0
7509	1
7510	0
7511	0
7512	0
7513	1
7514	0
7515	0
7516	0
7517	0
7518	1
7519	2
7520	0
7521	0
7522	0
7523	0
7524	0
7525	0
7526	1
7527	0
7528	0
7529	0
7530	0
7531	1
7532	0
7533	0
7534	1
7535	1
7536	0
7537	0
7538	0
7539	1
7540	0
7541	0
7542	0
7543	0
7544	0
7545	0
7546	0
7547	1
7548	0
7549	0
7550	0
7551	1
7552	0
7553	1
7554	0
7555	0
7556	0
7557	0
7558	0
7559	0
7560	1
7561	1
7562	0
7563	1
7564	0
7565	0
7566	0
7567	0
7568	1
7569	1
7570	0
7571	1
7572	0
7573	0
7574	0
7575	0
7576	1
7577	0
7578	1
7579	1
7580	3
7581	0
7582	0
7583	0
7584	0
7585	0
7586	0
7587	0
7588	1
7589	2
7590	0
7591	0
7592	0
7593	0
7594	0
7595	1
7596	0
7597	1
7598	0
7599	0
7600	0
7601	0
7602	0
7603	0
7604	0
7605	1
7606	0
7607	1
7608	1
7609	1
7610	1
7611	0
7612	1
7613	1
7614	0
7615	0
7616	0
7617	0
7618	0
7619	0
7620	0
7621	0
7622	0
7623	0
7624	0
7625	0
7626	0
7627	0
7628	0
7629	0
7630	2
7631	0
7632	0
7633	0
7634	0
7635	0
7636	0
7637	1
7638	0
7639	0
7640	1
7641	1
7642	0
7643	0
7644	1
7645	3
7646	0
7647	0
7648	0
7649	1
7650	0
7651	0
7652	0
7653	1
7654	0
7655	0
7656	0
7657	0
7658	0
7659	0
7660	0
7661	1
7662	0
7663	0
7664	0
7665	2
7666	0
7667	0
7668	0
7669	0
7670	0
7671	0
7672	0
7673	0
7674	0
7675	0
7676	1
7677	1
7678	0
7679	0
7680	0
7681	0
7682	0
7683	1
7684	0
7685	0
7686	0
7687	0
7688	0
7689	0
7690	1
7691	0
7692	0
7693	0
7694	1
7695	0
7696	0
7697	0
7698	0
7699	0
7700	1
7701	0
7702	0
7703	1
7704	0
7705	0
7706	0
7707	0
7708	0
7709	1
7710	0
7711	0
7712	0
7713	0
7714	0
7715	1
7716	1
7717	0
7718	0
7719	1
7720	2
7721	0
7722	0
7723	0
7724	1
7725	0
7726	0
7727	0
7728	0
7729	1
7730	0
7731	0
7732	0
7733	0
7734	2
7735	1
7736	0
7737	0
7738	0
7739	0
7740	0
7741	0
7742	0
7743	1
7744	0
7745	0
7746	0
7747	0
7748	0
7749	2
7750	0
7751	0
7752	0
7753	1
7754	0
7755	0
7756	0
7757	0
7758	0
7759	0
7760	1
7761	0
7762	0
7763	1
7764	0
7765	0
7766	0
7767	1
7768	0
7769	1
7770	0
7771	0
7772	0
7773	1
7774	0
7775	0
7776	1
7777	2
7778	1
7779	1
7780	0
7781	0
7782	0
7783	0
7784	0
7785	0
7786	0
7787	1
7788	0
7789	0
7790	0
7791	0
7792	0
7793	0
7794	0
7795	0
7796	0
7797	0
7798	1
7799	0
7800	0
7801	0
7802	0
7803	0
7804	0
7805	0
7806	1
7807	3
7808	1
7809	1
7810	0
7811	0
7812	1
7813	0
7814	0
7815	0
7816	1
7817	0
7818	0
7819	0
7820	0
7821	0
7822	0
7823	0
7824	0
7825	1
7826	0
7827	0
7828	1
7829	0
7830	1
7831	0
7832	0
7833	0
7834	1
7835	0
7836	0
7837	0
7838	1
7839	0
7840	0
7841	0
7842	0
7843	0
7844	0
7845	0
7846	0
7847	0
7848	0
7849	1
7850	0
7851	1
7852	0
7853	0
7854	0
7855	1
7856	0
7857	2
7858	0
7859	2
7860	1
7861	1
7862	0
7863	0
7864	0
7865	3
7866	0
7867	1
7868	1
7869	0
7870	0
7871	0
7872	0
7873	0
7874	1
7875	0
7876	0
7877	0
7878	0
7879	0
7880	4
7881	0
7882	1
7883	4
7884	1
7885	4
7886	0
7887	3
7888	0
7889	0
7890	1
7891	0
7892	2
7893	0
7894	2
7895	0
7896	1
7897	0
7898	0
7899	1
7900	0
7901	3
7902	0
7903	0
7904	3
7905	4
7906	2
7907	3
7908	1
7909	4
7910	0
7911	2
7912	1
7913	0
7914	0
7915	1
7916	1
7917	0
7918	1
7919	0
7920	0
7921	1
7922	0
7923	1
7924	0
7925	0
7926	0
7927	1
7928	0
7929	0
7930	0
7931	1
7932	0
7933	1
7934	0
7935	0
7936	0
7937	1
7938	1
7939	1
7940	1
7941	0
7942	1
7943	0
7944	0
7945	1
7946	2
7947	0
7948	1
7949	1
7950	0
7951	1
7952	0
7953	0
7954	2
7955	0
7956	0
7957	0
7958	0
7959	0
7960	0
7961	0
7962	2
7963	0
7964	0
7965	0
7966	0
7967	1
7968	0
7969	0
7970	0
7971	1
7972	2
7973	0
7974	0
7975	1
7976	0
7977	0
7978	0
7979	0
7980	1
7981	1
7982	0
7983	0
7984	0
7985	0
7986	1
7987	1
7988	0
7989	1
7990	1
7991	0
7992	0
7993	1
7994	1
7995	0
7996	0
7997	0
7998	0
7999	0
8000	1
8001	0
8002	0
8003	0
8004	0
8005	0
8006	0
8007	1
8008	0
8009	1
8010	0
8011	0
8012	0
8013	0
8014	0
8015	0
8016	0
8017	0
8018	1
8019	0
8020	0
8021	0
8022	1
8023	0
8024	0
8025	0
8026	0
8027	0
8028	0
8029	0
8030	0
8031	0
8032	0
8033	0
8034	0
8035	0
8036	0
8037	1
8038	1
8039	1
8040	0
8041	0
8042	4
8043	1
8044	0
8045	0
8046	1
8047	0
8048	1
8049	0
8050	0
8051	1
8052	2
8053	0
8054	0
8055	0
8056	0
8057	0
8058	1
8059	0
8060	2
8061	0
8062	0
8063	1
8064	0
8065	0
8066	0
8067	0
8068	0
8069	1
8070	1
8071	0
8072	0
8073	1
8074	0
8075	0
8076	0
8077	0
8078	1
8079	0
8080	0
8081	0
8082	1
8083	0
8084	1
8085	0
8086	1
8087	0
8088	0
8089	0
8090	1
8091	2
8092	1
8093	1
8094	0
8095	1
8096	1
8097	1
8098	0
8099	0
8100	2
8101	0
8102	0
8103	1
8104	0
8105	0
8106	0
8107	0
8108	0
8109	0
8110	1
8111	0
8112	1
8113	1
8114	0
8115	0
8116	0
8117	1
8118	0
8119	0
8120	0
8121	0
8122	0
8123	0
8124	0
8125	0
8126	0
8127	0
8128	1
8129	0
8130	0
8131	0
8132	1
8133	0
8134	1
8135	1
8136	0
8137	0
8138	1
8139	0
8140	1
8141	0
8142	0
8143	1
8144	4
8145	0
8146	1
8147	0
8148	0
8149	0
8150	1
8151	0
8152	1
8153	0
8154	0
8155	1
8156	0
8157	0
8158	1
8159	0
8160	0
8161	0
8162	0
8163	0
8164	1
8165	1
8166	0
8167	0
8168	0
8169	0
8170	1
8171	1
8172	0
8173	0
8174	0
8175	0
8176	1
8177	0
8178	0
8179	0
8180	0
8181	0
8182	0
8183	0
8184	0
8185	0
8186	0
8187	0
8188	0
8189	0
8190	0
8191	0
