1422328172.67821  129.52414  15.53235  
1422328335.85558  129.54713  15.62722  
1422328417.88544  129.56054  15.67631  
1422328688.84066  129.60178  15.82837  
1422328789.64712  129.6201   15.88616  
1422328867.3688   129.63139  15.92824  
1422328945.29882  129.64261  15.97539  
1422329025.58742  129.65737  16.02073  
1422329251.03602  129.69054  16.1479   
1422329332.48513  129.70177  16.19388  
1422329419.21775  129.7137   16.24495  
1422329549.9516   129.7336   16.31537  
1422329629.43427  129.75017  16.3591   
1422329725.72036  129.75638  16.41688  
1422329813.35922  129.77525  16.46532  
1422329960.6187   129.79927  16.54689  
1422330040.52597  129.80875  16.59383  
1422330123.1854   129.8221   16.6398   
1422330201.57509  129.83366  16.68642  
1422330281.01073  129.84826  16.72576  
1422330363.93377  129.85835  16.77268  
1422330441.33278  129.87113  16.81765  
1422330525.3533   129.88582  16.86341  
1422330613.70523  129.89447  16.91567  
1422330691.47704  129.90824  16.95877  
1422330779.22597  129.92249  17.0075   
1422330876.22164  129.93823  17.06065  
1422330965.78916  129.94965  17.10832  
1422331193.72977  129.98384  17.23239  
1422331446.37261  130.02023  17.37623  
1422331543.12151  130.03824  17.42816  
1422331627.61803  130.04779  17.47643  
1422331699.62832  130.06072  17.51998  
1422331785.28258  130.0765   17.56297  
1422331890.43202  130.09223  17.6219   
1422332000.9838   130.10825  17.68269  
1422332090.51674  130.11989  17.73075  
1422332176.71618  130.12766  17.77899  
1422332265.12008  130.14592  17.82537  
1422332339.13518  130.15935  17.86665  
1422332449.49547  130.1714   17.92721  
1422332523.77295  130.18342  17.97374  
1422332611.01123  130.20229  18.01486  
1422332688.76918  130.20934  18.0584   
1422332852.9595   130.23438  18.15041  
1422332988.23987  130.25377  18.22054  
1422333085.34039  130.26688  18.27378  
1422333205.27982  130.28819  18.33973  
1422333282.81306  130.2995   18.38037  
1422333375.15466  130.31317  18.43442  
1422333453.10874  130.32146  18.47125  
1422333537.07477  130.33989  18.51905  
1422333617.22297  130.34746  18.56131  
1422333703.53397  130.36107  18.60545  
1422334054.85765  130.41498  18.79687  
1422334135.80173  130.42619  18.84091  
1422334232.17577  130.44231  18.89241  
1422334304.61708  130.45346  18.92693  
1422334391.6984   130.46983  18.97196  
1422334556.33552  130.48724  19.06367  
1422334633.48377  130.50122  19.10576  
1422334742.80239  130.51799  19.16371  
1422335034.29517  130.55639  19.31831  
1422335118.73326  130.57144  19.36527  
1422335206.88146  130.58776  19.4045   
1422335283.04678  130.59326  19.44539  
1422335408.09888  130.61512  19.51617  
1422335488.29377  130.62934  19.55516  
1422335569.99393  130.6392   19.59786  
1422335645.76151  130.64786  19.63876  
1422335741.11017  130.66499  19.68375  
1422335839.64827  130.68176  19.73924  
1422335913.42672  130.68912  19.77574  
1422336094.2003   130.71804  19.87447  
1422336190.88551  130.73268  19.92437  
1422336289.62963  130.748    19.97766  
1422336368.28868  130.75748  20.01408  
1422336615.90445  130.79309  20.14467  
1422336736.90597  130.81058  20.21305  
1422336828.49443  130.81724  20.25226  
1422337089.99057  130.86315  20.38706  
1422337168.41426  130.87505  20.43133  
1422337249.90052  130.88592  20.47515  
1422337346.3088   130.89639  20.52157  
1422337434.36437  130.9114   20.56668  
1422337508.13116  130.92195  20.60668  
1422337605.8905   130.93576  20.65396  
1422337718.37     130.95327  20.71025  
1422337823.94897  130.96904  20.76519  
1422337903.03472  130.97984  20.80846  
1422338072.88252  131.00693  20.89116  
1422338161.00866  131.01874  20.9361   
1422338264.47738  131.03422  20.98702  
1422338344.3345   131.04607  21.03247  
1422338521.87514  131.06975  21.12201  
1422338613.84082  131.08572  21.16592  
1422338692.64775  131.09429  21.20656  
1422338771.07695  131.10486  21.24246  
1422338842.17464  131.11552  21.28516  
1422338992.28183  131.13815  21.3577   
1422339083.83052  131.15491  21.40125  
1422339155.38011  131.16305  21.43824  
1422339246.17563  131.17712  21.48547  
1422339404.12833  131.19847  21.56298  
1422339481.56233  131.21049  21.60091  
1422339568.9615   131.22277  21.64388  
1422339648.62296  131.23568  21.68572  
1422339832.95459  131.26188  21.77385  
1422328188.68397  129.52725  15.54247  
1422328355.99474  129.54996  15.63789  
1422328432.59498  129.5616   15.68121  
1422328615.92515  129.59197  15.78458  
1422328720.92845  129.60824  15.84752  
1422328804.45648  129.62282  15.895    
1422328880.65923  129.6337   15.93489  
1422328967.57542  129.64363  15.98425  
1422329114.84197  129.67138  16.0708   
1422329346.63356  129.70412  16.20333  
1422329439.79678  129.71748  16.25489  
1422329649.09301  129.75321  16.37075  
1422329739.97442  129.76477  16.42198  
1422329830.44827  129.77578  16.47242  
1422329976.89417  129.80258  16.55871  
1422330054.7599   129.81344  16.60041  
1422330141.29756  129.82521  16.64932  
1422330295.29413  129.85153  16.73579  
1422330377.5825   129.86339  16.78429  
1422330456.97992  129.87418  16.82802  
1422330543.74076  129.88883  16.87217  
1422330628.79964  129.89877  16.92223  
1422330705.05666  129.91482  16.96695  
1422330798.41881  129.92774  17.01624  
1422330890.33112  129.93879  17.06758  
1422330983.6416   129.95458  17.11901  
1422331212.48798  129.98626  17.24689  
1422331290.45744  130.00026  17.29297  
1422331465.09117  130.02717  17.39118  
1422331557.6644   130.03912  17.44127  
1422331714.8055   130.0618   17.52506  
1422331799.74656  130.07486  17.57175  
1422331906.17766  130.0909   17.6301   
1422332017.30406  130.11211  17.6915   
1422332108.89411  130.1236   17.74052  
1422332204.64992  130.13846  17.79604  
1422332278.75262  130.14947  17.83429  
1422332354.24097  130.16143  17.87668  
1422332465.60968  130.17215  17.93782  
1422332540.89384  130.18656  17.976    
1422332707.17041  130.2124   18.0686   
1422332784.12479  130.22336  18.10815  
1422332872.84084  130.23768  18.16218  
1422333012.88806  130.25629  18.22955  
1422333137.30704  130.27459  18.30301  
1422333219.3568   130.28772  18.34477  
1422333389.59272  130.31504  18.43988  
1422334246.27213  130.4429   18.89632  
1422334318.58232  130.45884  18.93601  
1422334405.28259  130.46696  18.97855  
1422334573.36625  130.48743  19.07275  
1422334647.97139  130.50338  19.11279  
1422334757.63579  130.51713  19.17223  
1422335048.1278   130.55777  19.32184  
1422335142.01047  130.57714  19.37545  
1422335225.98086  130.59175  19.41538  
1422335299.09481  130.59883  19.45478  
1422335422.8377   130.61844  19.52287  
1422335504.57308  130.63736  19.56581  
1422335663.38493  130.65363  19.64777  
1422335754.93072  130.66422  19.69495  
1422335857.57732  130.68269  19.75     
1422335945.15238  130.69296  19.79434  
1422336109.15014  130.72185  19.8812   
1422336305.71444  130.74734  19.98376  
1422336385.52024  130.75744  20.02895  
1422336470.71025  130.7704   20.0677   
1422336631.30953  130.79102  20.15267  
1422336930.95307  130.83216  20.31024  
1422337011.07684  130.85087  20.34845  
1422337104.50433  130.86162  20.39767  
1422337183.87543  130.87703  20.44188  
1422337267.05814  130.88465  20.48347  
1422337361.13727  130.89806  20.52897  
1422337448.37818  130.91167  20.57401  
1422337522.06711  130.92772  20.61065  
1422337757.90254  130.95791  20.72896  
1422337838.78333  130.97001  20.77386  
1422338006.10491  131.0034   20.85672  
1422338088.31962  131.01313  20.90058  
1422338177.05922  131.02005  20.94296  
1422338283.64259  131.03697  20.99976  
1422338359.84138  131.05081  21.0395   
1422338444.64336  131.05844  21.07822  
1422338540.47012  131.07212  21.12374  
1422338631.24873  131.08843  21.17278  
1422338707.30433  131.09476  21.2147   
1422338785.05358  131.11042  21.25276  
1422339008.8239   131.14226  21.36575  
1422339097.45608  131.15598  21.40965  
1422339172.34717  131.16568  21.44597  
1422339261.13045  131.18147  21.49137  
1422339420.08485  131.20322  21.57242  
1422339495.54353  131.21313  21.60964  
1422339583.0074   131.22515  21.65303  
1422339678.47515  131.23807  21.7006   
1422339847.25201  131.26107  21.7838   
1422328204.32504  129.52855  15.55126  
1422328372.13096  129.55301  15.64842  
1422328447.7596   129.56512  15.68939  
1422328539.5679   129.58026  15.73848  
1422328630.1327   129.59359  15.79279  
1422328735.46026  129.60903  15.85498  
1422328818.55131  129.62458  15.90115  
1422328894.6697   129.63485  15.94585  
1422328982.50701  129.64659  15.99646  
1422329148.57009  129.67419  16.0933   
1422329362.05447  129.70476  16.21258  
1422329669.22981  129.75459  16.38322  
1422329765.11993  129.76878  16.44249  
1422329844.06415  129.78159  16.48057  
1422329991.08887  129.80392  16.56393  
1422330075.28123  129.81639  16.61225  
1422330155.05913  129.82388  16.65592  
1422330233.69961  129.84064  16.70319  
1422330309.76166  129.85043  16.74712  
1422330395.34511  129.86314  16.79378  
1422330474.51368  129.87655  16.8381   
1422330559.9449   129.89169  16.8855   
1422330643.58907  129.90397  16.93104  
1422330724.74004  129.91433  16.97527  
1422330817.28122  129.92762  17.03073  
1422330922.94972  129.94501  17.08759  
1422331014.20847  129.95886  17.1406   
1422331115.90185  129.9725   17.1961   
1422331230.28671  129.98862  17.25503  
1422331479.27617  130.03083  17.39646  
1422331571.43867  130.04194  17.44638  
1422331739.1656   130.06658  17.53621  
1422331816.6002   130.0782   17.58103  
1422331930.12469  130.09618  17.64182  
1422332032.80664  130.11377  17.70139  
1422332122.97707  130.12724  17.75051  
1422332219.2135   130.13699  17.80421  
1422332292.8376   130.14987  17.84463  
1422332371.26722  130.16297  17.88808  
1422332479.91307  130.17588  17.94209  
1422332556.96329  130.19166  17.98753  
1422332641.31698  130.20412  18.03539  
1422332721.84684  130.2164   18.0733   
1422332799.36906  130.22724  18.11889  
1422332902.4961   130.24233  18.17414  
1422333027.67341  130.26014  18.24036  
1422333150.63881  130.27871  18.30722  
1422333236.23423  130.29015  18.35608  
1422333312.88493  130.3053   18.39727  
1422333405.9714   130.31459  18.44868  
1422333570.58056  130.33803  18.53489  
1422333732.81105  130.36681  18.62209  
1422333914.84192  130.39224  18.72099  
1422334005.46172  130.40437  18.77208  
1422334084.56271  130.41734  18.81358  
1422334166.21111  130.43409  18.85709  
1422334260.99626  130.44909  18.90531  
1422334332.25404  130.4574   18.94387  
1422334511.68209  130.48363  19.041    
1422334590.65367  130.49173  19.08099  
1422334665.77981  130.5062   19.12081  
1422334787.30912  130.52247  19.18464  
1422335069.96172  130.56055  19.33706  
1422335239.67451  130.59092  19.42405  
1422335330.20307  130.6026   19.47583  
1422335526.39036  130.6394   19.57155  
1422335602.70431  130.6473   19.61198  
1422336399.71298  130.75833  20.03536  
1422336497.92386  130.77199  20.083    
1422336666.66388  130.80142  20.1731   
1422337026.15832  130.84968  20.35777  
1422337120.75857  130.86855  20.40709  
1422337199.36642  130.8822   20.44447  
1422337282.02415  130.89284  20.49035  
1422337386.17085  130.90677  20.53923  
1422337463.80998  130.91687  20.58357  
1422337536.63323  130.92901  20.61935  
1422337776.29818  130.96387  20.74223  
1422337857.83523  130.96764  20.7862   
1422338025.44079  131.00183  20.86911  
1422338106.50866  131.01371  20.90399  
1422338197.59456  131.02235  20.95387  
1422338298.73922  131.03758  21.0085   
1422338477.27798  131.06603  21.09825  
1422338556.50243  131.07507  21.13787  
1422338646.00219  131.08518  21.18077  
1422338722.56915  131.09936  21.22004  
1422338799.80659  131.1117   21.25947  
1422338871.90785  131.11956  21.30118  
1422338945.31483  131.12886  21.32813  
1422339023.02998  131.14358  21.37118  
1422339111.29151  131.15728  21.41637  
1422339197.30298  131.17097  21.45929  
1422339275.93004  131.18248  21.5017   
1422339434.75781  131.20396  21.57709  
1422339600.1269   131.22678  21.66053  
1422339699.22368  131.24424  21.71134  
1422328219.59551  129.53223  15.56226  
1422328302.79001  129.54599  15.60255  
1422328386.24635  129.55327  15.65503  
1422328463.23193  129.56666  15.69886  
1422328553.67039  129.5807   15.75259  
1422328659.82668  129.59357  15.8147   
1422328832.49414  129.6228   15.90969  
1422328912.53783  129.63483  15.95726  
1422328996.78818  129.65158  16.00305  
1422329207.80307  129.68589  16.12301  
1422329300.79962  129.6975   16.17346  
1422329377.29712  129.70402  16.22192  
1422329521.41359  129.72755  16.30064  
1422329684.50949  129.75422  16.39169  
1422329784.62606  129.76799  16.4493   
1422329859.68088  129.78395  16.48998  
1422330006.33707  129.80302  16.57502  
1422330091.27583  129.81982  16.62252  
1422330169.23598  129.82713  16.66665  
1422330250.22842  129.84292  16.71115  
1422330324.27366  129.85243  16.75521  
1422330493.80864  129.88251  16.84669  
1422330582.70192  129.89003  16.90109  
1422330659.2789   129.90183  16.94142  
1422330743.81764  129.9172   16.98782  
1422330836.12198  129.92925  17.03808  
1422330937.26549  129.94604  17.09595  
1422331048.11544  129.96434  17.15547  
1422331130.66386  129.97433  17.20029  
1422331246.22173  129.99363  17.26662  
1422331412.26375  130.01596  17.35914  
1422331512.45558  130.03329  17.41227  
1422331672.26347  130.0603   17.50396  
1422331754.40016  130.07035  17.549    
1422331831.1115   130.08169  17.58995  
1422331946.0293   130.09713  17.65146  
1422332061.38926  130.11644  17.71318  
1422332136.52318  130.12741  17.7578   
1422332234.98877  130.14273  17.81251  
1422332494.89858  130.17672  17.95244  
1422332573.36313  130.19334  17.995    
1422332659.58074  130.20674  18.04295  
1422332736.59299  130.21464  18.08535  
1422332817.11268  130.22883  18.1296   
1422332930.61447  130.24301  18.19052  
1422333042.44362  130.25844  18.25126  
1422333169.25824  130.27998  18.31829  
1422333250.70253  130.29269  18.36705  
1422333342.47213  130.30746  18.41637  
1422333424.59684  130.31979  18.45772  
1422334190.50852  130.43663  18.87141  
1422334274.94258  130.45514  18.91612  
1422334357.94717  130.46488  18.95451  
1422334525.48841  130.48663  19.04263  
1422334604.34994  130.49499  19.08946  
1422334712.68409  130.51024  19.14671  
1422334999.45499  130.55361  19.29977  
1422335083.70002  130.56582  19.34724  
1422335172.67205  130.58413  19.3899   
1422335254.30377  130.58867  19.43115  
1422335346.14401  130.60208  19.48169  
1422335456.93756  130.62389  19.54249  
1422335541.79211  130.63725  19.57747  
1422335617.86958  130.64698  19.62311  
1422335700.80748  130.65672  19.66686  
1422335804.22695  130.67491  19.72222  
1422335885.20459  130.68639  19.76415  
1422335972.97229  130.70273  19.80907  
1422336144.76332  130.7239   19.89952  
1422336333.16352  130.75376  19.99897  
1422336420.66452  130.76293  20.04572  
1422336518.32454  130.77643  20.09633  
1422336695.77013  130.80362  20.1868   
1422336960.83871  130.83579  20.32581  
1422337043.65454  130.85363  20.36599  
1422337137.19565  130.86875  20.41305  
1422337216.31569  130.87913  20.45706  
1422337301.74022  130.88587  20.49943  
1422337401.50652  130.90532  20.5514   
1422337478.50067  130.91901  20.59442  
1422337556.4739   130.93026  20.62856  
1422337793.58343  130.9664   20.74763  
1422337874.12232  130.97665  20.79366  
1422338041.39641  131.00228  20.87746  
1422338129.45441  131.0134   20.91963  
1422338223.95263  131.02616  20.96757  
1422338312.99011  131.04238  21.01587  
1422338491.37369  131.07098  21.10465  
1422338573.47352  131.07702  21.14604  
1422338660.19732  131.08663  21.18711  
1422338739.65061  131.10256  21.23092  
1422338814.79908  131.11514  21.27019  
1422338885.57937  131.12191  21.30638  
1422339125.71247  131.15914  21.4233   
1422339214.59546  131.1728   21.47072  
1422339373.26122  131.19452  21.5432   
1422339451.14893  131.2073   21.58697  
1422339536.78547  131.21944  21.63048  
1422339618.31664  131.23201  21.67043  
1422339717.6808   131.24687  21.71761  
1422339896.29165  131.26786  21.80553  
1422328317.92729  129.54482  15.615    
1422328399.82274  129.55744  15.66189  
1422328477.22795  129.57218  15.70566  
1422328575.16034  129.58574  15.765    
1422328675.41266  129.60144  15.82397  
1422328771.10605  129.61882  15.87509  
1422328851.50651  129.62981  15.91631  
1422329010.73292  129.65092  16.01167  
1422329225.0924   129.6871   16.13541  
1422329318.06881  129.69878  16.18791  
1422329535.58723  129.73351  16.30615  
1422329698.43307  129.75797  16.40008  
1422329799.66194  129.77343  16.46249  
1422329941.95965  129.79807  16.53739  
1422330025.00216  129.80828  16.58302  
1422330108.07306  129.81998  16.63151  
1422330187.04682  129.83069  16.67646  
1422330264.34236  129.84452  16.71898  
1422330426.62846  129.86736  16.80967  
1422330507.10204  129.88496  16.85316  
1422330598.256    129.89554  16.90637  
1422330672.8776   129.90612  16.94585  
1422330765.14926  129.92386  16.99706  
1422330855.24597  129.93493  17.04797  
1422331172.51603  129.98515  17.22346  
1422331262.16597  129.99214  17.2737   
1422331430.68955  130.02385  17.36682  
1422331528.77217  130.03615  17.42162  
1422331686.20726  130.05728  17.51152  
1422331770.85892  130.07285  17.5554   
1422331853.07436  130.08329  17.60032  
1422331961.57408  130.09943  17.66     
1422332250.81654  130.14465  17.81917  
1422332323.70596  130.15649  17.86094  
1422332509.76041  130.18285  17.96045  
1422332591.90216  130.19781  18.00664  
1422332674.09489  130.2082   18.0513   
1422332752.03325  130.2217   18.09274  
1422332837.88612  130.23226  18.14172  
1422333061.18101  130.26225  18.26101  
1422333185.0205   130.28366  18.32912  
1422333267.24967  130.29517  18.37406  
1422333361.3953   130.31139  18.42549  
1422333438.01436  130.31926  18.46439  
1422333602.26797  130.34858  18.54888  
1422333688.29442  130.36012  18.59794  
1422333867.10502  130.38835  18.69591  
1422333945.98715  130.39563  18.73895  
1422334040.29896  130.41024  18.79027  
1422334119.02796  130.4262   18.83167  
1422334207.67754  130.44009  18.87839  
1422334290.35098  130.45235  18.92071  
1422334375.76371  130.46494  18.96547  
1422334618.51837  130.49527  19.09907  
1422334727.86907  130.51536  19.15622  
1422335014.66989  130.55433  19.30764  
1422335098.93917  130.56664  19.35492  
1422335190.06287  130.58477  19.39659  
1422335269.3146   130.59012  19.43926  
1422335389.8009   130.61267  19.50275  
1422335472.07644  130.62595  19.54705  
1422335716.66112  130.65838  19.67396  
1422335819.47705  130.67751  19.72985  
1422336075.13372  130.71639  19.86373  
1422336175.21272  130.73433  19.91376  
1422336274.09262  130.74241  19.96672  
1422336347.37942  130.75531  20.0076   
1422336435.69375  130.76262  20.05101  
1422336532.46296  130.77685  20.09944  
1422336721.51876  130.80619  20.20008  
1422336813.80445  130.82036  20.24499  
1422336895.8102   130.83169  20.28931  
1422336977.1637   130.84006  20.32869  
1422337066.93651  130.85776  20.37719  
1422337235.58286  130.88568  20.46554  
1422337315.60622  130.89225  20.50986  
1422337417.61324  130.90682  20.55953  
1422337493.76815  130.92313  20.59852  
1422337571.70489  130.93159  20.63162  
1422337703.85459  130.95204  20.70364  
1422337888.01962  130.98035  20.79937  
1422338056.74746  131.00645  20.88266  
1422338144.32168  131.01819  20.92681  
1422338327.82456  131.04203  21.02321  
1422338506.0465   131.07054  21.11358  
1422338587.28833  131.08029  21.15468  
1422338677.69688  131.09148  21.19876  
1422338755.26456  131.10121  21.2383   
1422338828.42148  131.11704  21.27749  
1422338976.62935  131.13355  21.34432  
1422339068.60053  131.14944  21.3932   
1422339139.74184  131.16274  21.42895  
1422339230.55755  131.17708  21.47566  
1422339387.33122  131.19652  21.55286  
1422339465.99458  131.21013  21.59458  
1422339551.56322  131.21785  21.63535  
1422339634.40977  131.23335  21.6776   
1422339733.19868  131.25042  21.73051  
1422339816.25389  131.25965  21.76629  
1422339919.47663  131.27487  21.82004  
